1 2 truck 0 0 -1.919613 1194.179669 461.227721 1316.716012 527.798750 2.00 2.05 5.75 14.73 1.03 42.88 -1.585800 1
1 21 car 0 0 -1.610955 832.639201 457.066502 863.621499 489.385615 2.12 2.10 5.26 2.27 -0.26 89.09 -1.585800 1
1 22 car 0 0 -1.666422 890.356269 470.657998 946.821767 517.886591 1.63 1.98 4.58 3.92 0.88 49.17 -1.585800 1
1 12 car 0 0 -2.123135 1541.627507 480.034482 1600.000000 620.334586 1.47 1.61 4.45 11.78 1.40 16.81 -1.585800 1
1 24 car 0 0 -1.696279 928.544150 461.832128 984.959399 489.060837 1.80 1.85 4.61 9.97 -0.26 89.65 -1.585800 0
1 26 car 0 0 -1.645271 873.182066 458.906747 910.158447 492.013796 1.79 2.08 4.58 4.41 -0.07 74.00 -1.585800 1
2 2 truck 0 0 -2.039355 1317.324581 455.998112 1523.347132 552.074829 2.00 2.05 5.75 14.29 1.19 30.45 -1.594284 1
2 21 car 0 0 -1.610637 821.163134 454.875911 852.792590 487.740013 2.12 2.10 5.26 1.47 -0.37 87.80 -1.594284 1
2 22 car 0 0 -1.667362 880.233903 467.615119 937.725093 515.529745 1.63 1.98 4.58 3.50 0.77 48.51 -1.594284 1
2 24 car 0 0 -1.700615 921.036989 459.887725 981.834718 489.151119 1.80 1.85 4.61 8.90 -0.24 83.09 -1.594284 0
2 26 car 0 0 -1.647105 863.687219 457.693654 902.757577 492.673357 1.79 2.08 4.58 3.72 -0.04 70.43 -1.594284 1
3 27 motorcycle 0 0 -1.515910 696.877904 455.107749 732.570629 493.812880 1.62 0.70 2.07 -4.40 0.06 54.74 -1.595920 0
3 21 car 0 0 -1.611245 819.726085 455.427132 851.625734 488.464877 2.12 2.10 5.26 1.36 -0.31 86.46 -1.595920 1
3 22 car 0 0 -1.669237 880.331381 466.212393 938.236400 514.039331 1.63 1.98 4.58 3.46 0.72 47.79 -1.595920 1
3 24 car 0 0 -1.708880 927.306088 459.155829 992.559689 491.085086 1.80 1.85 4.61 8.72 -0.12 76.59 -1.595920 0
3 26 car 0 0 -1.649922 865.414553 455.760172 904.030992 490.069915 1.79 2.08 4.58 3.81 -0.17 70.56 -1.595920 1
4 27 motorcycle 0 0 -1.498523 671.852422 452.130314 710.512284 495.304221 1.62 0.70 2.07 -4.86 0.10 49.14 -1.596974 0
4 29 car 0 0 -1.769035 1014.330323 457.926515 1058.359009 485.404100 1.59 1.96 4.75 13.65 -0.46 78.81 -1.596974 1
4 21 car 0 0 -1.611985 819.214280 452.123822 851.343708 485.339477 2.12 2.10 5.26 1.32 -0.51 85.52 -1.596974 1
4 22 car 0 0 -1.666196 875.198702 462.223496 932.942749 509.828981 1.63 1.98 4.58 3.25 0.56 47.68 -1.596974 1
4 24 car 0 0 -1.716964 933.471199 457.074007 1004.445968 491.906526 1.80 1.85 4.61 8.49 -0.07 70.14 -1.596974 0
4 26 car 0 0 -1.651180 865.897573 452.474699 904.066082 486.179550 1.79 2.08 4.58 3.87 -0.38 71.43 -1.596974 1
5 27 motorcycle 0 0 -1.478823 643.736702 449.508062 685.910201 498.122140 1.62 0.70 2.07 -5.24 0.18 43.68 -1.597842 0
5 29 car 0 0 -1.792293 1038.751672 456.990786 1092.598037 489.500718 1.59 1.96 4.75 13.14 -0.20 66.97 -1.597842 1
5 21 car 0 0 -1.614585 821.270303 449.127723 853.674371 482.536788 2.12 2.10 5.26 1.45 -0.69 84.71 -1.597842 1
5 22 car 0 0 -1.666722 874.824450 458.313576 932.448102 505.657444 1.63 1.98 4.58 3.23 0.41 47.64 -1.597842 1
5 24 car 0 0 -1.728232 943.548232 454.740454 1021.127093 493.037332 1.80 1.85 4.61 8.40 -0.02 63.80 -1.597842 0
5 26 car 0 0 -1.654750 869.588606 449.464492 907.239848 482.558102 1.79 2.08 4.58 4.12 -0.59 72.41 -1.597842 1
6 27 motorcycle 0 0 -1.449281 607.541683 448.166153 646.823784 503.672541 1.62 0.70 2.07 -5.73 0.32 38.27 -1.597493 0
6 29 car 0 0 -1.831255 1082.933280 464.424408 1152.708800 504.427860 1.59 1.96 4.75 13.16 0.45 55.54 -1.597493 1
6 21 car 0 0 -1.614272 821.055059 452.603597 853.981856 486.402109 2.12 2.10 5.26 1.44 -0.43 83.99 -1.597493 1
6 22 car 0 0 -1.666095 874.417696 462.095503 932.147269 509.427408 1.63 1.98 4.58 3.23 0.55 47.85 -1.597493 1
6 30 car 0 0 -2.078853 1435.634737 447.361694 1519.904205 476.057784 1.55 1.91 4.54 36.97 -0.90 70.77 -1.597493 0
6 24 car 0 0 -1.738414 953.112698 460.003346 1038.734226 502.369687 1.80 1.85 4.61 8.21 0.39 57.56 -1.597493 0
6 26 car 0 0 -1.655307 870.905762 453.415066 908.226291 486.145125 1.79 2.08 4.58 4.25 -0.39 73.50 -1.597493 1
7 31 pedestrian 0 0 -1.998238 1343.330704 453.691693 1372.744603 499.388461 1.74 0.79 0.78 20.95 0.28 48.99 -1.594000 0
7 32 car 0 0 -1.804647 1057.082135 453.807428 1117.020665 493.746545 1.65 1.79 4.88 12.14 -0.01 57.07 -1.594000 1
7 27 motorcycle 0 0 -1.416354 571.973986 433.762709 605.819317 497.928072 1.62 0.70 2.07 -5.94 0.12 33.04 -1.594000 0
7 29 car 0 0 -1.882441 1146.052526 457.201122 1238.014390 506.002696 1.59 1.96 4.75 13.50 0.39 45.81 -1.594000 1
7 21 car 0 0 -1.615520 826.799767 443.362129 860.250321 477.539604 2.12 2.10 5.26 1.81 -1.00 82.57 -1.594000 1
7 22 car 0 0 -1.666936 880.114044 452.440004 937.482018 499.049421 1.63 1.98 4.58 3.47 0.17 48.17 -1.594000 1
7 30 car 0 0 -2.116395 1499.255994 439.934142 1591.548204 471.440596 1.55 1.91 4.54 37.15 -1.06 64.52 -1.594000 0
7 24 car 0 0 -1.752584 971.304243 450.208572 1066.297542 497.681899 1.80 1.85 4.61 8.27 0.14 51.40 -1.594000 0
7 26 car 0 0 -1.655709 876.183265 444.156667 912.849096 476.132168 1.79 2.08 4.58 4.62 -0.98 74.68 -1.594000 1
8 31 pedestrian 0 0 -2.052628 1425.967792 470.738450 1462.594401 524.284733 1.74 0.79 0.78 20.97 1.06 42.30 -1.592267 0
8 32 car 0 0 -1.861717 1121.186350 466.173553 1210.829432 520.368483 1.65 1.79 4.88 12.02 0.84 43.86 -1.592267 1
8 27 motorcycle 0 0 -1.374824 518.648846 427.108313 554.290520 504.196900 1.62 0.70 2.07 -6.13 0.22 27.83 -1.592267 0
8 29 car 0 0 -1.959699 1237.633765 469.021201 1369.817535 533.789196 1.59 1.96 4.75 13.76 1.02 36.09 -1.592267 1
8 21 car 0 0 -1.616823 830.160795 448.257750 864.581083 483.218527 2.12 2.10 5.26 2.03 -0.64 81.66 -1.592267 1
8 22 car 0 0 -1.669039 884.755523 458.265200 942.610348 505.300197 1.63 1.98 4.58 3.68 0.40 48.50 -1.592267 1
8 30 car 0 0 -2.138917 1573.777026 461.308302 1600.000000 497.161465 1.55 1.91 4.54 37.25 0.21 58.33 -1.592267 0
8 24 car 0 0 -1.771664 992.214494 457.736640 1099.639829 512.228756 1.80 1.85 4.61 8.26 0.63 45.25 -1.592267 0
8 26 car 0 0 -1.657196 880.311481 450.215466 916.907537 482.135179 1.79 2.08 4.58 4.94 -0.65 75.87 -1.592267 1
9 31 pedestrian 0 0 -2.121372 1527.806659 472.782639 1573.681585 536.120035 1.74 0.79 0.78 20.76 1.23 35.82 -1.595815 0
9 32 car 0 0 -1.944752 1206.773895 467.299684 1347.267222 544.865008 1.65 1.79 4.88 11.25 1.11 31.31 -1.595815 1
9 27 motorcycle 0 0 -1.318466 427.026156 414.751508 484.445550 510.117148 1.62 0.70 2.07 -6.44 0.28 22.71 -1.595815 0
9 29 car 0 0 -2.089942 1396.974885 472.244894 1600.000000 571.450582 1.59 1.96 4.75 13.27 1.29 24.43 -1.595815 1
9 21 car 0 0 -1.618080 827.097648 447.463962 861.837841 482.618082 2.12 2.10 5.26 1.83 -0.66 80.86 -1.595815 1
9 22 car 0 0 -1.668216 879.072177 459.016685 937.162100 505.784679 1.63 1.98 4.58 3.47 0.42 48.64 -1.595815 1
9 33 car 0 0 -1.772065 1017.000972 454.625216 1066.624885 487.879167 1.73 1.96 4.75 12.58 -0.30 70.93 -1.595815 1
9 24 car 0 0 -1.797286 1014.105958 457.562605 1135.739065 520.819289 1.80 1.85 4.61 8.08 0.78 39.26 -1.595815 0
9 34 pedestrian 0 0 -1.502284 688.951738 450.501884 705.990738 488.450385 1.67 0.65 0.73 -5.32 -0.16 56.77 -1.595815 0
9 26 car 0 0 -1.658514 877.816205 449.823926 913.732413 481.025243 1.79 2.08 4.58 4.86 -0.72 77.20 -1.595815 1
10 32 car 0 0 -2.103353 1442.553027 497.924857 1600.000000 649.359408 1.65 1.79 4.88 10.91 1.84 17.92 -1.595383 1
10 27 motorcycle 0 0 -1.239671 296.831092 412.598361 394.715909 537.799420 1.62 0.70 2.07 -6.52 0.57 17.67 -1.595383 0
10 21 car 0 0 -1.621816 831.917862 464.001065 867.581803 500.073034 2.12 2.10 5.26 2.14 0.43 80.09 -1.595383 1
10 22 car 0 0 -1.669792 881.113826 476.126084 940.233143 523.691172 1.63 1.98 4.58 3.58 1.09 48.79 -1.595383 1
10 35 car 0 0 -1.890129 1149.666147 487.595694 1251.806708 546.123970 1.54 1.96 4.75 11.80 1.50 39.20 -1.595383 1
10 33 car 0 0 -1.810791 1060.442463 476.752361 1126.282843 519.369990 1.73 1.96 4.75 12.50 1.12 57.44 -1.595383 1
10 24 car 0 0 -1.833828 1053.481535 476.519203 1194.707668 553.199706 1.80 1.85 4.61 8.15 1.48 33.25 -1.595383 0
10 34 pedestrian 0 0 -1.491823 674.430214 466.497147 694.862570 509.736671 1.67 0.65 0.73 -5.21 0.70 50.15 -1.595383 0
10 26 car 0 0 -1.662071 882.960702 465.676100 918.732451 496.849951 1.79 2.08 4.58 5.26 0.24 78.53 -1.595383 1
11 27 motorcycle 0 0 -1.095894 40.198920 486.624616 217.242641 664.623517 1.62 0.70 2.07 -6.78 1.59 12.62 -1.593275 0
11 21 car 0 0 -1.622474 835.767034 503.688104 870.743706 539.105100 2.12 2.10 5.26 2.34 2.90 79.40 -1.593275 1
11 22 car 0 0 -1.668335 882.440210 513.315794 940.566024 558.896279 1.63 1.98 4.58 3.63 2.50 49.02 -1.593275 1
11 35 car 0 0 -2.004459 1281.072828 514.096883 1455.877580 594.151046 1.54 1.96 4.75 11.91 2.07 27.70 -1.593275 1
11 33 car 0 0 -1.867128 1125.675014 505.672848 1218.357355 559.102491 1.73 1.96 4.75 12.28 2.24 44.03 -1.593275 1
11 24 car 0 0 -1.880049 1107.962105 504.480433 1271.512302 597.557991 1.80 1.85 4.61 8.14 2.10 27.32 -1.593275 0
11 34 pedestrian 0 0 -1.474407 653.685235 518.037026 676.349079 567.511588 1.67 0.65 0.73 -5.20 2.59 43.60 -1.593275 0
11 26 car 0 0 -1.662296 886.681741 501.284530 920.949133 530.864198 1.79 2.08 4.58 5.55 2.42 79.95 -1.593275 1
11 38 pedestrian 0 0 -1.458540 632.654470 519.658262 656.538204 568.896661 1.67 0.65 0.66 -5.93 2.65 43.74 -1.593275 0
12 21 car 0 0 -1.619361 823.099505 456.264519 859.272028 492.869350 2.12 2.10 5.26 1.57 -0.03 78.67 -1.599687 1
12 39 car 0 0 -1.708265 934.129479 458.909207 974.500595 488.511979 1.56 1.98 4.58 7.86 -0.26 72.41 -1.599687 1
12 22 car 0 0 -1.664494 870.136415 463.396585 926.772810 508.216883 1.63 1.98 4.58 3.24 0.54 50.76 -1.599687 1
12 35 car 0 0 -2.150743 1589.112115 442.242266 1600.000000 607.356490 1.54 1.96 4.75 11.30 1.03 14.69 -1.599687 1
12 33 car 0 0 -1.964246 1221.885486 443.930578 1377.219834 524.340109 1.73 1.96 4.75 11.57 0.64 30.70 -1.599687 1
12 24 car 0 0 -1.943632 1170.897456 440.689413 1368.851163 563.401759 1.80 1.85 4.61 7.78 1.00 21.45 -1.599687 0
12 34 pedestrian 0 0 -1.445573 604.195810 478.216715 634.873870 537.193734 1.67 0.65 0.73 -5.75 1.30 37.01 -1.599687 0
12 38 pedestrian 0 0 -1.427564 580.895232 480.958026 611.322746 539.472663 1.67 0.65 0.66 -6.47 1.38 37.27 -1.599687 0
13 21 car 0 0 -1.619799 812.178618 450.338328 848.624011 486.551447 2.12 2.10 5.26 0.91 -0.39 78.23 -1.608639 1
13 39 car 0 0 -1.716756 931.820214 457.597718 975.628728 489.281039 1.56 1.98 4.58 7.21 -0.20 66.79 -1.608639 1
13 22 car 0 0 -1.665118 861.053319 459.097013 914.685748 501.522815 1.63 1.98 4.58 2.92 0.31 52.53 -1.608639 1
13 33 car 0 0 -2.124414 1468.564035 442.373696 1600.000000 591.082307 1.73 1.96 4.75 11.15 1.09 17.38 -1.608639 1
13 24 car 0 0 -2.054246 1300.610183 440.270477 1541.728321 614.025133 1.80 1.85 4.61 7.58 1.20 15.59 -1.608639 0
13 34 pedestrian 0 0 -1.408530 539.954214 472.781374 578.861555 544.006101 1.67 0.65 0.73 -6.17 1.24 30.45 -1.608639 0
13 38 pedestrian 0 0 -1.388714 514.740936 473.832363 551.602979 544.284575 1.67 0.65 0.66 -6.87 1.26 30.76 -1.608639 0
14 21 car 0 0 -1.621591 816.667441 444.111801 854.197331 480.348521 2.12 2.10 5.26 1.21 -0.76 77.67 -1.606459 1
14 39 car 0 0 -1.727934 946.376067 454.398535 995.358040 488.961799 1.56 1.98 4.58 7.40 -0.21 61.00 -1.606459 1
14 22 car 0 0 -1.667073 867.366285 455.165456 918.881607 495.966089 1.63 1.98 4.58 3.24 0.09 54.17 -1.606459 1
14 34 pedestrian 0 0 -1.353165 464.346417 453.685385 512.553783 544.211561 1.67 0.65 0.73 -6.19 0.96 23.93 -1.606459 0
14 38 pedestrian 0 0 -1.330118 433.816217 455.826976 480.413708 545.079629 1.67 0.65 0.66 -6.87 1.00 24.25 -1.606459 0
15 21 car 0 0 -1.621716 823.670467 451.844543 862.574499 488.402396 2.12 2.10 5.26 1.66 -0.25 76.44 -1.600514 1
15 39 car 0 0 -1.739307 965.570841 464.208281 1020.777449 501.939124 1.56 1.98 4.58 7.67 0.38 55.24 -1.600514 1
15 22 car 0 0 -1.668017 877.239815 463.779862 926.527911 502.445254 1.63 1.98 4.58 3.74 0.41 56.06 -1.600514 1
15 40 car 0 0 -1.754253 993.848366 459.880482 1031.178210 487.931597 1.53 1.86 4.40 11.06 -0.25 71.58 -1.600514 1
15 34 pedestrian 0 0 -1.260347 333.231375 460.284906 402.871449 584.460511 1.67 0.65 0.73 -6.17 1.24 17.47 -1.600514 0
15 38 pedestrian 0 0 -1.229445 289.005984 466.038924 358.019171 588.733908 1.67 0.65 0.66 -6.87 1.32 17.67 -1.600514 0
16 21 car 0 0 -1.623577 825.077582 446.732561 865.066377 484.535367 2.12 2.10 5.26 1.76 -0.49 75.55 -1.600836 1
16 39 car 0 0 -1.753490 978.863656 462.549446 1043.347960 505.997929 1.56 1.98 4.58 7.55 0.46 49.48 -1.600836 1
16 22 car 0 0 -1.669096 878.667476 458.761608 927.026619 496.921240 1.63 1.98 4.58 3.91 0.16 57.91 -1.600836 1
16 40 car 0 0 -1.785266 1029.544519 461.509071 1075.488478 496.739164 1.53 1.86 4.40 10.96 0.16 58.96 -1.600836 1
16 34 pedestrian 0 0 -1.073386 12.780706 428.856293 144.383932 633.955311 1.67 0.65 0.73 -6.28 1.16 10.81 -1.600836 0
16 38 pedestrian 0 0 -1.049241 0.000000 429.400219 74.076595 630.254174 1.67 0.65 0.66 -6.99 1.15 11.00 -1.600836 0
17 21 car 0 0 -1.627827 825.527906 439.685997 866.149247 478.254257 2.12 2.10 5.26 1.79 -0.86 74.73 -1.604480 1
17 39 car 0 0 -1.773571 994.131209 458.984836 1070.810242 508.965791 1.56 1.98 4.58 7.40 0.47 43.79 -1.604480 1
17 22 car 0 0 -1.672391 878.926807 451.163673 925.878267 488.455595 1.63 1.98 4.58 4.03 -0.24 59.82 -1.604480 1
17 40 car 0 0 -1.830486 1071.800832 460.936540 1143.116695 506.183593 1.53 1.86 4.40 10.78 0.43 47.17 -1.604480 1
18 21 car 0 0 -1.627432 818.710113 445.472749 859.632771 484.416659 2.12 2.10 5.26 1.38 -0.49 73.87 -1.609348 1
18 39 car 0 0 -1.793913 1006.455536 466.437210 1098.931913 524.118467 1.56 1.98 4.58 7.03 0.84 38.09 -1.609348 1
18 22 car 0 0 -1.670962 871.811200 456.168947 916.978002 492.182897 1.63 1.98 4.58 3.76 -0.05 61.70 -1.609348 1
18 40 car 0 0 -1.902055 1139.596973 468.559154 1256.239740 529.567261 1.53 1.86 4.40 10.61 0.92 35.55 -1.609348 1
19 41 car 0 0 -1.799062 1011.828391 466.437956 1096.946738 523.331081 1.61 1.85 4.46 7.35 0.87 39.50 -1.613205 1
19 21 car 0 0 -1.629612 816.756207 449.520022 857.336792 489.015442 2.12 2.10 5.26 1.24 -0.21 72.91 -1.613205 1
19 43 car 0 0 -2.152241 1547.471101 480.511435 1600.000000 532.156686 1.61 1.85 4.46 28.39 1.31 44.35 -1.613205 0
19 39 car 0 0 -1.824119 1029.540975 471.624788 1145.268932 540.293990 1.56 1.98 4.58 6.81 1.09 32.32 -1.613205 1
19 22 car 0 0 -1.673358 870.142557 458.793659 914.932913 494.844715 1.63 1.98 4.58 3.67 0.09 61.67 -1.613205 1
19 40 car 0 0 -2.044577 1290.183729 476.525626 1508.170403 574.828328 1.53 1.86 4.40 10.38 1.30 22.97 -1.613205 1
20 41 car 0 0 -1.827128 1033.655896 475.153779 1139.107210 543.801229 1.61 1.85 4.46 7.08 1.23 33.64 -1.616987 1
20 21 car 0 0 -1.632622 815.703881 453.613829 856.434553 494.212212 2.12 2.10 5.26 1.17 0.07 71.98 -1.616987 1
20 39 car 0 0 -1.867034 1063.334564 480.259387 1216.065750 567.136330 1.56 1.98 4.58 6.65 1.38 26.59 -1.616987 1
20 22 car 0 0 -1.676479 869.259165 462.333646 914.135329 499.018718 1.63 1.98 4.58 3.63 0.28 61.69 -1.616987 1
20 44 car 0 0 -1.876886 1093.550434 481.555563 1212.498449 527.660879 1.64 2.08 4.47 13.78 1.33 52.07 -1.616987 1
21 41 car 0 0 -1.867767 1081.602861 488.137139 1197.748900 570.351247 1.61 1.85 4.46 7.21 1.60 28.63 -1.617738 1
21 21 car 0 0 -1.633472 815.242711 464.976095 857.147574 506.150696 2.12 2.10 5.26 1.16 0.74 71.24 -1.617738 1
21 39 car 0 0 -1.933776 1122.690834 496.571411 1338.075804 612.294547 1.56 1.98 4.58 6.59 1.71 20.77 -1.617738 1
21 22 car 0 0 -1.679534 872.327814 474.937836 916.923946 511.801393 1.63 1.98 4.58 3.77 0.90 61.65 -1.617738 1
21 44 car 0 0 -1.962160 1195.206425 501.612073 1345.907547 558.122056 1.64 2.08 4.47 15.51 2.11 43.47 -1.617738 1
22 41 car 0 0 -1.926873 1154.748966 462.457977 1291.708936 564.066560 1.61 1.85 4.46 7.45 1.15 23.58 -1.615947 1
22 21 car 0 0 -1.633296 816.765870 441.014230 859.715112 482.615208 2.12 2.10 5.26 1.27 -0.57 70.45 -1.615947 1
22 39 car 0 0 -2.047711 1223.957561 475.336991 1575.598238 644.301741 1.56 1.98 4.58 6.55 1.43 14.92 -1.615947 1
22 22 car 0 0 -1.682830 879.365982 450.688791 922.823129 486.309982 1.63 1.98 4.58 4.22 -0.34 63.62 -1.615947 1
22 44 car 0 0 -2.072091 1338.997808 482.805275 1536.283294 552.832556 1.64 2.08 4.47 17.37 1.52 35.53 -1.615947 1
23 41 car 0 0 -2.020292 1285.415659 483.684523 1442.545939 613.468990 1.61 1.85 4.46 8.10 1.59 19.00 -1.612094 1
23 21 car 0 0 -1.635395 823.996306 461.227580 867.567009 503.521534 2.12 2.10 5.26 1.66 0.58 69.39 -1.612094 1
23 39 car 0 0 -2.108218 1403.507697 504.308083 1600.000000 803.032992 1.56 1.98 4.58 6.51 1.74 9.59 -1.612094 1
23 22 car 0 0 -1.685263 887.912803 470.244394 930.278647 504.765487 1.63 1.98 4.58 4.77 0.61 65.64 -1.612094 1
24 41 car 0 0 -2.135003 1504.855409 467.441791 1600.000000 642.423055 1.61 1.85 4.46 9.01 1.43 14.39 -1.608451 1
24 21 car 0 0 -1.639305 833.602966 456.169120 877.103539 498.493029 2.12 2.10 5.26 2.15 0.31 68.37 -1.608451 1
24 22 car 0 0 -1.688910 897.116607 465.790925 939.647974 498.798860 1.63 1.98 4.58 5.39 0.33 67.36 -1.608451 1
25 21 car 0 0 -1.639085 828.561339 463.781005 872.175824 506.312272 2.12 2.10 5.26 1.86 0.74 67.44 -1.612164 1
25 22 car 0 0 -1.688158 891.368689 474.406570 934.016357 506.128291 1.63 1.98 4.58 5.23 0.75 69.23 -1.612164 1
26 21 car 0 0 -1.642500 824.152629 467.758384 868.703906 511.363256 2.12 2.10 5.26 1.63 0.98 66.57 -1.618688 1
26 22 car 0 0 -1.691670 888.314970 480.306277 929.399318 511.652979 1.63 1.98 4.58 5.15 1.07 71.00 -1.618688 1
27 21 car 0 0 -1.648069 823.477923 463.400810 867.910249 507.750205 2.12 2.10 5.26 1.57 0.77 65.73 -1.624837 1
27 22 car 0 0 -1.695037 885.657378 475.616314 924.975579 506.311100 1.63 1.98 4.58 5.08 0.79 72.76 -1.624837 1
27 48 truck 0 0 -1.848334 1065.818284 475.480589 1142.414782 536.432274 2.27 1.92 5.14 11.61 1.70 51.42 -1.624837 1
28 21 car 0 0 -1.650148 820.303270 465.204330 864.430967 509.850591 2.12 2.10 5.26 1.38 0.87 64.89 -1.629541 1
28 22 car 0 0 -1.694780 880.369232 476.354369 917.637423 506.045529 1.63 1.98 4.58 4.83 0.80 74.52 -1.629541 1
28 48 truck 0 0 -1.896540 1111.503865 472.557330 1213.834199 547.140977 2.27 1.92 5.14 11.45 1.71 42.25 -1.629541 1
29 21 car 0 0 -1.652766 816.926054 467.288203 861.806779 512.695177 2.12 2.10 5.26 1.19 1.00 64.02 -1.634528 1
29 22 car 0 0 -1.694711 874.794191 477.996996 910.358585 507.088830 1.63 1.98 4.58 4.56 0.88 76.27 -1.634528 1
29 48 truck 0 0 -1.970376 1183.917986 471.961042 1332.757188 569.249601 2.27 1.92 5.14 11.39 1.84 33.06 -1.634528 1
29 49 bus 0 0 -1.805281 1005.812529 464.425163 1063.463915 506.573582 3.09 3.53 9.47 17.40 1.11 101.55 -1.634528 1
30 21 car 0 0 -1.655320 815.413789 472.293855 861.259338 518.675011 2.12 2.10 5.26 1.10 1.27 63.08 -1.637895 1
30 22 car 0 0 -1.694282 870.056969 483.027962 905.448663 511.683941 1.63 1.98 4.58 4.37 1.18 77.92 -1.637895 1
30 48 truck 0 0 -2.095337 1314.770686 474.596952 1564.594108 615.158584 2.27 1.92 5.14 11.45 2.04 23.76 -1.637895 1
30 49 bus 0 0 -1.814438 1010.880138 467.983240 1073.513786 513.134483 3.09 3.53 9.47 16.95 1.52 95.70 -1.637895 1
31 21 car 0 0 -1.660464 817.030896 465.073499 863.593927 512.173562 2.12 2.10 5.26 1.18 0.93 62.22 -1.641479 1
31 22 car 0 0 -1.698858 871.424531 475.943146 906.601370 504.063131 1.63 1.98 4.58 4.53 0.73 79.47 -1.641479 1
31 48 truck 0 0 -2.189495 1578.522235 456.367737 1600.000000 700.396524 2.27 1.92 5.14 11.52 1.97 14.77 -1.641479 1
31 49 bus 0 0 -1.827562 1020.567412 460.237925 1088.800358 508.694520 3.09 3.53 9.47 16.74 1.09 89.62 -1.641479 1
32 21 car 0 0 -1.657856 812.149206 466.893484 859.419420 514.714796 2.12 2.10 5.26 0.94 1.04 61.26 -1.642446 1
32 22 car 0 0 -1.695938 866.625840 477.696737 901.524631 505.258058 1.63 1.98 4.58 4.30 0.82 80.92 -1.642446 1
32 49 bus 0 0 -1.840279 1032.295717 461.046046 1107.958606 513.351497 3.09 3.53 9.47 16.55 1.30 83.27 -1.642446 1
33 21 car 0 0 -1.660037 815.974613 470.148221 863.836254 518.571150 2.12 2.10 5.26 1.13 1.20 60.36 -1.641374 1
33 22 car 0 0 -1.699934 873.374977 481.118118 907.652935 508.070177 1.63 1.98 4.58 4.80 1.02 82.41 -1.641374 1
33 49 bus 0 0 -1.858454 1053.146248 462.247362 1138.018157 519.339733 3.09 3.53 9.47 16.70 1.54 76.45 -1.641374 1
34 21 car 0 0 -1.661378 818.208895 466.781830 866.784042 515.924705 2.12 2.10 5.26 1.22 1.06 59.43 -1.640669 1
34 22 car 0 0 -1.700679 875.484606 477.900370 909.226934 504.317677 1.63 1.98 4.58 5.01 0.79 83.89 -1.640669 1
34 49 bus 0 0 -1.878630 1074.585838 456.581310 1172.302602 520.066765 3.09 3.53 9.47 16.58 1.40 69.12 -1.640669 1
35 21 car 0 0 -1.663192 819.300240 467.167814 868.942445 517.382286 2.12 2.10 5.26 1.28 1.10 58.55 -1.641201 1
35 22 car 0 0 -1.701752 876.351672 478.826810 909.735540 504.951015 1.63 1.98 4.58 5.15 0.84 85.42 -1.641201 1
35 49 bus 0 0 -1.901877 1096.852546 456.886368 1211.303680 528.536193 3.09 3.53 9.47 16.37 1.62 62.19 -1.641201 1
36 5 car 0 0 -2.150616 1434.922789 149.131129 1600.000000 900.000000 1.58 1.83 4.46 3.32 1.52 2.61 -1.644949 1
36 21 car 0 0 -1.663343 814.225656 468.163051 864.901990 519.425328 2.12 2.10 5.26 1.04 1.17 57.56 -1.644949 1
36 22 car 0 0 -1.700755 870.557436 480.148915 903.470350 505.884085 1.63 1.98 4.58 4.83 0.92 86.95 -1.644949 1
36 49 bus 0 0 -1.928610 1117.433662 456.668690 1253.476928 538.301670 3.09 3.53 9.47 15.87 1.80 55.33 -1.644949 1
37 5 car 0 0 -2.110489 1305.417853 374.756014 1600.000000 900.000000 1.58 1.83 4.46 3.28 1.47 3.80 -1.644801 1
37 21 car 0 0 -1.664457 815.588828 466.756974 866.736117 518.505023 2.12 2.10 5.26 1.09 1.11 56.61 -1.644801 1
37 22 car 0 0 -1.703637 874.178881 478.481504 907.548794 504.278251 1.63 1.98 4.58 5.03 0.81 85.92 -1.644801 1
37 49 bus 0 0 -1.968128 1158.782363 447.919834 1322.466962 543.520419 3.09 3.53 9.47 15.61 1.70 47.53 -1.644801 1
38 5 car 0 0 -2.091164 1234.476927 433.836139 1600.000000 900.000000 1.58 1.83 4.46 3.34 1.49 4.96 -1.648088 1
38 21 car 0 0 -1.665141 811.759400 462.786713 863.971154 515.609416 2.12 2.10 5.26 0.92 0.96 55.63 -1.648088 1
38 22 car 0 0 -1.706206 872.901028 474.930043 907.003421 501.127772 1.63 1.98 4.58 4.91 0.58 84.88 -1.648088 1
38 49 bus 0 0 -2.017139 1203.051141 438.687518 1409.112237 554.286474 3.09 3.53 9.47 15.16 1.69 40.23 -1.648088 1
39 5 car 0 0 -2.073927 1169.399811 461.322513 1600.000000 900.000000 1.58 1.83 4.46 3.33 1.52 6.22 -1.652028 1
39 21 car 0 0 -1.664090 804.894961 462.156536 858.191825 516.076386 2.12 2.10 5.26 0.63 0.96 54.75 -1.652028 1
39 22 car 0 0 -1.707327 868.965201 474.814734 903.774609 501.438314 1.63 1.98 4.58 4.61 0.59 83.94 -1.652028 1
39 49 bus 0 0 -2.083532 1263.660936 426.074928 1535.095888 572.854438 3.09 3.53 9.47 14.58 1.72 32.80 -1.652028 1
