6 2 car 0 0 -1.092482 0.000000 492.630282 278.289275 642.474345 2.11 1.82 4.73 -10.79 2.17 19.87 -1.583484 0
6 4 pedestrian 0 0 -2.137511 1599.497595 542.483431 1600.000000 618.478661 1.75 0.64 0.59 18.92 2.96 29.84 -1.583484 0
6 56 pedestrian 0 0 -1.751235 1008.351311 553.474680 1053.099731 640.352434 1.67 0.64 0.55 4.24 2.91 25.02 -1.583484 0
6 15 pedestrian 0 0 -1.717203 969.342455 501.107965 1003.912594 573.349443 1.88 0.72 0.80 4.53 2.16 33.68 -1.583484 0
6 18 car 0 0 -1.416711 352.074571 473.811433 854.092293 880.529234 1.85 1.82 4.29 -1.64 1.86 8.11 -1.583484 1
6 21 pedestrian 0 0 -2.072456 1469.238319 546.502364 1510.938063 622.823126 1.66 0.64 0.55 14.96 2.89 28.12 -1.583484 0
6 22 pedestrian 0 0 -1.470705 649.446646 547.506021 696.221032 652.645175 1.78 0.64 0.55 -2.49 2.77 22.04 -1.583484 0
6 52 pedestrian 0 0 -1.823223 1101.516276 504.194366 1150.145189 572.435130 1.79 0.67 1.08 8.30 2.15 33.98 -1.583484 0
6 25 car 0 0 -1.026041 0.000000 514.397740 53.583484 600.000612 1.52 1.72 4.61 -17.81 2.04 25.17 -1.583484 0
6 26 car 0 0 -1.476849 581.796826 534.462897 779.620233 602.665309 1.53 1.81 4.52 -3.35 2.66 31.58 -1.583484 0
6 29 pedestrian 0 0 -1.993526 1341.671708 563.247464 1391.838471 659.769375 1.74 0.64 0.55 10.22 3.08 23.51 -1.583484 0
6 53 pedestrian 0 0 -1.809774 1078.514130 559.756785 1137.163154 661.609727 1.74 0.73 0.67 5.15 2.96 22.37 -1.583484 0
6 40 pedestrian 0 0 -2.135424 1592.198012 545.626902 1600.000000 619.441517 1.75 0.64 0.59 19.29 3.07 30.72 -1.583484 0
6 42 car 0 0 -1.145863 74.101754 528.454842 373.377428 623.851436 1.55 1.92 4.89 -10.96 2.31 23.51 -1.583484 0
6 43 car 0 0 -1.207963 140.944722 458.608004 493.073685 620.534622 3.06 2.42 6.52 -10.31 2.48 26.28 -1.583484 0
6 44 pedestrian 0 0 -1.445732 579.555677 527.518214 701.852075 693.203527 1.70 0.95 0.84 -1.90 2.10 13.72 -1.583484 0
6 47 pedestrian 0 0 -2.041728 1424.339051 542.795902 1457.549974 609.737019 1.58 0.64 0.55 15.09 2.83 30.60 -1.583484 0
6 48 bicycle 0 0 -1.755010 992.321373 575.761155 1078.970828 629.603230 1.08 0.65 1.81 4.78 2.95 27.55 -1.583484 0
7 2 car 0 0 -1.080721 0.000000 473.887956 233.890858 635.949111 2.11 1.82 4.73 -10.84 1.91 18.51 -1.585255 0
7 61 pedestrian 0 0 -1.500671 684.911330 529.265781 732.872613 634.579746 1.68 0.64 0.55 -1.75 2.30 20.71 -1.585255 0
7 56 pedestrian 0 0 -1.778424 1040.704064 535.828039 1087.271978 626.268435 1.67 0.64 0.55 4.69 2.52 24.00 -1.585255 0
7 15 pedestrian 0 0 -1.693426 935.835797 480.442342 971.751462 554.806427 1.88 0.72 0.80 3.55 1.61 32.64 -1.585255 0
7 18 car 0 0 -1.326326 208.496150 460.884759 753.151803 900.000000 1.85 1.82 4.29 -2.29 1.77 7.63 -1.585255 1
7 21 pedestrian 0 0 -2.068841 1458.841022 530.473762 1503.879913 610.213610 1.66 0.64 0.55 14.11 2.49 26.87 -1.585255 0
7 22 pedestrian 0 0 -1.468955 644.336417 530.428842 692.293644 639.604946 1.78 0.64 0.55 -2.47 2.44 21.19 -1.585255 0
7 52 pedestrian 0 0 -1.822191 1097.288275 482.960143 1146.854253 553.870677 1.79 0.67 1.08 7.86 1.59 32.59 -1.585255 0
7 25 car 0 0 -1.015491 0.000000 504.123624 9.910256 593.608553 1.52 1.72 4.61 -17.86 1.81 23.88 -1.585255 0
7 26 car 0 0 -1.471110 567.905709 515.566930 774.256761 585.800056 1.53 1.81 4.52 -3.44 2.15 30.25 -1.585255 0
7 29 pedestrian 0 0 -2.031898 1396.178259 542.954948 1449.385534 643.587099 1.74 0.64 0.55 10.78 2.66 22.51 -1.585255 0
7 53 pedestrian 0 0 -1.845816 1123.182029 542.699379 1184.661864 648.681589 1.74 0.73 0.67 5.73 2.62 21.49 -1.585255 0
7 42 car 0 0 -1.121807 24.365076 513.712769 342.384929 613.958224 1.55 1.92 4.89 -11.03 1.99 22.15 -1.585255 0
7 43 car 0 0 -1.188439 100.107826 440.250683 471.055332 609.895918 3.06 2.42 6.52 -10.39 2.14 24.92 -1.585255 0
7 44 pedestrian 0 0 -1.458502 590.833375 512.147601 718.925592 688.043431 1.70 0.95 0.84 -1.65 1.92 12.93 -1.585255 0
7 62 pedestrian 0 0 -1.539065 735.415425 539.247244 780.044468 638.436884 1.58 0.64 0.55 -0.95 2.37 20.76 -1.585255 0
7 47 pedestrian 0 0 -2.039569 1417.459141 520.482775 1452.076331 590.033878 1.58 0.64 0.55 14.35 2.26 29.38 -1.585255 0
7 48 bicycle 0 0 -1.762414 997.661179 556.332993 1088.341866 612.378482 1.08 0.65 1.81 4.70 2.45 26.24 -1.585255 0
8 2 car 0 0 -1.068066 0.000000 455.715269 185.918688 631.565682 2.11 1.82 4.73 -10.86 1.69 17.20 -1.586998 0
8 61 pedestrian 0 0 -1.499685 680.966664 516.158835 729.855000 625.261553 1.68 0.64 0.55 -1.74 2.08 19.98 -1.586998 0
8 56 pedestrian 0 0 -1.818984 1091.053532 513.688961 1139.834737 608.241272 1.67 0.64 0.55 5.41 2.08 22.90 -1.586998 0
8 15 pedestrian 0 0 -1.680712 916.707251 458.169382 953.886627 535.151558 1.88 0.72 0.80 2.96 1.07 31.44 -1.586998 0
8 18 car 0 0 -1.206312 0.000000 450.075470 618.872241 900.000000 1.85 1.82 4.29 -3.12 1.70 7.21 -1.586998 1
8 21 pedestrian 0 0 -2.076560 1467.056755 505.012680 1515.035580 589.382967 1.66 0.64 0.55 13.49 1.93 25.33 -1.586998 0
8 22 pedestrian 0 0 -1.469320 642.008820 512.007214 691.084097 625.698096 1.78 0.64 0.55 -2.40 2.12 20.31 -1.586998 0
8 52 pedestrian 0 0 -1.823556 1096.431614 459.456294 1146.697175 533.272576 1.79 0.67 1.08 7.51 1.01 31.17 -1.586998 0
8 26 car 0 0 -1.467189 555.969281 495.497507 771.647787 567.697775 1.53 1.81 4.52 -3.45 1.65 28.89 -1.586998 0
8 29 pedestrian 0 0 -2.085048 1476.048264 518.295687 1533.772365 624.843467 1.74 0.64 0.55 11.53 2.19 21.21 -1.586998 0
8 53 pedestrian 0 0 -1.885638 1173.522398 523.240046 1238.736919 634.777049 1.74 0.73 0.67 6.28 2.26 20.40 -1.586998 0
8 42 car 0 0 -1.105932 0.000000 500.233615 310.479404 605.674084 1.55 1.92 4.89 -11.04 1.73 20.79 -1.586998 0
8 43 car 0 0 -1.169050 58.212144 419.220148 449.456741 599.423067 3.06 2.42 6.52 -10.40 1.82 23.55 -1.586998 0
8 44 pedestrian 0 0 -1.475987 607.724891 495.466754 742.475085 683.524218 1.70 0.95 0.84 -1.35 1.74 12.10 -1.586998 0
8 62 pedestrian 0 0 -1.544119 739.511661 527.765059 784.349377 630.508342 1.58 0.64 0.55 -0.85 2.17 20.03 -1.586998 0
8 47 pedestrian 0 0 -2.040820 1415.942305 495.461609 1452.052050 567.788268 1.58 0.64 0.55 13.74 1.68 28.18 -1.586998 0
8 48 bicycle 0 0 -1.773328 1007.374367 534.916244 1102.642385 593.360720 1.08 0.65 1.81 4.70 1.96 24.89 -1.586998 0
9 2 car 0 0 -1.041194 0.000000 431.990108 148.114155 623.249960 2.11 1.82 4.73 -10.69 1.43 15.99 -1.571309 0
9 61 pedestrian 0 0 -1.501388 702.441241 502.063763 752.706095 615.546385 1.68 0.64 0.55 -1.34 1.85 19.24 -1.571309 0
9 56 pedestrian 0 0 -1.849892 1152.116239 492.013724 1204.861647 592.414673 1.67 0.64 0.55 6.17 1.68 21.57 -1.571309 0
9 15 pedestrian 0 0 -1.656384 904.657680 435.646614 943.878243 515.861318 1.88 0.72 0.80 2.58 0.57 30.18 -1.571309 0
9 18 car 0 0 -1.117997 0.000000 421.640574 398.673230 900.000000 1.85 1.82 4.29 -4.27 1.56 6.85 -1.571309 1
9 21 pedestrian 0 0 -2.079066 1494.616722 482.728428 1547.231368 573.193296 1.66 0.64 0.55 13.14 1.50 23.62 -1.571309 0
9 22 pedestrian 0 0 -1.463402 653.607852 491.876032 704.550284 610.752273 1.78 0.64 0.55 -2.10 1.79 19.42 -1.571309 0
9 63 pedestrian 0 0 -1.283587 408.042227 473.427168 474.942985 566.015056 1.78 0.88 0.93 -7.38 1.43 24.97 -1.571309 0
9 52 pedestrian 0 0 -1.827965 1122.673315 435.451210 1174.590086 513.036396 1.79 0.67 1.08 7.77 0.49 29.64 -1.571309 0
9 26 car 0 0 -1.456370 557.051648 473.451219 783.073067 549.166650 1.53 1.81 4.52 -3.15 1.16 27.53 -1.571309 0
9 29 pedestrian 0 0 -2.121559 1586.299903 496.346366 1600.000000 610.762603 1.74 0.64 0.55 12.51 1.82 19.76 -1.571309 0
9 53 pedestrian 0 0 -1.923114 1245.634942 505.195217 1316.640758 623.765315 1.74 0.73 0.67 7.05 1.95 19.21 -1.571309 0
9 42 car 0 0 -1.084092 0.000000 481.209597 290.593246 593.998507 1.55 1.92 4.89 -10.83 1.42 19.52 -1.571309 0
9 43 car 0 0 -1.141168 29.459941 394.231827 441.032462 586.207150 3.06 2.42 6.52 -10.16 1.47 22.25 -1.571309 0
9 44 pedestrian 0 0 -1.488533 638.168459 476.627986 784.227720 682.106605 1.70 0.95 0.84 -0.92 1.57 11.12 -1.571309 0
9 62 pedestrian 0 0 -1.545783 760.919047 505.881041 806.948361 612.203844 1.58 0.64 0.55 -0.49 1.81 19.34 -1.571309 0
9 47 pedestrian 0 0 -2.035975 1431.733745 473.413886 1470.443270 549.443045 1.58 0.64 0.55 13.43 1.21 26.80 -1.571309 0
9 48 bicycle 0 0 -1.779376 1032.789789 513.967293 1134.483469 575.979110 1.08 0.65 1.81 4.95 1.52 23.46 -1.571309 0
10 2 car 0 0 -0.998662 0.000000 418.256177 180.559769 621.669260 2.11 1.82 4.73 -9.82 1.31 15.22 -1.519188 0
10 61 pedestrian 0 0 -1.506313 774.261257 482.298356 825.658736 600.535106 1.68 0.64 0.55 -0.23 1.55 18.43 -1.519188 0
10 56 pedestrian 0 0 -1.900098 1293.941533 466.292382 1352.911533 574.695118 1.67 0.64 0.55 7.98 1.27 19.93 -1.519188 0
10 15 pedestrian 0 0 -1.652034 965.011913 415.379452 1005.990442 499.488246 1.88 0.72 0.80 3.86 0.17 28.82 -1.519188 0
10 18 car 0 0 -1.008863 0.000000 408.156351 214.687284 892.970936 1.85 1.82 4.29 -5.32 1.49 6.75 -1.519188 1
10 22 pedestrian 0 0 -1.476697 736.642177 473.686438 788.204231 597.323523 1.78 0.64 0.55 -0.79 1.52 18.65 -1.519188 0
10 63 pedestrian 0 0 -1.247921 429.742732 455.367292 498.351312 550.534903 1.78 0.88 0.93 -6.73 1.09 24.23 -1.519188 0
10 52 pedestrian 0 0 -1.841559 1211.974777 411.167050 1266.581801 494.007522 1.79 0.67 1.08 9.27 0.04 27.78 -1.519188 0
10 26 car 0 0 -1.454707 616.940561 456.280101 852.047115 534.415448 1.53 1.81 4.52 -1.68 0.80 26.29 -1.519188 0
10 53 pedestrian 0 0 -1.974535 1396.302474 483.320948 1476.474349 611.536815 1.74 0.73 0.67 8.69 1.63 17.76 -1.519188 0
10 42 car 0 0 -1.046012 0.000000 465.101658 335.802062 581.606435 1.55 1.92 4.89 -9.77 1.17 18.69 -1.519188 0
10 43 car 0 0 -1.121279 74.447704 376.436513 493.457185 578.576387 3.06 2.42 6.52 -8.96 1.27 21.38 -1.519188 0
10 44 pedestrian 0 0 -1.528623 749.314045 462.620777 907.115862 687.071248 1.70 0.95 0.84 0.09 1.47 10.21 -1.519188 0
10 62 pedestrian 0 0 -1.557686 841.498940 487.563481 888.590501 598.605288 1.58 0.64 0.55 0.72 1.53 18.48 -1.519188 0
10 47 pedestrian 0 0 -2.040538 1522.073305 446.383747 1565.207782 528.075201 1.58 0.64 0.55 14.30 0.70 24.91 -1.519188 0
10 48 bicycle 0 0 -1.796638 1121.313653 494.985873 1232.560123 561.288549 1.08 0.65 1.81 6.20 1.16 21.80 -1.519188 0
11 2 car 0 0 -0.937059 0.000000 420.860779 310.190604 631.011206 2.11 1.82 4.73 -8.03 1.35 14.95 -1.418215 0
11 61 pedestrian 0 0 -1.530521 931.970634 481.733192 986.219071 606.427751 1.68 0.64 0.55 1.98 1.55 17.52 -1.418215 0
11 56 pedestrian 0 0 -1.959192 1554.157425 461.954086 1600.000000 585.140408 1.67 0.64 0.55 10.73 1.26 17.56 -1.418215 0
11 15 pedestrian 0 0 -1.644917 1086.037940 410.228113 1130.737922 499.423842 1.88 0.72 0.80 6.28 0.16 27.24 -1.418215 0
11 18 car 0 0 -0.861615 0.000000 415.745124 56.548295 870.283017 1.85 1.82 4.29 -6.29 1.50 7.09 -1.418215 1
11 22 pedestrian 0 0 -1.494136 885.517344 474.412785 939.684056 604.230173 1.78 0.64 0.55 1.36 1.55 17.81 -1.418215 0
11 63 pedestrian 0 0 -1.226034 535.550072 454.078288 604.140046 550.952173 1.78 0.88 0.93 -4.63 1.08 23.84 -1.418215 0
11 52 pedestrian 0 0 -1.870154 1399.952478 406.875605 1462.144187 498.418071 1.79 0.67 1.08 12.25 0.12 25.25 -1.418215 0
11 25 car 0 0 -0.884013 0.000000 463.914128 134.172865 562.406903 1.52 1.72 4.61 -13.93 1.06 21.43 -1.418215 0
11 26 car 0 0 -1.469357 757.478378 456.818289 1004.704301 539.852160 1.53 1.81 4.52 1.27 0.85 24.99 -1.418215 0
11 42 car 0 0 -1.025964 115.254758 467.022794 469.474911 587.834873 1.55 1.92 4.89 -7.60 1.21 18.32 -1.418215 0
11 43 car 0 0 -1.118322 219.037060 376.519662 630.298081 586.923085 3.06 2.42 6.52 -6.50 1.34 20.91 -1.418215 0
11 44 pedestrian 0 0 -1.596468 954.444504 459.729146 1134.419151 711.609200 1.70 0.95 0.84 1.64 1.47 9.16 -1.418215 0
11 62 pedestrian 0 0 -1.589268 1010.030864 489.190640 1060.027106 607.173789 1.58 0.64 0.55 3.02 1.56 17.46 -1.418215 0
11 48 bicycle 0 0 -1.832002 1307.493765 498.326523 1437.313182 572.789408 1.08 0.65 1.81 8.61 1.21 19.67 -1.418215 0
12 2 car 0 0 -0.923290 218.713416 424.457258 527.176782 639.256457 2.11 1.82 4.73 -5.34 1.40 14.83 -1.260018 0
12 60 car 0 0 -0.718179 0.000000 447.201055 107.939487 540.267604 1.76 1.86 5.00 -16.88 0.88 26.08 -1.260018 0
12 55 car 0 0 -0.766249 60.881521 463.027978 208.379154 533.349209 1.59 1.89 4.67 -16.77 0.90 31.06 -1.260018 0
12 61 pedestrian 0 0 -1.584825 1212.722371 464.071535 1272.699586 599.148866 1.68 0.64 0.55 5.44 1.33 16.16 -1.260018 0
12 57 car 0 0 -0.699415 0.000000 422.145259 42.445112 520.376800 2.46 2.10 5.37 -23.26 0.68 34.05 -1.260018 0
12 15 pedestrian 0 0 -1.648670 1309.269511 391.587659 1360.407147 489.694040 1.88 0.72 0.80 10.17 -0.05 24.84 -1.260018 0
12 18 car 0 0 -0.713313 0.000000 444.061480 91.096691 817.313018 1.85 1.82 4.29 -6.65 1.57 8.31 -1.260018 1
12 22 pedestrian 0 0 -1.542711 1155.202690 468.208803 1213.048309 608.605071 1.78 0.64 0.55 4.79 1.48 16.50 -1.260018 0
12 63 pedestrian 0 0 -1.210177 718.426577 449.439717 787.763290 548.115621 1.78 0.88 0.93 -1.17 1.01 23.44 -1.260018 0
12 25 car 0 0 -0.834397 117.936045 467.163965 366.383689 563.517876 1.52 1.72 4.61 -10.10 1.11 22.17 -1.260018 0
12 26 car 0 0 -1.492535 979.529025 449.337808 1252.779863 540.455301 1.53 1.81 4.52 5.44 0.78 23.18 -1.260018 0
12 42 car 0 0 -1.025308 342.460466 467.519958 684.429188 592.548216 1.55 1.92 4.89 -4.39 1.23 18.03 -1.260018 0
12 43 car 0 0 -1.125302 440.625367 369.140915 848.614026 589.925280 3.06 2.42 6.52 -2.89 1.32 20.41 -1.260018 0
12 44 pedestrian 0 0 -1.703035 1302.528223 445.334251 1531.763206 744.833596 1.70 0.95 0.84 3.67 1.42 7.79 -1.260018 0
12 62 pedestrian 0 0 -1.627776 1276.204705 479.615617 1332.193857 609.064651 1.58 0.64 0.55 6.14 1.44 15.93 -1.260018 0
13 2 car 0 0 -0.928969 495.125857 406.877257 801.810420 635.904916 2.11 1.82 4.73 -2.07 1.26 14.17 -1.060701 0
13 60 car 0 0 -0.681666 219.549786 441.819135 404.171748 530.371227 1.76 1.86 5.00 -11.06 0.70 27.58 -1.060701 0
13 55 car 0 0 -0.761786 361.685991 453.005289 490.362368 520.512599 1.59 1.89 4.67 -10.05 0.61 32.38 -1.060701 0
13 57 car 0 0 -0.657977 202.691916 416.980313 350.834433 508.476161 2.46 2.10 5.37 -15.69 0.38 36.67 -1.060701 0
13 18 car 0 0 -0.547687 0.000000 427.442791 205.733818 725.458417 1.85 1.82 4.29 -6.46 1.39 10.06 -1.060701 1
13 22 pedestrian 0 0 -1.596386 1535.973189 457.778575 1600.000000 621.194123 1.78 0.64 0.55 8.50 1.41 14.24 -1.060701 0
13 63 pedestrian 0 0 -1.207256 966.846511 435.937907 1039.568653 539.575119 1.78 0.88 0.93 3.30 0.81 22.37 -1.060701 0
13 25 car 0 0 -0.833189 408.463534 461.649043 637.669450 559.016333 1.52 1.72 4.61 -5.26 1.01 22.34 -1.060701 0
13 64 car 0 0 -0.598849 121.520035 435.914830 250.279106 507.106729 1.76 1.69 4.35 -16.66 0.32 33.38 -1.060701 0
13 26 car 0 0 -1.522420 1292.851799 428.185346 1600.000000 535.622439 1.53 1.81 4.52 10.21 0.56 20.21 -1.060701 0
13 42 car 0 0 -1.042420 617.717053 457.899304 968.509151 592.286042 1.55 1.92 4.89 -0.46 1.11 17.17 -1.060701 0
13 43 car 0 0 -1.151162 713.947746 347.975964 1148.336056 590.548583 3.06 2.42 6.52 1.49 1.16 19.18 -1.060701 0
13 67 car 0 0 -0.524486 10.622517 438.246377 116.657059 493.907114 1.66 1.79 4.38 -23.72 0.01 39.86 -1.060701 1
14 2 car 0 0 -0.964436 812.617765 401.611866 1169.673932 667.000485 2.11 1.82 4.73 1.45 1.33 12.59 -0.827214 0
14 60 car 0 0 -0.683934 547.688187 445.805869 719.435846 534.958867 1.76 1.86 5.00 -4.11 0.80 27.75 -0.827214 0
14 55 car 0 0 -0.765924 676.624375 460.414767 800.475291 529.089192 1.59 1.89 4.67 -2.07 0.82 32.18 -0.827214 0
14 57 car 0 0 -0.659638 535.011391 421.912028 669.061623 511.250128 2.46 2.10 5.37 -6.47 0.48 37.67 -0.827214 0
14 18 car 0 0 -0.438308 168.370266 440.680053 426.265370 677.119969 1.85 1.82 4.29 -5.17 1.40 12.25 -0.827214 1
14 63 pedestrian 0 0 -1.221507 1299.570207 433.721093 1386.830309 550.105015 1.78 0.88 0.93 8.31 0.88 19.98 -0.827214 0
14 25 car 0 0 -0.846489 722.700486 463.361467 958.659564 567.133930 1.52 1.72 4.61 0.27 1.07 21.28 -0.827214 0
14 64 car 0 0 -0.598681 465.194220 449.381517 578.209686 518.392818 1.76 1.69 4.35 -8.14 0.64 34.74 -0.827214 0
14 42 car 0 0 -1.087372 944.074889 455.090616 1362.674645 613.367980 1.55 1.92 4.89 3.77 1.15 15.15 -0.827214 0
14 43 car 0 0 -1.204888 1046.211130 326.766062 1591.143252 620.121776 3.06 2.42 6.52 6.14 1.27 16.65 -0.827214 0
14 67 car 0 0 -0.527349 379.675531 445.750110 469.734743 498.798698 1.66 1.79 4.38 -13.07 0.17 42.10 -0.827214 1
15 2 car 0 0 -1.020569 1172.652350 382.828576 1600.000000 740.889499 2.11 1.82 4.73 4.42 1.43 9.92 -0.597603 0
15 60 car 0 0 -0.700616 854.962026 449.062244 1039.414091 545.427811 1.76 1.86 5.00 2.53 0.94 25.97 -0.597603 0
15 55 car 0 0 -0.783243 985.308347 463.367629 1122.898031 537.741946 1.59 1.89 4.67 5.48 0.95 29.83 -0.597603 0
15 57 car 0 0 -0.671235 840.352252 423.852245 979.018589 517.461929 2.46 2.10 5.37 2.55 0.63 36.17 -0.597603 0
15 18 car 0 0 -0.404611 464.436177 455.107839 673.120919 652.507095 1.85 1.82 4.29 -2.94 1.48 14.28 -0.597603 1
15 25 car 0 0 -0.884115 1045.958956 466.355450 1332.796496 587.154512 1.52 1.72 4.61 5.28 1.18 18.65 -0.597603 0
15 64 car 0 0 -0.607424 771.869496 453.643033 885.542566 525.118980 1.76 1.69 4.35 0.25 0.79 33.72 -0.597603 0
15 65 pedestrian 0 0 -0.198784 271.581491 444.911076 293.614331 494.679285 1.77 0.64 0.55 -19.21 0.10 45.59 -0.597603 0
15 42 car 0 0 -1.071530 1331.667000 451.532327 1600.000000 665.454097 1.55 1.92 4.89 7.32 1.23 11.90 -0.597603 0
15 43 car 0 0 -1.109152 1454.455524 273.585986 1600.000000 689.015292 3.06 2.42 6.52 9.98 1.40 12.82 -0.597603 0
15 67 car 0 0 -0.537796 696.342509 450.860495 784.531329 505.123887 1.66 1.79 4.38 -2.54 0.38 41.34 -0.597603 1
16 2 car 0 0 -0.959414 1584.501318 331.934979 1600.000000 900.000000 2.11 1.82 4.73 6.10 1.55 6.68 -0.409680 0
16 60 car 0 0 -0.716610 1105.395333 447.402946 1329.909808 557.620229 1.76 1.86 5.00 7.03 1.02 22.83 -0.409680 0
16 55 car 0 0 -0.797875 1248.239134 467.888679 1420.088288 552.421826 1.59 1.89 4.67 10.53 1.12 26.14 -0.409680 0
16 57 car 0 0 -0.675949 1081.782209 423.182395 1241.568976 526.635542 2.46 2.10 5.37 8.81 0.80 32.87 -0.409680 0
16 18 car 0 0 -0.361756 658.824324 457.268296 852.232345 631.642503 1.85 1.82 4.29 -0.90 1.46 15.71 -0.409680 1
16 25 car 0 0 -0.889251 1349.773583 468.176649 1600.000000 620.142420 1.52 1.72 4.61 8.47 1.26 15.14 -0.409680 0
16 64 car 0 0 -0.609129 1008.167614 456.715888 1136.343081 534.643465 1.76 1.69 4.35 6.13 0.94 30.85 -0.409680 0
16 65 pedestrian 0 0 -0.171106 498.172869 444.754662 518.359200 494.661593 1.77 0.64 0.55 -11.02 0.11 45.31 -0.409680 0
16 67 car 0 0 -0.534637 927.956025 450.475199 1022.730952 507.666221 1.66 1.79 4.38 4.82 0.44 38.98 -0.409680 1
17 60 car 0 0 -0.749085 1221.243043 435.503446 1502.255048 564.770980 1.76 1.86 5.00 8.26 0.95 19.81 -0.342372 0
17 55 car 0 0 -0.830501 1380.245900 457.095885 1597.190229 554.978222 1.59 1.89 4.67 11.97 0.98 22.94 -0.342372 0
17 57 car 0 0 -0.689836 1181.364793 409.662221 1368.451530 524.960618 2.46 2.10 5.37 10.58 0.66 29.75 -0.342372 0
17 18 car 0 0 -0.324591 712.624521 434.377915 874.868372 593.412339 1.85 1.82 4.29 -0.43 1.14 16.95 -0.342372 1
17 25 car 0 0 -0.878935 1538.980079 459.781087 1600.000000 659.071189 1.52 1.72 4.61 9.22 1.24 12.06 -0.342372 0
17 64 car 0 0 -0.616844 1098.591804 444.652070 1247.134425 531.489382 1.76 1.69 4.35 7.72 0.77 27.86 -0.342372 0
17 65 pedestrian 0 0 -0.148750 557.358415 429.547979 578.539628 482.547518 1.77 0.64 0.55 -8.37 -0.31 42.68 -0.342372 0
17 67 car 0 0 -0.534838 1010.407715 435.365184 1115.719205 497.226047 1.66 1.79 4.38 6.96 0.11 36.17 -0.342372 1
18 60 car 0 0 -0.781265 1333.979836 457.788877 1600.000000 616.741602 1.76 1.86 5.00 8.91 1.38 16.68 -0.306615 0
18 55 car 0 0 -0.834869 1510.631770 481.410393 1600.000000 599.687608 1.59 1.89 4.67 12.74 1.45 19.69 -0.306615 0
18 57 car 0 0 -0.724025 1265.542805 427.825666 1490.226725 559.689708 2.46 2.10 5.37 11.54 1.26 26.55 -0.306615 0
18 18 car 0 0 -0.309630 745.996747 440.949376 894.172937 591.307149 1.85 1.82 4.29 -0.03 1.22 17.92 -0.306615 1
18 64 car 0 0 -0.648612 1177.835472 460.672321 1356.350957 560.394343 1.76 1.69 4.35 8.66 1.21 24.75 -0.306615 0
18 65 pedestrian 0 0 -0.135701 585.960965 442.571045 609.410470 500.061648 1.77 0.64 0.55 -6.82 0.26 39.53 -0.306615 0
18 69 motorcycle 0 0 -0.474251 1004.704915 456.211374 1056.444667 520.670869 1.75 0.71 2.23 6.00 0.78 35.57 -0.306615 0
18 67 car 0 0 -0.553437 1074.746873 457.540129 1195.957274 527.089113 1.66 1.79 4.38 8.16 0.84 32.77 -0.306615 1
19 60 car 0 0 -0.798481 1472.039124 462.730660 1600.000000 671.190446 1.76 1.86 5.00 9.24 1.53 13.36 -0.281669 0
19 57 car 0 0 -0.761819 1351.638874 429.441646 1600.000000 583.501684 2.46 2.10 5.37 12.06 1.47 23.18 -0.281669 0
19 18 car 0 0 -0.291840 759.168838 449.886511 899.129821 591.925966 1.85 1.82 4.29 0.12 1.32 18.91 -0.281669 1
19 64 car 0 0 -0.690469 1253.974579 469.139873 1475.798997 586.499687 1.76 1.69 4.35 9.10 1.43 21.43 -0.281669 0
19 70 car 0 0 -0.381348 925.394041 460.689318 960.450020 483.176998 1.53 1.88 4.49 9.19 -0.64 92.15 -0.281669 0
19 65 pedestrian 0 0 -0.119420 595.865177 446.983885 622.074494 510.279085 1.77 0.64 0.55 -5.89 0.52 35.97 -0.281669 0
19 69 motorcycle 0 0 -0.516479 1085.916964 464.827866 1152.531009 545.947585 1.75 0.71 2.23 6.80 1.17 28.53 -0.281669 0
19 71 pedestrian 0 0 -0.131041 613.089011 451.619137 635.018172 499.230549 1.84 0.74 0.79 -7.53 0.29 49.66 -0.281669 0
19 67 car 0 0 -0.579321 1133.309502 467.607470 1276.213114 546.792831 1.66 1.79 4.38 8.82 1.16 29.16 -0.281669 1
20 73 car 0 0 -0.337766 901.389866 459.581572 928.317080 479.926362 1.46 1.68 4.63 7.65 -0.94 98.57 -0.260075 1
20 57 car 0 0 -0.769398 1447.043582 425.213765 1600.000000 606.925270 2.46 2.10 5.37 12.43 1.57 20.08 -0.260075 0
20 74 pedestrian 0 0 -0.537108 1165.564060 457.826406 1187.165653 495.943343 1.79 0.71 0.87 17.20 0.20 60.50 -0.260075 0
20 18 car 0 0 -0.280910 775.887545 452.005977 909.425178 587.537425 1.85 1.82 4.29 0.35 1.32 19.75 -0.260075 1
20 64 car 0 0 -0.737190 1341.880851 470.174063 1600.000000 609.875385 1.76 1.69 4.35 9.44 1.50 18.38 -0.260075 0
20 70 car 0 0 -0.385483 956.813478 462.983504 995.033930 487.064976 1.53 1.88 4.49 10.81 -0.33 86.01 -0.260075 0
20 65 pedestrian 0 0 -0.100031 597.222805 447.015763 626.449402 516.736299 1.77 0.64 0.55 -5.28 0.64 32.70 -0.260075 0
20 69 motorcycle 0 0 -0.577379 1186.357963 466.539266 1277.956156 572.452333 1.75 0.71 2.23 7.23 1.34 22.13 -0.260075 0
20 71 pedestrian 0 0 -0.117683 622.832722 452.442543 646.586402 503.547148 1.84 0.74 0.79 -6.64 0.43 46.32 -0.260075 0
20 67 car 0 0 -0.607478 1190.191391 468.281855 1359.450353 558.714575 1.66 1.79 4.38 9.22 1.24 25.85 -0.260075 1
21 73 car 0 0 -0.342847 926.811320 472.035235 956.880430 494.281658 1.46 1.68 4.63 8.88 0.16 89.79 -0.244009 1
21 57 car 0 0 -0.793630 1584.108710 424.442912 1600.000000 653.837203 2.46 2.10 5.37 12.66 1.78 16.47 -0.244009 0
21 74 pedestrian 0 0 -0.547487 1201.348863 469.894769 1224.343964 510.114715 1.79 0.71 0.87 17.95 0.83 57.34 -0.244009 0
21 18 car 0 0 -0.274613 791.720095 462.551225 918.354093 591.131247 1.85 1.82 4.29 0.58 1.47 20.70 -0.244009 1
21 64 car 0 0 -0.760057 1469.477770 479.593300 1600.000000 659.056991 1.76 1.69 4.35 9.63 1.68 14.79 -0.244009 0
21 70 car 0 0 -0.394587 987.166738 474.979686 1029.664261 501.126351 1.53 1.88 4.49 11.95 0.57 78.99 -0.244009 0
21 65 pedestrian 0 0 -0.076422 585.154208 456.878795 618.890033 536.168231 1.77 0.64 0.55 -4.86 1.00 28.78 -0.244009 0
21 69 motorcycle 0 0 -0.712168 1373.551898 475.488987 1539.716322 636.151225 1.75 0.71 2.23 7.50 1.59 14.97 -0.244009 0
21 71 pedestrian 0 0 -0.103333 623.789674 463.471653 650.067008 519.446023 1.84 0.74 0.79 -5.99 0.92 42.30 -0.244009 0
21 67 car 0 0 -0.656412 1263.321772 477.335905 1477.305914 585.450010 1.66 1.79 4.38 9.43 1.48 21.98 -0.244009 1
22 75 pedestrian 0 0 -0.214303 778.539407 461.334964 811.486196 522.204019 1.90 0.80 0.64 -0.67 0.96 40.06 -0.231084 0
22 73 car 0 0 -0.345284 944.510757 475.365437 978.536246 499.917473 1.46 1.68 4.63 9.23 0.51 80.77 -0.231084 1
22 74 pedestrian 0 0 -0.556035 1230.656795 471.366980 1255.172801 513.989619 1.79 0.71 0.87 18.20 0.95 54.02 -0.231084 0
22 18 car 0 0 -0.270163 805.554036 467.532235 926.009568 589.875277 1.85 1.82 4.29 0.78 1.53 21.55 -0.231084 1
22 76 pedestrian 0 0 -0.117012 654.932661 469.447429 687.415937 524.995932 1.60 0.66 0.88 -4.26 0.97 37.12 -0.231084 0
22 70 car 0 0 -0.401856 1010.746011 477.421302 1058.580172 506.045338 1.53 1.88 4.49 12.33 0.80 71.76 -0.231084 0
22 65 pedestrian 0 0 -0.039366 550.445735 457.702755 590.459888 550.711463 1.77 0.64 0.55 -4.76 1.13 24.53 -0.231084 0
22 71 pedestrian 0 0 -0.080675 609.639627 466.179549 639.034132 528.508479 1.84 0.74 0.79 -5.75 1.10 37.96 -0.231084 0
22 67 car 0 0 -0.713531 1359.043094 476.599712 1600.000000 611.876533 1.66 1.79 4.38 9.55 1.51 17.91 -0.231084 1
23 75 pedestrian 0 0 -0.192997 764.857901 459.699806 800.612073 526.994845 1.90 0.80 0.64 -0.96 1.01 36.20 -0.219469 0
23 73 car 0 0 -0.352927 966.302274 473.048295 1006.281291 500.886819 1.46 1.68 4.63 9.43 0.50 70.50 -0.219469 1
23 74 pedestrian 0 0 -0.571141 1267.596582 465.647985 1294.294981 511.499328 1.79 0.71 0.87 18.37 0.79 50.07 -0.219469 0
23 18 car 0 0 -0.264217 816.176452 462.523605 929.772810 577.899941 1.85 1.82 4.29 0.95 1.42 22.54 -0.219469 1
23 76 pedestrian 0 0 -0.102003 648.540444 468.723801 685.094999 533.270376 1.60 0.66 0.88 -3.77 1.04 31.93 -0.219469 0
23 70 car 0 0 -0.416746 1041.379864 474.625011 1097.409910 506.781597 1.53 1.88 4.49 12.59 0.75 63.26 -0.219469 0
23 65 pedestrian 0 0 0.017239 485.208696 451.735277 536.327480 568.599216 1.77 0.64 0.55 -4.70 1.17 19.52 -0.219469 0
23 71 pedestrian 0 0 -0.051264 584.197826 463.755494 618.236612 535.681801 1.84 0.74 0.79 -5.57 1.14 32.83 -0.219469 0
23 67 car 0 0 -0.754292 1533.021086 461.447092 1600.000000 654.013209 1.66 1.79 4.38 9.63 1.43 13.12 -0.219469 1
24 75 pedestrian 0 0 -0.172651 749.201153 454.344323 788.952359 529.313909 1.90 0.80 0.64 -1.21 0.96 32.54 -0.209897 0
24 73 car 0 0 -0.365505 990.957392 468.933437 1038.918297 500.958050 1.46 1.68 4.63 9.54 0.44 61.09 -0.209897 1
24 74 pedestrian 0 0 -0.590114 1307.677135 461.226464 1337.139579 510.768232 1.79 0.71 0.87 18.53 0.70 46.38 -0.209897 0
24 18 car 0 0 -0.261036 826.062836 457.362191 936.110804 569.088081 1.85 1.82 4.29 1.12 1.31 23.21 -0.209897 1
24 76 pedestrian 0 0 -0.083743 634.676416 463.213122 676.623620 538.990517 1.60 0.66 0.88 -3.46 1.01 27.28 -0.209897 0
24 70 car 0 0 -0.437451 1076.110703 470.771107 1142.939243 507.450446 1.53 1.88 4.49 12.78 0.69 55.43 -0.209897 0
24 65 pedestrian 0 0 0.096556 380.117619 433.424662 450.974935 587.579877 1.77 0.64 0.55 -4.70 1.11 14.86 -0.209897 0
24 71 pedestrian 0 0 -0.018348 550.234583 455.174061 591.115085 539.615449 1.84 0.74 0.79 -5.43 1.05 28.03 -0.209897 0
25 75 pedestrian 0 0 -0.144809 714.897265 450.531491 759.545721 535.750390 1.90 0.80 0.64 -1.79 0.99 28.69 -0.207145 0
25 77 bus 0 0 -0.363854 981.276235 435.035236 1051.456926 492.803358 3.26 2.91 12.15 12.47 0.03 80.03 -0.207145 1
25 73 car 0 0 -0.382486 1010.770711 464.899071 1070.480524 502.673603 1.46 1.68 4.63 9.07 0.45 51.53 -0.207145 1
25 74 pedestrian 0 0 -0.611322 1341.403977 455.047136 1374.486737 508.846799 1.79 0.71 0.87 18.25 0.58 42.67 -0.207145 0
25 18 car 0 0 -0.251586 819.634470 453.777156 925.534763 561.198448 1.85 1.82 4.29 1.00 1.22 23.98 -0.207145 1
25 76 pedestrian 0 0 -0.055582 598.195317 459.500391 647.486764 552.202894 1.60 0.66 0.88 -3.43 1.05 22.40 -0.207145 0
25 70 car 0 0 -0.462552 1106.218323 466.774675 1187.662904 509.333421 1.53 1.88 4.49 12.43 0.66 47.89 -0.207145 0
25 65 pedestrian 0 0 0.237926 154.456903 404.938222 269.940256 636.407243 1.77 0.64 0.55 -4.75 1.11 9.98 -0.207145 0
25 71 pedestrian 0 0 0.030886 483.365180 447.666853 534.624247 550.849965 1.84 0.74 0.79 -5.57 1.06 22.98 -0.207145 0
26 75 pedestrian 0 0 -0.107515 673.853778 449.330299 725.666381 548.566986 1.90 0.80 0.64 -2.27 1.10 24.71 -0.199254 0
26 77 bus 0 0 -0.368577 990.380780 434.517572 1075.166843 498.377049 3.26 2.91 12.15 12.14 0.35 72.21 -0.199254 1
26 73 car 0 0 -0.407399 1044.370668 465.978132 1123.107839 512.810533 1.46 1.68 4.63 8.76 0.69 41.84 -0.199254 1
26 74 pedestrian 0 0 -0.634758 1386.821923 456.427541 1424.239712 515.644419 1.79 0.71 0.87 18.06 0.74 38.82 -0.199254 0
26 18 car 0 0 -0.238356 814.583988 452.058876 917.039793 556.066731 1.85 1.82 4.29 0.91 1.17 24.68 -0.199254 1
26 76 pedestrian 0 0 -0.013282 548.702433 456.801042 607.289416 576.818954 1.60 0.66 0.88 -3.28 1.14 17.41 -0.199254 0
26 70 car 0 0 -0.496373 1152.151826 468.968809 1255.890570 520.113140 1.53 1.88 4.49 12.22 0.88 40.21 -0.199254 0
26 71 pedestrian 0 0 0.110810 375.207009 437.893914 445.811423 571.318160 1.84 0.74 0.79 -5.71 1.10 17.86 -0.199254 0
27 75 pedestrian 0 0 -0.058167 616.430899 446.631853 681.623805 566.126636 1.90 0.80 0.64 -2.72 1.20 20.59 -0.189465 0
27 77 bus 0 0 -0.375653 1003.862312 443.194283 1105.781309 515.843743 3.26 2.91 12.15 11.86 1.18 64.26 -0.189465 1
27 73 car 0 0 -0.448778 1096.038085 478.760918 1208.423148 541.561860 1.46 1.68 4.63 8.57 1.22 32.70 -0.189465 1
27 74 pedestrian 0 0 -0.663883 1444.542993 478.340115 1488.693883 545.065527 1.79 0.71 0.87 17.89 1.45 34.85 -0.189465 0
27 18 car 0 0 -0.228362 814.660156 455.218309 916.444170 558.475496 1.85 1.82 4.29 0.96 1.24 25.44 -0.189465 1
27 79 pedestrian 0 0 -0.083381 671.860692 446.590183 690.967606 490.212546 1.75 0.72 0.87 -5.55 -0.07 52.13 -0.189465 0
27 76 pedestrian 0 0 0.059695 454.806972 445.490682 533.255255 617.975996 1.60 0.66 0.88 -3.13 1.19 12.28 -0.189465 0
27 70 car 0 0 -0.551074 1223.311622 485.711961 1367.245180 552.636813 1.53 1.88 4.49 12.06 1.46 32.21 -0.189465 0
27 71 pedestrian 0 0 0.243160 173.038490 406.274657 289.828488 599.066829 1.84 0.74 0.79 -5.80 1.03 12.61 -0.189465 0
28 75 pedestrian 0 0 0.017184 533.789467 450.741484 615.219303 601.648369 1.90 0.80 0.64 -3.13 1.40 16.41 -0.171450 0
28 77 bus 0 0 -0.381949 1025.609542 449.178097 1148.100058 532.774869 3.26 2.91 12.15 11.79 1.77 56.56 -0.171450 1
28 73 car 0 0 -0.525988 1193.723600 489.311978 1376.414941 579.532870 1.46 1.68 4.63 8.51 1.51 23.43 -0.171450 1
28 74 pedestrian 0 0 -0.696434 1523.903090 490.243098 1575.645316 566.051095 1.79 0.71 0.87 17.78 1.78 30.71 -0.171450 0
28 18 car 0 0 -0.206570 811.741849 468.514420 909.782863 568.047252 1.85 1.82 4.29 0.88 1.49 26.27 -0.171450 1
28 79 pedestrian 0 0 -0.053281 655.222333 465.261865 676.609414 513.572013 1.75 0.72 0.87 -5.56 0.80 46.87 -0.171450 0
28 76 pedestrian 0 0 0.235938 186.440081 431.329929 353.102483 741.725317 1.60 0.66 0.88 -3.01 1.31 7.04 -0.171450 0
28 70 car 0 0 -0.638690 1345.075026 498.760180 1565.270607 589.802249 1.53 1.88 4.49 12.03 1.74 24.23 -0.171450 0
29 75 pedestrian 0 0 0.130130 391.680290 431.849756 499.565580 638.016966 1.90 0.80 0.64 -3.56 1.36 12.15 -0.154590 0
29 77 bus 0 0 -0.397085 1053.351802 434.079888 1205.710984 532.355456 3.26 2.91 12.15 11.70 1.49 48.76 -0.154590 1
29 73 car 0 0 -0.648127 1395.047658 480.158841 1600.000000 636.631380 1.46 1.68 4.63 8.48 1.42 14.40 -0.154590 1
29 18 car 0 0 -0.189135 812.740631 463.919572 907.326378 559.967781 1.85 1.82 4.29 0.87 1.37 26.98 -0.154590 1
29 79 pedestrian 0 0 -0.020714 633.480015 469.140851 657.928265 523.435895 1.75 0.72 0.87 -5.59 1.04 41.51 -0.154590 0
29 70 car 0 0 -0.700736 1572.031345 489.448397 1600.000000 631.317020 1.53 1.88 4.49 12.00 1.58 16.24 -0.154590 0
30 75 pedestrian 0 0 0.346065 73.743740 409.081284 243.338941 744.584064 1.90 0.80 0.64 -3.98 1.45 7.66 -0.132950 0
30 77 bus 0 0 -0.423440 1093.387669 431.948770 1296.328099 553.786799 3.26 2.91 12.15 11.61 1.85 40.45 -0.132950 1
30 18 car 0 0 -0.165302 811.609398 475.022460 902.895103 567.775359 1.85 1.82 4.29 0.83 1.60 27.83 -0.132950 1
30 79 pedestrian 0 0 0.022120 603.666505 480.558388 632.920813 543.271083 1.75 0.72 0.87 -5.62 1.46 35.97 -0.132950 0
31 77 bus 0 0 -0.490761 1152.585958 412.504876 1451.258154 574.154014 3.26 2.91 12.15 11.49 1.86 31.85 -0.124571 1
31 18 car 0 0 -0.152936 807.736526 479.988282 896.661718 570.377664 1.85 1.82 4.29 0.73 1.69 28.35 -0.124571 1
31 79 pedestrian 0 0 0.061430 559.917718 482.615090 595.999735 557.319572 1.75 0.72 0.87 -5.68 1.56 30.20 -0.124571 0
32 77 bus 0 0 -0.571679 1245.778584 359.841833 1600.000000 603.395794 3.26 2.91 12.15 11.38 1.64 23.24 -0.124967 1
32 18 car 0 0 -0.152546 807.049304 469.010950 895.355024 557.994038 1.85 1.82 4.29 0.72 1.44 28.86 -0.124967 1
32 79 pedestrian 0 0 0.107954 491.834313 469.336534 539.843317 562.829717 1.75 0.72 0.87 -5.74 1.35 24.25 -0.124967 0
33 77 bus 0 0 -0.634241 1423.877023 228.481982 1600.000000 720.899325 3.26 2.91 12.15 11.36 1.64 14.59 -0.131919 1
33 18 car 0 0 -0.158725 806.276633 464.687273 894.170817 552.625900 1.85 1.82 4.29 0.71 1.34 29.27 -0.131919 1
33 79 pedestrian 0 0 0.177374 375.864159 452.995760 447.308015 579.945078 1.75 0.72 0.87 -5.74 1.23 18.00 -0.131919 0
33 80 motorcycle 0 0 -0.316165 1038.253309 482.657856 1066.298636 517.727678 1.56 0.81 2.37 10.79 1.19 57.99 -0.131919 0
34 18 car 0 0 -0.138417 804.718012 470.088301 892.190317 557.148815 1.85 1.82 4.29 0.68 1.46 29.57 -0.113007 1
34 79 pedestrian 0 0 0.343410 130.113420 439.134791 258.813842 636.634427 1.75 0.72 0.87 -5.74 1.30 11.73 -0.113007 0
34 80 motorcycle 0 0 -0.332842 1081.026906 489.575152 1117.460307 532.626642 1.56 0.81 2.37 10.59 1.52 47.47 -0.113007 0
35 18 car 0 0 -0.114081 798.049306 468.088400 886.340455 555.331014 1.85 1.82 4.29 0.53 1.41 29.57 -0.093610 1
35 80 motorcycle 0 0 -0.368958 1148.030982 491.078818 1200.088250 547.108343 1.56 0.81 2.37 10.37 1.58 36.79 -0.093610 0
35 81 car 0 0 -0.260398 999.843159 483.961055 1059.096541 526.581601 1.66 1.75 4.35 8.82 1.43 52.69 -0.093610 1
36 18 car 0 0 -0.085951 789.217307 463.301635 876.975457 549.965093 1.85 1.82 4.29 0.32 1.30 29.57 -0.072663 1
36 80 motorcycle 0 0 -0.445318 1267.354057 487.524462 1355.318176 569.951487 1.56 0.81 2.37 9.85 1.51 25.31 -0.072663 0
36 81 car 0 0 -0.279543 1041.031186 478.876983 1123.102164 534.321046 1.66 1.75 4.35 8.48 1.34 40.74 -0.072663 1
37 18 car 0 0 -0.055414 785.001112 467.040326 870.039852 553.418255 1.85 1.82 4.29 0.21 1.38 29.58 -0.046528 1
37 82 pedestrian 0 0 0.118098 590.736846 451.657424 621.019102 531.062609 1.99 0.64 0.60 -5.34 1.00 32.19 -0.046528 0
37 80 motorcycle 0 0 -0.597598 1589.161290 487.501200 1600.000000 642.640825 1.56 0.81 2.37 9.67 1.55 13.99 -0.046528 0
37 83 pedestrian 0 0 0.147455 549.444273 479.578851 585.507484 571.981809 1.99 0.64 0.60 -5.44 1.74 27.72 -0.046528 0
37 81 car 0 0 -0.328292 1116.970145 477.453598 1248.733187 557.938689 1.66 1.75 4.35 8.18 1.43 28.66 -0.046528 1
37 84 pedestrian 0 0 0.121852 584.700146 453.116394 617.278744 538.330233 1.99 0.64 0.60 -5.10 1.10 30.02 -0.046528 0
38 18 car 0 0 -0.025893 788.802781 463.653793 874.530585 550.674932 1.85 1.82 4.29 0.34 1.30 29.53 -0.013734 1
38 82 pedestrian 0 0 0.198195 523.464331 436.828264 564.105369 538.179293 1.99 0.64 0.60 -5.45 0.92 25.34 -0.013734 0
38 83 pedestrian 0 0 0.250528 447.751612 457.762975 499.421234 581.616083 1.99 0.64 0.60 -5.62 1.46 20.80 -0.013734 0
38 81 car 0 0 -0.475112 1302.745763 479.024820 1589.029556 627.488161 1.66 1.75 4.35 8.03 1.58 16.65 -0.013734 1
38 84 pedestrian 0 0 0.186353 538.597641 446.226907 580.277206 551.247620 1.99 0.64 0.60 -4.96 1.14 24.46 -0.013734 0
39 18 car 0 0 0.012111 792.492783 471.617768 878.682824 559.111564 1.85 1.82 4.29 0.46 1.49 29.41 0.027366 1
39 82 pedestrian 0 0 0.321893 402.021959 428.032916 462.177470 568.229535 1.99 0.64 0.60 -5.58 1.10 18.40 0.027366 0
39 83 pedestrian 0 0 0.402635 274.829625 434.446064 359.927642 621.417231 1.99 0.64 0.60 -5.46 1.39 13.88 0.027366 0
39 84 pedestrian 0 0 0.279385 461.704386 430.901842 518.641853 568.215794 1.99 0.64 0.60 -4.83 1.12 18.78 0.027366 0
