0 2 car 0 0 0.980489 102.331782 492.864828 362.379913 623.193888 2.11 1.82 4.73 -10.48 2.19 22.64 0.548465 0
0 15 pedestrian 0 0 1.540910 1055.176096 508.521341 1081.845702 573.268715 1.88 0.72 0.80 7.49 2.41 37.64 1.737516 0
0 18 car 0 0 -1.777026 614.921730 435.251112 1076.442699 893.311431 1.85 1.82 4.29 -0.17 1.74 7.41 -1.753803 0
0 21 pedestrian 0 0 2.765938 1559.091053 555.803276 1593.640185 623.090794 1.66 0.64 0.55 19.15 3.29 31.91 -2.976683 0
0 22 pedestrian 0 0 -1.301713 639.561846 542.196922 688.042816 648.479730 1.78 0.64 0.55 -2.63 2.67 21.85 -1.421527 0
0 25 car 0 0 0.781677 0.000000 506.797736 151.562326 583.890200 1.52 1.72 4.61 -17.33 1.95 28.04 0.252576 0
0 26 car 0 0 0.326551 621.277089 541.879334 803.567798 605.734840 1.53 1.81 4.52 -2.78 2.96 34.24 0.244736 0
0 29 pedestrian 0 0 -0.788566 1124.552038 563.610736 1170.872360 655.563199 1.74 0.64 0.55 6.45 3.16 24.66 -0.532589 0
0 34 pedestrian 0 0 2.189636 122.701135 486.953673 224.610423 661.559395 1.71 0.64 0.55 -6.52 1.69 12.87 1.720066 0
0 42 car 0 0 0.651311 176.138376 525.973310 441.013912 611.731291 1.55 1.92 4.89 -10.51 2.35 26.30 0.270040 0
0 43 car 0 0 0.597013 228.533736 466.554445 544.998881 613.744414 3.06 2.42 6.52 -9.81 2.61 29.06 0.270040 0
0 44 pedestrian 0 0 -0.700677 433.416393 515.354154 560.830365 682.453244 1.70 0.95 0.84 -3.42 1.98 13.59 -0.947542 0
0 47 pedestrian 0 0 2.770319 1552.111447 555.040516 1585.567363 617.617630 1.58 0.64 0.55 19.49 3.24 32.80 -2.976683 0
0 48 bicycle 0 0 -3.078881 998.506615 576.155247 1078.445005 625.634742 1.08 0.65 1.81 5.28 3.13 30.08 -2.905186 0
1 2 car 0 0 0.981446 99.907281 493.957146 360.876497 624.982154 2.11 1.82 4.73 -10.48 2.21 22.56 0.548144 0
1 15 pedestrian 0 0 1.538077 1058.215772 507.662708 1085.398200 573.448969 1.88 0.72 0.80 7.47 2.38 37.05 1.737185 0
1 18 car 0 0 -1.798814 596.863593 448.640637 1051.495538 879.284400 1.85 1.82 4.29 -0.28 1.78 7.75 -1.792567 0
1 21 pedestrian 0 0 2.356063 1540.903890 556.976700 1580.086347 624.687283 1.66 0.64 0.55 18.64 3.31 31.72 2.887362 0
1 22 pedestrian 0 0 -1.307746 647.398858 544.194472 694.849896 648.586814 1.78 0.64 0.55 -2.54 2.72 22.24 -1.421857 0
1 52 pedestrian 0 0 3.137516 1174.940249 509.093872 1215.885168 573.247959 1.79 0.67 1.08 10.83 2.31 36.16 -2.854777 0
1 25 car 0 0 0.781865 0.000000 508.257376 149.826331 585.624447 1.52 1.72 4.61 -17.34 1.98 27.98 0.252254 0
1 26 car 0 0 0.326847 620.269876 541.645064 803.000432 605.666452 1.53 1.81 4.52 -2.80 2.95 34.16 0.244413 0
1 29 pedestrian 0 0 -0.806375 1148.435775 564.152777 1194.514634 655.228033 1.74 0.64 0.55 6.98 3.18 24.90 -0.532919 0
1 34 pedestrian 0 0 2.223162 63.611479 481.469662 173.939180 666.697090 1.71 0.64 0.55 -6.68 1.64 12.15 1.719735 0
1 42 car 0 0 0.652496 173.464617 526.564741 439.252675 612.674649 1.55 1.92 4.89 -10.52 2.36 26.21 0.269718 0
1 43 car 0 0 0.597965 226.247957 466.458248 543.683814 614.130313 3.06 2.42 6.52 -9.83 2.61 28.98 0.269718 0
1 44 pedestrian 0 0 -0.731140 475.473789 516.968107 599.345803 680.072910 1.70 0.95 0.84 -3.06 2.00 13.91 -0.947875 0
1 47 pedestrian 0 0 2.783249 1529.741917 554.170709 1562.867948 616.940941 1.58 0.64 0.55 18.85 3.21 32.70 -2.977006 0
1 48 bicycle 0 0 -3.079207 998.410804 576.036707 1078.550395 625.651564 1.08 0.65 1.81 5.27 3.12 30.01 -2.905509 0
2 2 car 0 0 0.982490 96.273388 499.806556 358.474443 631.606282 2.11 1.82 4.73 -10.49 2.31 22.47 0.547227 0
2 4 pedestrian 0 0 2.753096 1593.002704 553.603923 1600.000000 624.677838 1.75 0.64 0.59 20.07 3.33 31.96 -2.977919 0
2 15 pedestrian 0 0 1.543803 1049.582727 512.549082 1076.977930 579.407192 1.88 0.72 0.80 7.11 2.51 36.47 1.736433 0
2 18 car 0 0 -1.819769 577.007614 465.882686 1025.003640 872.411260 1.85 1.82 4.29 -0.42 1.86 8.10 -1.831819 0
2 21 pedestrian 0 0 1.946327 1525.754635 560.390339 1563.196052 628.984607 1.66 0.64 0.55 18.02 3.37 31.33 2.468172 0
2 22 pedestrian 0 0 -1.313335 654.081652 550.687989 700.568503 653.293955 1.78 0.64 0.55 -2.48 2.85 22.63 -1.422611 0
2 52 pedestrian 0 0 3.034230 1158.794764 514.763241 1201.397155 578.882327 1.79 0.67 1.08 10.40 2.48 36.24 -2.969200 0
2 25 car 0 0 0.781771 0.000000 514.415386 147.022149 592.071379 1.52 1.72 4.61 -17.37 2.11 27.91 0.251336 0
2 26 car 0 0 0.327202 618.403790 545.888143 801.619707 610.063996 1.53 1.81 4.52 -2.83 3.07 34.07 0.243496 0
2 29 pedestrian 0 0 -0.817372 1182.449156 570.201187 1228.447047 660.894576 1.74 0.64 0.55 7.69 3.31 25.02 -0.519224 0
2 34 pedestrian 0 0 2.258428 0.000000 480.228494 116.184261 677.532803 1.71 0.64 0.55 -6.85 1.63 11.43 1.718982 0
2 53 pedestrian 0 0 -0.621605 974.833368 566.580413 1029.861326 663.531627 1.74 0.73 0.67 3.45 3.15 23.49 -0.475715 0
2 42 car 0 0 0.653775 169.653125 531.812211 436.590799 618.283153 1.55 1.92 4.89 -10.55 2.47 26.12 0.268799 0
2 43 car 0 0 0.599001 222.868075 470.960647 541.533270 619.124281 3.06 2.42 6.52 -9.86 2.72 28.89 0.268799 0
2 44 pedestrian 0 0 -0.763039 518.027394 523.318360 638.967847 683.228879 1.70 0.95 0.84 -2.66 2.08 14.19 -0.948628 0
2 47 pedestrian 0 0 2.796428 1506.395222 557.542104 1539.041781 620.506646 1.58 0.64 0.55 18.18 3.29 32.60 -2.977919 0
2 48 bicycle 0 0 -3.079522 997.543515 580.323585 1077.846529 630.078942 1.08 0.65 1.81 5.24 3.22 29.93 -2.906426 0
3 2 car 0 0 0.985873 86.877071 500.574986 351.770752 633.938482 2.11 1.82 4.73 -10.53 2.32 22.24 0.545395 0
3 4 pedestrian 0 0 2.753429 1585.475877 554.827947 1600.000000 626.260056 1.75 0.64 0.59 19.78 3.35 31.81 -2.979743 0
3 56 pedestrian 0 0 -0.884642 950.769477 566.457930 993.977538 649.899522 1.67 0.64 0.55 3.22 3.23 26.11 -0.761994 0
3 15 pedestrian 0 0 1.792249 1038.825572 512.800477 1071.775985 580.606031 1.88 0.72 0.80 6.78 2.51 35.89 1.978802 0
3 18 car 0 0 -1.840300 551.557847 474.157671 1000.502786 867.723978 1.85 1.82 4.29 -0.57 1.89 8.30 -1.872061 0
3 21 pedestrian 0 0 1.532763 1518.622463 559.174671 1549.928190 628.921259 1.66 0.64 0.55 17.49 3.32 30.86 2.048535 0
3 22 pedestrian 0 0 -1.318221 658.345061 552.277034 704.140408 653.708554 1.78 0.64 0.55 -2.44 2.89 22.89 -1.424439 0
3 52 pedestrian 0 0 2.930509 1142.268090 515.443836 1186.741649 579.774012 1.79 0.67 1.08 9.93 2.49 36.14 -3.084330 0
3 25 car 0 0 0.782821 0.000000 515.333736 137.219163 593.814660 1.52 1.72 4.61 -17.44 2.13 27.63 0.249510 0
3 26 car 0 0 0.327955 614.515683 545.401822 798.929689 609.935360 1.53 1.81 4.52 -2.90 3.04 33.86 0.241670 0
3 29 pedestrian 0 0 -0.829273 1216.654359 571.416728 1262.886581 662.126031 1.74 0.64 0.55 8.36 3.33 25.02 -0.506553 0
3 30 car 0 0 -1.837382 1532.704281 540.927559 1600.000000 900.000000 1.49 1.65 3.96 4.43 1.75 5.24 -1.302652 0
3 34 pedestrian 0 0 2.498625 0.000000 472.068569 21.296847 686.351276 1.71 0.64 0.55 -7.15 1.57 10.54 1.932055 0
3 53 pedestrian 0 0 -0.638273 994.027632 566.657936 1049.184995 663.491216 1.74 0.73 0.67 3.81 3.15 23.52 -0.477530 0
3 40 pedestrian 0 0 2.750736 1594.878246 552.833981 1600.000000 622.767390 1.75 0.64 0.59 20.43 3.34 32.47 -2.979743 0
3 42 car 0 0 0.656900 161.006580 532.268087 430.609223 619.519310 1.55 1.92 4.89 -10.61 2.47 25.89 0.266973 0
3 43 car 0 0 0.601539 215.284443 470.377515 536.747332 619.711831 3.06 2.42 6.52 -9.92 2.71 28.66 0.266973 0
3 44 pedestrian 0 0 -0.777665 535.520503 523.719642 654.979612 681.992534 1.70 0.95 0.84 -2.50 2.08 14.33 -0.950447 0
3 47 pedestrian 0 0 2.808340 1483.869332 556.058169 1516.296244 619.413971 1.58 0.64 0.55 17.49 3.24 32.40 -2.979743 0
3 48 bicycle 0 0 -3.080453 996.127540 581.472317 1076.929299 631.602007 1.08 0.65 1.81 5.17 3.23 29.73 -2.908251 0
4 2 car 0 0 0.993733 67.492907 500.709123 337.984738 637.145738 2.11 1.82 4.73 -10.58 2.32 21.75 0.542595 0
4 4 pedestrian 0 0 2.751585 1582.265566 553.938028 1600.000000 626.225446 1.75 0.64 0.59 19.46 3.31 31.42 -2.982508 0
4 56 pedestrian 0 0 -0.961006 978.330814 567.990380 1021.315723 651.544196 1.67 0.64 0.55 3.78 3.26 26.09 -0.817067 0
4 15 pedestrian 0 0 2.538891 1012.087451 511.137912 1052.394267 580.300178 1.88 0.72 0.80 6.01 2.45 35.24 2.707805 0
4 18 car 0 0 -1.851713 514.236731 469.516460 961.880231 853.835897 1.85 1.82 4.29 -0.82 1.86 8.45 -1.913391 0
4 21 pedestrian 0 0 1.691888 1501.051267 557.351028 1535.132385 628.805776 1.66 0.64 0.55 16.69 3.23 30.11 2.197936 0
4 22 pedestrian 0 0 -1.322016 659.662652 552.969091 705.181765 654.317812 1.78 0.64 0.55 -2.42 2.91 22.90 -1.427313 0
4 52 pedestrian 0 0 2.825017 1126.925560 514.354025 1173.130746 579.337790 1.79 0.67 1.08 9.42 2.46 35.76 3.082705 0
4 25 car 0 0 0.785251 0.000000 516.093964 119.396334 595.976695 1.52 1.72 4.61 -17.53 2.13 27.08 0.246739 0
4 26 car 0 0 0.329344 607.917563 544.040194 794.908347 609.212730 1.53 1.81 4.52 -3.00 2.98 33.39 0.238900 0
4 29 pedestrian 0 0 -0.844032 1253.970656 571.079816 1300.840454 662.652836 1.74 0.64 0.55 9.02 3.31 24.78 -0.494826 0
4 30 car 0 0 -1.714420 1555.806737 544.934798 1600.000000 900.000000 1.49 1.65 3.96 5.16 1.83 6.72 -1.172964 0
4 53 pedestrian 0 0 -0.664010 1023.779504 565.705167 1079.353097 662.891737 1.74 0.73 0.67 4.35 3.13 23.43 -0.480306 0
4 40 pedestrian 0 0 2.748600 1592.675802 555.570562 1600.000000 626.418286 1.75 0.64 0.59 20.11 3.38 32.05 -2.982508 0
4 42 car 0 0 0.663575 144.153903 533.185483 419.382192 621.933587 1.55 1.92 4.89 -10.69 2.47 25.40 0.264200 0
4 43 car 0 0 0.606936 200.731680 469.505044 528.042220 621.172721 3.06 2.42 6.52 -10.00 2.69 28.17 0.264200 0
4 44 pedestrian 0 0 -0.768073 556.402444 527.787116 674.313735 685.061617 1.70 0.95 0.84 -2.28 2.13 14.42 -0.925406 0
4 47 pedestrian 0 0 2.819474 1461.371068 554.039615 1493.660303 618.014805 1.58 0.64 0.55 16.74 3.18 32.07 -2.982508 0
4 48 bicycle 0 0 -3.082884 995.134065 581.534920 1077.037597 632.369776 1.08 0.65 1.81 5.09 3.20 29.28 -2.911021 0
5 2 car 0 0 1.008246 33.959864 505.286313 314.021102 646.737062 2.11 1.82 4.73 -10.67 2.38 20.94 0.538887 0
5 4 pedestrian 0 0 2.747373 1584.402731 553.007134 1600.000000 626.789949 1.75 0.64 0.59 19.11 3.25 30.74 -2.986106 0
5 56 pedestrian 0 0 -0.971755 987.561757 561.233802 1030.765759 645.860681 1.67 0.64 0.55 3.91 3.09 25.68 -0.820600 0
5 15 pedestrian 0 0 2.974493 987.818088 511.295492 1022.697754 581.997963 1.88 0.72 0.80 5.14 2.44 34.44 3.122633 0
5 18 car 0 0 -1.852951 459.575078 486.442185 911.846272 875.333998 1.85 1.82 4.29 -1.15 1.94 8.39 -1.955679 0
5 21 pedestrian 0 0 1.850123 1483.507063 555.891541 1521.723503 629.300823 1.66 0.64 0.55 15.85 3.15 29.25 2.346773 0
5 22 pedestrian 0 0 -1.323878 657.267982 556.733824 702.880791 659.320805 1.78 0.64 0.55 -2.42 2.96 22.59 -1.431008 0
5 52 pedestrian 0 0 2.717949 1112.770423 514.431434 1160.472583 580.592263 1.79 0.67 1.08 8.86 2.44 35.03 2.965713 0
5 25 car 0 0 0.790036 0.000000 522.446460 90.354822 604.264749 1.52 1.72 4.61 -17.66 2.23 26.20 0.243116 0
5 26 car 0 0 0.332124 597.559414 545.868417 788.911197 611.794676 1.53 1.81 4.52 -3.14 2.98 32.61 0.235279 0
5 29 pedestrian 0 0 -0.862535 1296.328464 571.808276 1344.127117 665.340958 1.74 0.64 0.55 9.65 3.29 24.25 -0.483804 0
5 30 car 0 0 -1.683345 1592.949327 559.509394 1600.000000 900.000000 1.49 1.65 3.96 6.01 1.94 7.83 -1.131190 0
5 53 pedestrian 0 0 -0.684547 1045.693321 566.386098 1102.229616 665.615714 1.74 0.73 0.67 4.66 3.11 22.94 -0.483804 0
5 40 pedestrian 0 0 2.745407 1591.259980 554.271013 1600.000000 626.285597 1.75 0.64 0.59 19.74 3.32 31.48 -2.986106 0
5 42 car 0 0 0.675564 115.851113 538.855530 400.769749 629.692819 1.55 1.92 4.89 -10.80 2.54 24.59 0.260572 0
5 43 car 0 0 0.616715 176.539304 472.375700 513.766031 627.469352 3.06 2.42 6.52 -10.13 2.75 27.36 0.260572 0
5 44 pedestrian 0 0 -0.755305 571.069233 534.787794 689.662596 694.564678 1.70 0.95 0.84 -2.08 2.20 14.20 -0.901057 0
5 47 pedestrian 0 0 2.827465 1442.694604 552.492504 1475.205548 617.642620 1.58 0.64 0.55 15.95 3.11 31.44 -2.986106 0
5 48 bicycle 0 0 -3.086812 994.627513 583.940692 1078.350229 635.823655 1.08 0.65 1.81 4.97 3.20 28.53 -2.914640 0
6 2 car 0 0 1.023972 0.000000 492.630282 278.289275 642.474345 2.11 1.82 4.73 -10.79 2.17 19.87 0.532971 0
6 4 pedestrian 0 0 2.737125 1599.497595 542.483431 1600.000000 618.478661 1.75 0.64 0.59 18.92 2.96 29.84 -2.992033 0
6 56 pedestrian 0 0 -0.907693 1008.351311 553.474680 1053.099731 640.352434 1.67 0.64 0.55 4.24 2.91 25.02 -0.739942 0
6 15 pedestrian 0 0 -3.038477 969.342455 501.107965 1003.912594 573.349443 1.88 0.72 0.80 4.53 2.16 33.68 -2.904758 0
6 18 car 0 0 -1.905656 352.074571 473.811433 854.092293 880.529234 1.85 1.82 4.29 -1.64 1.86 8.11 -2.072428 0
6 21 pedestrian 0 0 2.003813 1469.238319 546.502364 1510.938063 622.823126 1.66 0.64 0.55 14.96 2.89 28.12 2.492786 0
6 22 pedestrian 0 0 -1.324498 649.446646 547.506021 696.221032 652.645175 1.78 0.64 0.55 -2.49 2.77 22.04 -1.437277 0
6 52 pedestrian 0 0 2.795501 1101.516276 504.194366 1150.145189 572.435130 1.79 0.67 1.08 8.30 2.15 33.98 3.035241 0
6 25 car 0 0 0.794644 0.000000 514.397740 53.583484 600.000612 1.52 1.72 4.61 -17.81 2.04 25.17 0.237202 0
6 26 car 0 0 0.335998 581.796826 534.462897 779.620233 602.665309 1.53 1.81 4.52 -3.35 2.66 31.58 0.229363 0
6 29 pedestrian 0 0 -0.885465 1341.671708 563.247464 1391.838471 659.769375 1.74 0.64 0.55 10.22 3.08 23.51 -0.475423 0
6 53 pedestrian 0 0 -0.720579 1078.514130 559.756785 1137.163154 661.609727 1.74 0.73 0.67 5.15 2.96 22.37 -0.494289 0
6 40 pedestrian 0 0 2.739212 1592.198012 545.626902 1600.000000 619.441517 1.75 0.64 0.59 19.29 3.07 30.72 -2.992033 0
6 42 car 0 0 0.692280 74.101754 528.454842 373.377428 623.851436 1.55 1.92 4.89 -10.96 2.31 23.51 0.254659 0
6 43 car 0 0 0.630180 140.944722 458.608004 493.073685 620.534622 3.06 2.42 6.52 -10.31 2.48 26.28 0.254659 0
6 44 pedestrian 0 0 -0.741686 579.555677 527.518214 701.852075 693.203527 1.70 0.95 0.84 -1.90 2.10 13.72 -0.879438 0
6 47 pedestrian 0 0 2.832909 1424.339051 542.795902 1457.549974 609.737019 1.58 0.64 0.55 15.09 2.83 30.60 -2.992033 0
6 48 bicycle 0 0 -3.092082 992.321373 575.761155 1078.970828 629.603230 1.08 0.65 1.81 4.78 2.95 27.55 -2.920556 0
7 2 car 0 0 1.034999 0.000000 473.887956 233.890858 635.949111 2.11 1.82 4.73 -10.84 1.91 18.51 0.530465 0
7 61 pedestrian 0 0 -1.355838 684.911330 529.265781 732.872613 634.579746 1.68 0.64 0.55 -1.75 2.30 20.71 -1.440422 0
7 56 pedestrian 0 0 -0.848586 1040.704064 535.828039 1087.271978 626.268435 1.67 0.64 0.55 4.69 2.52 24.00 -0.655418 0
7 15 pedestrian 0 0 -3.015373 935.835797 480.442342 971.751462 554.806427 1.88 0.72 0.80 3.55 1.61 32.64 -2.907202 0
7 18 car 0 0 -1.910076 208.496150 460.884759 753.151803 900.000000 1.85 1.82 4.29 -2.29 1.77 7.63 -2.169005 0
7 21 pedestrian 0 0 2.159560 1458.841022 530.473762 1503.879913 610.213610 1.66 0.64 0.55 14.11 2.49 26.87 2.643145 0
7 22 pedestrian 0 0 -1.324122 644.336417 530.428842 692.293644 639.604946 1.78 0.64 0.55 -2.47 2.44 21.19 -1.440422 0
7 52 pedestrian 0 0 2.871802 1097.288275 482.960143 1146.854253 553.870677 1.79 0.67 1.08 7.86 1.59 32.59 3.108739 0
7 25 car 0 0 0.804521 0.000000 504.123624 9.910256 593.608553 1.52 1.72 4.61 -17.86 1.81 23.88 0.234757 0
7 26 car 0 0 0.341064 567.905709 515.566930 774.256761 585.800056 1.53 1.81 4.52 -3.44 2.15 30.25 0.226919 0
7 29 pedestrian 0 0 -0.910207 1396.178259 542.954948 1449.385534 643.587099 1.74 0.64 0.55 10.78 2.66 22.51 -0.463563 0
7 53 pedestrian 0 0 -0.761992 1123.182029 542.699379 1184.661864 648.681589 1.74 0.73 0.67 5.73 2.62 21.49 -0.501431 0
7 42 car 0 0 0.715662 24.365076 513.712769 342.384929 613.958224 1.55 1.92 4.89 -11.03 1.99 22.15 0.252214 0
7 43 car 0 0 0.649030 100.107826 440.250683 471.055332 609.895918 3.06 2.42 6.52 -10.39 2.14 24.92 0.252214 0
7 44 pedestrian 0 0 -0.727645 590.833375 512.147601 718.925592 688.043431 1.70 0.95 0.84 -1.65 1.92 12.93 -0.854398 0
7 62 pedestrian 0 0 -1.464044 735.415425 539.247244 780.044468 638.436884 1.58 0.64 0.55 -0.95 2.37 20.76 -1.510234 0
7 47 pedestrian 0 0 2.834390 1417.459141 520.482775 1452.076331 590.033878 1.58 0.64 0.55 14.35 2.26 29.38 -2.994482 0
7 48 bicycle 0 0 -3.100160 997.661179 556.332993 1088.341866 612.378482 1.08 0.65 1.81 4.70 2.45 26.24 -2.923001 0
8 2 car 0 0 1.049802 0.000000 455.715269 185.918688 631.565682 2.11 1.82 4.73 -10.86 1.69 17.20 0.530869 0
8 61 pedestrian 0 0 -1.353132 680.966664 516.158835 729.855000 625.261553 1.68 0.64 0.55 -1.74 2.08 19.98 -1.440445 0
8 56 pedestrian 0 0 -0.863958 1091.053532 513.688961 1139.834737 608.241272 1.67 0.64 0.55 5.41 2.08 22.90 -0.631973 0
8 15 pedestrian 0 0 -3.000431 916.707251 458.169382 953.886627 535.151558 1.88 0.72 0.80 2.96 1.07 31.44 -2.906717 0
8 18 car 0 0 -1.950504 0.000000 450.075470 618.872241 900.000000 1.85 1.82 4.29 -3.12 1.70 7.21 -2.331190 0
8 21 pedestrian 0 0 2.153914 1467.056755 505.012680 1515.035580 589.382967 1.66 0.64 0.55 13.49 1.93 25.33 2.643475 0
8 22 pedestrian 0 0 -1.322768 642.008820 512.007214 691.084097 625.698096 1.78 0.64 0.55 -2.40 2.12 20.31 -1.440445 0
8 52 pedestrian 0 0 2.947916 1096.431614 459.456294 1146.697175 533.272576 1.79 0.67 1.08 7.51 1.01 31.17 -3.098711 0
8 26 car 0 0 0.347214 555.969281 495.497507 771.647787 567.697775 1.53 1.81 4.52 -3.45 1.65 28.89 0.227405 0
8 29 pedestrian 0 0 -0.961267 1476.048264 518.295687 1533.772365 624.843467 1.74 0.64 0.55 11.53 2.19 21.21 -0.463217 0
8 53 pedestrian 0 0 -0.804083 1173.522398 523.240046 1238.736919 634.777049 1.74 0.73 0.67 6.28 2.26 20.40 -0.505442 0
8 42 car 0 0 0.733763 0.000000 500.233615 310.479404 605.674084 1.55 1.92 4.89 -11.04 1.73 20.79 0.252697 0
8 43 car 0 0 0.670645 58.212144 419.220148 449.456741 599.423067 3.06 2.42 6.52 -10.40 1.82 23.55 0.252697 0
8 44 pedestrian 0 0 -0.715460 607.724891 495.466754 742.475085 683.524218 1.70 0.95 0.84 -1.35 1.74 12.10 -0.826471 0
8 62 pedestrian 0 0 -1.484830 739.511661 527.765059 784.349377 630.508342 1.58 0.64 0.55 -0.85 2.17 20.03 -1.527710 0
8 47 pedestrian 0 0 2.835374 1415.942305 495.461609 1452.052050 567.788268 1.58 0.64 0.55 13.74 1.68 28.18 -2.993989 0
8 48 bicycle 0 0 -3.108844 1007.374367 534.916244 1102.642385 593.360720 1.08 0.65 1.81 4.70 1.96 24.89 -2.922513 0
9 2 car 0 0 1.069936 0.000000 431.990108 148.114155 623.249960 2.11 1.82 4.73 -10.69 1.43 15.99 0.539822 0
9 61 pedestrian 0 0 -1.361763 702.441241 502.063763 752.706095 615.546385 1.68 0.64 0.55 -1.34 1.85 19.24 -1.431684 0
9 56 pedestrian 0 0 -0.878349 1152.116239 492.013724 1204.861647 592.414673 1.67 0.64 0.55 6.17 1.68 21.57 -0.599766 0
9 15 pedestrian 0 0 -2.982809 904.657680 435.646614 943.878243 515.861318 1.88 0.72 0.80 2.58 0.57 30.18 -2.897734 0
9 18 car 0 0 -1.995610 0.000000 421.640574 398.673230 900.000000 1.85 1.82 4.29 -4.27 1.56 6.85 -2.448922 0
9 21 pedestrian 0 0 2.144624 1494.616722 482.728428 1547.231368 573.193296 1.66 0.64 0.55 13.14 1.50 23.62 2.652381 0
9 22 pedestrian 0 0 -1.323777 653.607852 491.876032 704.550284 610.752273 1.78 0.64 0.55 -2.10 1.79 19.42 -1.431684 0
9 63 pedestrian 0 0 -2.592559 408.042227 473.427168 474.942985 566.015056 1.78 0.88 0.93 -7.38 1.43 24.97 -2.880280 0
9 52 pedestrian 0 0 3.012513 1122.673315 435.451210 1174.590086 513.036396 1.79 0.67 1.08 7.77 0.49 29.64 -3.014016 0
9 26 car 0 0 0.351327 557.051648 473.451219 783.073067 549.166650 1.53 1.81 4.52 -3.15 1.16 27.53 0.236388 0
9 29 pedestrian 0 0 -1.004554 1586.299903 496.346366 1600.000000 610.762603 1.74 0.64 0.55 12.51 1.82 19.76 -0.454304 0
9 53 pedestrian 0 0 -0.852709 1245.634942 505.195217 1316.640758 623.765315 1.74 0.73 0.67 7.05 1.95 19.21 -0.500904 0
9 42 car 0 0 0.748895 0.000000 481.209597 290.593246 593.998507 1.55 1.92 4.89 -10.83 1.42 19.52 0.261679 0
9 43 car 0 0 0.691819 29.459941 394.231827 441.032462 586.207150 3.06 2.42 6.52 -10.16 1.47 22.25 0.261679 0
9 44 pedestrian 0 0 -0.734861 638.168459 476.627986 784.227720 682.106605 1.70 0.95 0.84 -0.92 1.57 11.12 -0.817637 0
9 62 pedestrian 0 0 -1.493420 760.919047 505.881041 806.948361 612.203844 1.58 0.64 0.55 -0.49 1.81 19.34 -1.518946 0
9 47 pedestrian 0 0 2.833515 1431.733745 473.413886 1470.443270 549.443045 1.58 0.64 0.55 13.43 1.21 26.80 -2.985004 0
9 48 bicycle 0 0 -3.121597 1032.789789 513.967293 1134.483469 575.979110 1.08 0.65 1.81 4.95 1.52 23.46 -2.913530 0
10 2 car 0 0 1.108965 0.000000 418.256177 180.559769 621.669260 2.11 1.82 4.73 -9.82 1.31 15.22 0.588439 0
10 61 pedestrian 0 0 -1.370086 774.261257 482.298356 825.658736 600.535106 1.68 0.64 0.55 -0.23 1.55 18.43 -1.382962 0
10 56 pedestrian 0 0 -0.908633 1293.941533 466.292382 1352.911533 574.695118 1.67 0.64 0.55 7.98 1.27 19.93 -0.527724 0
10 15 pedestrian 0 0 -2.981934 965.011913 415.379452 1005.990442 499.488246 1.88 0.72 0.80 3.86 0.17 28.82 -2.849089 0
10 18 car 0 0 -2.068719 0.000000 408.156351 214.687284 892.970936 1.85 1.82 4.29 -5.32 1.49 6.75 -2.579044 0
10 22 pedestrian 0 0 -1.340471 736.642177 473.686438 788.204231 597.323523 1.78 0.64 0.55 -0.79 1.52 18.65 -1.382962 0
10 63 pedestrian 0 0 -2.560370 429.742732 455.367292 498.351312 550.534903 1.78 0.88 0.93 -6.73 1.09 24.23 -2.831638 0
10 52 pedestrian 0 0 3.071010 1211.974777 411.167050 1266.581801 494.007522 1.79 0.67 1.08 9.27 0.04 27.78 -2.889805 0
10 26 car 0 0 0.349515 616.940561 456.280101 852.047115 534.415448 1.53 1.81 4.52 -1.68 0.80 26.29 0.285034 0
10 53 pedestrian 0 0 -0.890048 1396.302474 483.320948 1476.474349 611.536815 1.74 0.73 0.67 8.69 1.63 17.76 -0.434702 0
10 42 car 0 0 0.783498 0.000000 465.101658 335.802062 581.606435 1.55 1.92 4.89 -9.77 1.17 18.69 0.310322 0
10 43 car 0 0 0.708231 74.447704 376.436513 493.457185 578.576387 3.06 2.42 6.52 -8.96 1.27 21.38 0.310322 0
10 44 pedestrian 0 0 -0.778303 749.314045 462.620777 907.115862 687.071248 1.70 0.95 0.84 0.09 1.47 10.21 -0.768869 0
10 62 pedestrian 0 0 -1.508735 841.498940 487.563481 888.590501 598.605288 1.58 0.64 0.55 0.72 1.53 18.48 -1.470238 0
10 47 pedestrian 0 0 2.825488 1522.073305 446.383747 1565.207782 528.075201 1.58 0.64 0.55 14.30 0.70 24.91 -2.936347 0
10 48 bicycle 0 0 3.140852 1121.313653 494.985873 1232.560123 561.288549 1.08 0.65 1.81 6.20 1.16 21.80 -2.864883 0
11 2 car 0 0 1.175177 0.000000 420.860779 310.190604 631.011206 2.11 1.82 4.73 -8.03 1.35 14.95 0.694022 0
11 61 pedestrian 0 0 -1.389677 931.970634 481.733192 986.219071 606.427751 1.68 0.64 0.55 1.98 1.55 17.52 -1.277370 0
11 56 pedestrian 0 0 -0.963120 1554.157425 461.954086 1600.000000 585.140408 1.67 0.64 0.55 10.73 1.26 17.56 -0.422142 0
11 15 pedestrian 0 0 -2.970212 1086.037940 410.228113 1130.737922 499.423842 1.88 0.72 0.80 6.28 0.16 27.24 -2.743510 0
11 18 car 0 0 -2.008445 0.000000 415.745124 56.548295 870.283017 1.85 1.82 4.29 -6.29 1.50 7.09 -2.565044 0
11 22 pedestrian 0 0 -1.353292 885.517344 474.412785 939.684056 604.230173 1.78 0.64 0.55 1.36 1.55 17.81 -1.277370 0
11 63 pedestrian 0 0 -2.533877 535.550072 454.078288 604.140046 550.952173 1.78 0.88 0.93 -4.63 1.08 23.84 -2.726058 0
11 52 pedestrian 0 0 3.122640 1399.952478 406.875605 1462.144187 498.418071 1.79 0.67 1.08 12.25 0.12 25.25 -2.708606 0
11 25 car 0 0 0.932651 0.000000 463.914128 134.172865 562.406903 1.52 1.72 4.61 -13.93 1.06 21.43 0.398449 0
11 26 car 0 0 0.339471 757.478378 456.818289 1004.704301 539.852160 1.53 1.81 4.52 1.27 0.85 24.99 0.390613 0
11 42 car 0 0 0.808152 115.254758 467.022794 469.474911 587.834873 1.55 1.92 4.89 -7.60 1.21 18.32 0.415901 0
11 43 car 0 0 0.715794 219.037060 376.519662 630.298081 586.923085 3.06 2.42 6.52 -6.50 1.34 20.91 0.415901 0
11 44 pedestrian 0 0 -0.841537 954.444504 459.729146 1134.419151 711.609200 1.70 0.95 0.84 1.64 1.47 9.16 -0.663284 0
11 62 pedestrian 0 0 -1.535698 1010.030864 489.190640 1060.027106 607.173789 1.58 0.64 0.55 3.02 1.56 17.46 -1.364645 0
11 48 bicycle 0 0 3.110094 1307.493765 498.326523 1437.313182 572.789408 1.08 0.65 1.81 8.61 1.21 19.67 -2.759304 0
12 2 car 0 0 1.189771 218.713416 424.457258 527.176782 639.256457 2.11 1.82 4.73 -5.34 1.40 14.83 0.853043 0
12 60 car 0 0 1.099273 0.000000 447.201055 107.939487 540.267604 1.76 1.86 5.00 -16.88 0.88 26.08 0.557434 0
12 55 car 0 0 1.260654 60.881521 463.027978 208.379154 533.349209 1.59 1.89 4.67 -16.77 0.90 31.06 0.766885 0
12 61 pedestrian 0 0 -1.425622 1212.722371 464.071535 1272.699586 599.148866 1.68 0.64 0.55 5.44 1.33 16.16 -1.100815 0
12 57 car 0 0 1.135491 0.000000 422.145259 42.445112 520.376800 2.46 2.10 5.37 -23.26 0.68 34.05 0.574888 0
12 15 pedestrian 0 0 -2.973176 1309.269511 391.587659 1360.407147 489.694040 1.88 0.72 0.80 10.17 -0.05 24.84 -2.584525 0
12 18 car 0 0 -1.933620 0.000000 444.061480 91.096691 817.313018 1.85 1.82 4.29 -6.65 1.57 8.31 -2.480325 0
12 22 pedestrian 0 0 -1.427153 1155.202690 468.208803 1213.048309 608.605071 1.78 0.64 0.55 4.79 1.48 16.50 -1.144461 0
12 63 pedestrian 0 0 -2.517230 718.426577 449.439717 787.763290 548.115621 1.78 0.88 0.93 -1.17 1.01 23.44 -2.567072 0
12 25 car 0 0 0.983055 117.936045 467.163965 366.383689 563.517876 1.52 1.72 4.61 -10.10 1.11 22.17 0.557434 0
12 26 car 0 0 0.317080 979.529025 449.337808 1252.779863 540.455301 1.53 1.81 4.52 5.44 0.78 23.18 0.549597 0
12 42 car 0 0 0.809598 342.460466 467.519958 684.429188 592.548216 1.55 1.92 4.89 -4.39 1.23 18.03 0.574888 0
12 43 car 0 0 0.709604 440.625367 369.140915 848.614026 589.925280 3.06 2.42 6.52 -2.89 1.32 20.41 0.574888 0
12 44 pedestrian 0 0 -0.947276 1302.528223 445.334251 1531.763206 744.833596 1.70 0.95 0.84 3.67 1.42 7.79 -0.504259 0
12 62 pedestrian 0 0 -1.573296 1276.204705 479.615617 1332.193857 609.064651 1.58 0.64 0.55 6.14 1.44 15.93 -1.205538 0
13 2 car 0 0 1.185991 495.125857 406.877257 801.810420 635.904916 2.11 1.82 4.73 -2.07 1.26 14.17 1.054259 0
13 60 car 0 0 1.137708 219.549786 441.819135 404.171748 530.371227 1.76 1.86 5.00 -11.06 0.70 27.58 0.758673 0
13 55 car 0 0 1.267019 361.685991 453.005289 490.362368 520.512599 1.59 1.89 4.67 -10.05 0.61 32.38 0.968104 0
13 57 car 0 0 1.178849 202.691916 416.980313 350.834433 508.476161 2.46 2.10 5.37 -15.69 0.38 36.67 0.776125 0
13 18 car 0 0 -1.789342 0.000000 427.442791 205.733818 725.458417 1.85 1.82 4.29 -6.46 1.39 10.06 -2.302356 0
13 22 pedestrian 0 0 -1.504960 1535.973189 457.778575 1600.000000 621.194123 1.78 0.64 0.55 8.50 1.41 14.24 -0.969275 0
13 63 pedestrian 0 0 -2.512390 966.846511 435.937907 1039.568653 539.575119 1.78 0.88 0.93 3.30 0.81 22.37 -2.365835 0
13 25 car 0 0 0.986184 408.463534 461.649043 637.669450 559.016333 1.52 1.72 4.61 -5.26 1.01 22.34 0.758673 0
13 64 car 0 0 1.220524 121.520035 435.914830 250.279106 507.106729 1.76 1.69 4.35 -16.66 0.32 33.38 0.758673 0
13 26 car 0 0 0.289118 1292.851799 428.185346 1600.000000 535.622439 1.53 1.81 4.52 10.21 0.56 20.21 0.750837 0
13 42 car 0 0 0.794405 617.717053 457.899304 968.509151 592.286042 1.55 1.92 4.89 -0.46 1.11 17.17 0.776125 0
13 43 car 0 0 0.685664 713.947746 347.975964 1148.336056 590.548583 3.06 2.42 6.52 1.49 1.16 19.18 0.776125 0
13 67 car 0 0 1.296507 10.622517 438.246377 116.657059 493.907114 1.66 1.79 4.38 -23.72 0.01 39.86 0.760292 0
14 2 car 0 0 1.154194 812.617765 401.611866 1169.673932 667.000485 2.11 1.82 4.73 1.45 1.33 12.59 1.291416 0
14 60 car 0 0 1.139050 547.688187 445.805869 719.435846 534.958867 1.76 1.86 5.00 -4.11 0.80 27.75 0.995769 0
14 55 car 0 0 1.266537 676.624375 460.414767 800.475291 529.089192 1.59 1.89 4.67 -2.07 0.82 32.18 1.205246 0
14 57 car 0 0 1.180801 535.011391 421.912028 669.061623 511.250128 2.46 2.10 5.37 -6.47 0.48 37.67 1.013225 0
14 18 car 0 0 -1.699613 168.370266 440.680053 426.265370 677.119969 1.85 1.82 4.29 -5.17 1.40 12.25 -2.088519 0
14 63 pedestrian 0 0 -2.523027 1299.570207 433.721093 1386.830309 550.105015 1.78 0.88 0.93 8.31 0.88 19.98 -2.128734 0
14 25 car 0 0 0.976494 722.700486 463.361467 958.659564 567.133930 1.52 1.72 4.61 0.27 1.07 21.28 0.995769 0
14 64 car 0 0 1.224303 465.194220 449.381517 578.209686 518.392818 1.76 1.69 4.35 -8.14 0.64 34.74 0.995769 0
14 42 car 0 0 0.753067 944.074889 455.090616 1362.674645 613.367980 1.55 1.92 4.89 3.77 1.15 15.15 1.013225 0
14 43 car 0 0 0.635551 1046.211130 326.766062 1591.143252 620.121776 3.06 2.42 6.52 6.14 1.27 16.65 1.013225 0
14 67 car 0 0 1.297254 379.675531 445.750110 469.734743 498.798698 1.66 1.79 4.38 -13.07 0.17 42.10 0.997389 0
15 2 car 0 0 1.103903 1172.652350 382.828576 1600.000000 740.889499 2.11 1.82 4.73 4.42 1.43 9.92 1.526870 0
15 60 car 0 0 1.128221 854.962026 449.062244 1039.414091 545.427811 1.76 1.86 5.00 2.53 0.94 25.97 1.231234 0
15 55 car 0 0 1.255065 985.308347 463.367629 1122.898031 537.741946 1.59 1.89 4.67 5.48 0.95 29.83 1.440705 0
15 57 car 0 0 1.175057 840.352252 423.852245 979.018589 517.461929 2.46 2.10 5.37 2.55 0.63 36.17 1.248689 0
15 18 car 0 0 -1.700802 464.436177 455.107839 673.120919 652.507095 1.85 1.82 4.29 -2.94 1.48 14.28 -1.893793 0
15 25 car 0 0 0.944721 1045.958956 466.355450 1332.796496 587.154512 1.52 1.72 4.61 5.28 1.18 18.65 1.231234 0
15 64 car 0 0 1.221412 771.869496 453.643033 885.542566 525.118980 1.76 1.69 4.35 0.25 0.79 33.72 1.231234 0
15 65 pedestrian 0 0 1.655899 271.581491 444.911076 293.614331 494.679285 1.77 0.64 0.55 -19.21 0.10 45.59 1.257081 0
15 42 car 0 0 0.774762 1331.667000 451.532327 1600.000000 665.454097 1.55 1.92 4.89 7.32 1.23 11.90 1.248689 0
15 43 car 0 0 0.737139 1454.455524 273.585986 1600.000000 689.015292 3.06 2.42 6.52 9.98 1.40 12.82 1.248689 0
15 67 car 0 0 1.292660 696.342509 450.860495 784.531329 505.123887 1.66 1.79 4.38 -2.54 0.38 41.34 1.232853 0
16 2 car 0 0 1.158359 1584.501318 331.934979 1600.000000 900.000000 2.11 1.82 4.73 6.10 1.55 6.68 1.708093 0
16 60 car 0 0 1.105567 1105.395333 447.402946 1329.909808 557.620229 1.76 1.86 5.00 7.03 1.02 22.83 1.412497 0
16 55 car 0 0 1.233746 1248.239134 467.888679 1420.088288 552.421826 1.59 1.89 4.67 10.53 1.12 26.14 1.621941 0
16 57 car 0 0 1.163682 1081.782209 423.182395 1241.568976 526.635542 2.46 2.10 5.37 8.81 0.80 32.87 1.429951 0
16 18 car 0 0 -1.720536 658.824324 457.268296 852.232345 631.642503 1.85 1.82 4.29 -0.90 1.46 15.71 -1.768460 0
16 25 car 0 0 0.932926 1349.773583 468.176649 1600.000000 620.142420 1.52 1.72 4.61 8.47 1.26 15.14 1.412497 0
16 64 car 0 0 1.213048 1008.167614 456.715888 1136.343081 534.643465 1.76 1.69 4.35 6.13 0.94 30.85 1.412497 0
16 65 pedestrian 0 0 1.650705 498.172869 444.754662 518.359200 494.661593 1.77 0.64 0.55 -11.02 0.11 45.31 1.412130 0
16 67 car 0 0 1.289159 927.956025 450.475199 1022.730952 507.666221 1.66 1.79 4.38 4.82 0.44 38.98 1.414116 0
17 60 car 0 0 1.065246 1221.243043 435.503446 1502.255048 564.770980 1.76 1.86 5.00 8.26 0.95 19.81 1.471958 0
17 55 car 0 0 1.193257 1380.245900 457.095885 1597.190229 554.978222 1.59 1.89 4.67 11.97 0.98 22.94 1.681386 0
17 57 car 0 0 1.141947 1181.364793 409.662221 1368.451530 524.960618 2.46 2.10 5.37 10.58 0.66 29.75 1.489410 0
17 18 car 0 0 -1.659839 712.624521 434.377915 874.868372 593.412339 1.85 1.82 4.29 -0.43 1.14 16.95 -1.677620 0
17 25 car 0 0 0.935396 1538.980079 459.781087 1600.000000 659.071189 1.52 1.72 4.61 9.22 1.24 12.06 1.471958 0
17 64 car 0 0 1.197486 1098.591804 444.652070 1247.134425 531.489382 1.76 1.69 4.35 7.72 0.77 27.86 1.471958 0
17 65 pedestrian 0 0 1.665214 557.358415 429.547979 578.539628 482.547518 1.77 0.64 0.55 -8.37 -0.31 42.68 1.471592 0
17 67 car 0 0 1.281112 1010.407715 435.365184 1115.719205 497.226047 1.66 1.79 4.38 6.96 0.11 36.17 1.473577 0
18 60 car 0 0 1.027228 1333.979836 457.788877 1600.000000 616.741602 1.76 1.86 5.00 8.91 1.38 16.68 1.501878 0
18 55 car 0 0 1.183074 1510.631770 481.410393 1600.000000 599.687608 1.59 1.89 4.67 12.74 1.45 19.69 1.711328 0
18 57 car 0 0 1.101922 1265.542805 427.825666 1490.226725 559.689708 2.46 2.10 5.37 11.54 1.26 26.55 1.519332 0
18 18 car 0 0 -1.619405 745.996747 440.949376 894.172937 591.307149 1.85 1.82 4.29 -0.03 1.22 17.92 -1.616390 0
18 64 car 0 0 1.159881 1177.835472 460.672321 1356.350957 560.394343 1.76 1.69 4.35 8.66 1.21 24.75 1.501878 0
18 65 pedestrian 0 0 1.672426 585.960965 442.571045 609.410470 500.061648 1.77 0.64 0.55 -6.82 0.26 39.53 1.501511 0
18 69 motorcycle 0 0 1.229515 1004.704915 456.211374 1056.444667 520.670869 1.75 0.71 2.23 6.00 0.78 35.57 1.397151 0
18 67 car 0 0 1.260486 1074.746873 457.540129 1195.957274 527.089113 1.66 1.79 4.38 8.16 0.84 32.77 1.507307 0
19 60 car 0 0 1.003477 1472.039124 462.730660 1600.000000 671.190446 1.76 1.86 5.00 9.24 1.53 13.36 1.520290 0
19 57 car 0 0 1.057595 1351.638874 429.441646 1600.000000 583.501684 2.46 2.10 5.37 12.06 1.47 23.18 1.537746 0
19 18 car 0 0 -1.611708 759.168838 449.886511 899.129821 591.925966 1.85 1.82 4.29 0.12 1.32 18.91 -1.601536 0
19 64 car 0 0 1.111489 1253.974579 469.139873 1475.798997 586.499687 1.76 1.69 4.35 9.10 1.43 21.43 1.520290 0
19 70 car 0 0 1.416700 925.394041 460.689318 960.450020 483.176998 1.53 1.88 4.49 9.19 -0.64 92.15 1.516379 0
19 65 pedestrian 0 0 1.682172 595.865177 446.983885 622.074494 510.279085 1.77 0.64 0.55 -5.89 0.52 35.97 1.519923 0
19 69 motorcycle 0 0 1.216882 1085.916964 464.827866 1152.531009 545.947585 1.75 0.71 2.23 6.80 1.17 28.53 1.451692 0
19 71 pedestrian 0 0 1.670551 613.089011 451.619137 635.018172 499.230549 1.84 0.74 0.79 -7.53 0.29 49.66 1.519923 0
19 67 car 0 0 1.231877 1133.309502 467.607470 1276.213114 546.792831 1.66 1.79 4.38 8.82 1.16 29.16 1.529529 0
20 73 car 0 0 1.479896 901.389866 459.581572 928.317080 479.926362 1.46 1.68 4.63 7.65 -0.94 98.57 1.557586 0
20 57 car 0 0 1.047007 1447.043582 425.213765 1600.000000 606.925270 2.46 2.10 5.37 12.43 1.57 20.08 1.556329 0
20 74 pedestrian 0 0 -1.917440 1165.564060 457.826406 1187.165653 495.943343 1.79 0.71 0.87 17.20 0.20 60.50 -1.640408 0
20 18 car 0 0 -1.606989 775.887545 452.005977 909.425178 587.537425 1.85 1.82 4.29 0.35 1.32 19.75 -1.586154 0
20 64 car 0 0 1.061758 1341.880851 470.174063 1600.000000 609.875385 1.76 1.69 4.35 9.44 1.50 18.38 1.538873 0
20 70 car 0 0 1.409555 956.813478 462.983504 995.033930 487.064976 1.53 1.88 4.49 10.81 -0.33 86.01 1.534963 0
20 65 pedestrian 0 0 1.698550 597.222805 447.015763 626.449402 516.736299 1.77 0.64 0.55 -5.28 0.64 32.70 1.538506 0
20 69 motorcycle 0 0 1.185471 1186.357963 466.539266 1277.956156 572.452333 1.75 0.71 2.23 7.23 1.34 22.13 1.502774 0
20 71 pedestrian 0 0 1.680899 622.832722 452.442543 646.586402 503.547148 1.84 0.74 0.79 -6.64 0.43 46.32 1.538506 0
20 67 car 0 0 1.204137 1190.191391 468.281855 1359.450353 558.714575 1.66 1.79 4.38 9.22 1.24 25.85 1.551539 0
21 73 car 0 0 1.472758 926.811320 472.035235 956.880430 494.281658 1.46 1.68 4.63 8.88 0.16 89.79 1.571595 0
21 57 car 0 0 1.020717 1584.108710 424.442912 1600.000000 653.837203 2.46 2.10 5.37 12.66 1.78 16.47 1.570338 0
21 74 pedestrian 0 0 -1.929880 1201.348863 469.894769 1224.343964 510.114715 1.79 0.71 0.87 17.95 0.83 57.34 -1.626402 0
21 18 car 0 0 -1.602749 791.720095 462.551225 918.354093 591.131247 1.85 1.82 4.29 0.58 1.47 20.70 -1.572145 0
21 64 car 0 0 1.036832 1469.477770 479.593300 1600.000000 659.056991 1.76 1.69 4.35 9.63 1.68 14.79 1.552881 0
21 70 car 0 0 1.398393 987.166738 474.979686 1029.664261 501.126351 1.53 1.88 4.49 11.95 0.57 78.99 1.548970 0
21 65 pedestrian 0 0 1.720101 585.154208 456.878795 618.890033 536.168231 1.77 0.64 0.55 -4.86 1.00 28.78 1.552514 0
21 69 motorcycle 0 0 1.043229 1373.551898 475.488987 1539.716322 636.151225 1.75 0.71 2.23 7.50 1.59 14.97 1.511388 0
21 71 pedestrian 0 0 1.693190 623.789674 463.471653 650.067008 519.446023 1.84 0.74 0.79 -5.99 0.92 42.30 1.552514 0
21 67 car 0 0 1.156951 1263.321772 477.335905 1477.305914 585.450010 1.66 1.79 4.38 9.43 1.48 21.98 1.569354 0
22 75 pedestrian 0 0 -2.163308 778.539407 461.334964 811.486196 522.204019 1.90 0.80 0.64 -0.67 0.96 40.06 -2.180089 0
22 73 car 0 0 1.463307 944.510757 475.365437 978.536246 499.917473 1.46 1.68 4.63 9.23 0.51 80.77 1.577507 0
22 74 pedestrian 0 0 -1.945434 1230.656795 471.366980 1255.172801 513.989619 1.79 0.71 0.87 18.20 0.95 54.02 -1.620483 0
22 18 car 0 0 -1.605311 805.554036 467.532235 926.009568 589.875277 1.85 1.82 4.29 0.78 1.53 21.55 -1.566233 0
22 76 pedestrian 0 0 1.220344 654.932661 469.447429 687.415937 524.995932 1.60 0.66 0.88 -4.26 0.97 37.12 1.106272 0
22 70 car 0 0 1.384113 1010.746011 477.421302 1058.580172 506.045338 1.53 1.88 4.49 12.33 0.80 71.76 1.554885 0
22 65 pedestrian 0 0 1.750146 550.445735 457.702755 590.459888 550.711463 1.77 0.64 0.55 -4.76 1.13 24.53 1.558428 0
22 71 pedestrian 0 0 1.708837 609.639627 466.179549 639.034132 528.508479 1.84 0.74 0.79 -5.75 1.10 37.96 1.558428 0
22 67 car 0 0 1.065888 1359.043094 476.599712 1600.000000 611.876533 1.66 1.79 4.38 9.55 1.51 17.91 1.548335 0
23 75 pedestrian 0 0 -2.131244 764.857901 459.699806 800.612073 526.994845 1.90 0.80 0.64 -0.96 1.01 36.20 -2.157715 0
23 73 car 0 0 1.448913 966.302274 473.048295 1006.281291 500.886819 1.46 1.68 4.63 9.43 0.50 70.50 1.582372 0
23 74 pedestrian 0 0 -1.967281 1267.596582 465.647985 1294.294981 511.499328 1.79 0.71 0.87 18.37 0.79 50.07 -1.615609 0
23 18 car 0 0 -1.606116 816.176452 462.523605 929.772810 577.899941 1.85 1.82 4.29 0.95 1.42 22.54 -1.561368 0
23 76 pedestrian 0 0 1.246108 648.540444 468.723801 685.094999 533.270376 1.60 0.66 0.88 -3.77 1.04 31.93 1.128642 0
23 70 car 0 0 1.362476 1041.379864 474.625011 1097.409910 506.781597 1.53 1.88 4.49 12.59 0.75 63.26 1.559753 0
23 65 pedestrian 0 0 1.800005 485.208696 451.735277 536.327480 568.599216 1.77 0.64 0.55 -4.70 1.17 19.52 1.563296 0
23 71 pedestrian 0 0 1.731501 584.197826 463.755494 618.236612 535.681801 1.84 0.74 0.79 -5.57 1.14 32.83 1.563296 0
23 67 car 0 0 0.988590 1533.021086 461.447092 1600.000000 654.013209 1.66 1.79 4.38 9.63 1.43 13.12 1.523414 0
24 75 pedestrian 0 0 -2.116052 749.201153 454.344323 788.952359 529.313909 1.90 0.80 0.64 -1.21 0.96 32.54 -2.153298 0
24 73 car 0 0 1.431202 990.957392 468.933437 1038.918297 500.958050 1.46 1.68 4.63 9.54 0.44 61.09 1.586810 0
24 74 pedestrian 0 0 -1.991388 1307.677135 461.226464 1337.139579 510.768232 1.79 0.71 0.87 18.53 0.70 46.38 -1.611171 0
24 18 car 0 0 -1.608068 826.062836 457.362191 936.110804 569.088081 1.85 1.82 4.29 1.12 1.31 23.21 -1.556929 0
24 76 pedestrian 0 0 1.276594 634.676416 463.213122 676.623620 538.990517 1.60 0.66 0.88 -3.46 1.01 27.28 1.150440 0
24 70 car 0 0 1.336637 1076.110703 470.771107 1142.939243 507.450446 1.53 1.88 4.49 12.78 0.69 55.43 1.564192 0
24 65 pedestrian 0 0 1.874187 380.117619 433.424662 450.974935 587.579877 1.77 0.64 0.55 -4.70 1.11 14.86 1.567734 0
24 71 pedestrian 0 0 1.759284 550.234583 455.174061 591.115085 539.615449 1.84 0.74 0.79 -5.43 1.05 28.03 1.567734 0
25 75 pedestrian 0 0 -2.095653 714.897265 450.531491 759.545721 535.750390 1.90 0.80 0.64 -1.79 0.99 28.69 -2.157989 0
25 77 bus 0 0 1.442856 981.276235 435.035236 1051.456926 492.803358 3.26 2.91 12.15 12.47 0.03 80.03 1.599565 0
25 73 car 0 0 1.406773 1010.770711 464.899071 1070.480524 502.673603 1.46 1.68 4.63 9.07 0.45 51.53 1.582114 0
25 74 pedestrian 0 0 -2.020041 1341.403977 455.047136 1374.486737 508.846799 1.79 0.71 0.87 18.25 0.58 42.67 -1.615865 0
25 18 car 0 0 -1.606066 819.634470 453.777156 925.534763 561.198448 1.85 1.82 4.29 1.00 1.22 23.98 -1.561626 0
25 76 pedestrian 0 0 1.314846 598.195317 459.500391 647.486764 552.202894 1.60 0.66 0.88 -3.43 1.05 22.40 1.163283 0
25 70 car 0 0 1.304089 1106.218323 466.774675 1187.662904 509.333421 1.53 1.88 4.49 12.43 0.66 47.89 1.559496 0
25 65 pedestrian 0 0 2.008110 154.456903 404.938222 269.940256 636.407243 1.77 0.64 0.55 -4.75 1.11 9.98 1.563039 0
25 71 pedestrian 0 0 1.801070 483.365180 447.666853 534.624247 550.849965 1.84 0.74 0.79 -5.57 1.06 22.98 1.563039 0
26 75 pedestrian 0 0 -2.066434 673.853778 449.330299 725.666381 548.566986 1.90 0.80 0.64 -2.27 1.10 24.71 -2.158173 0
26 77 bus 0 0 1.409104 990.380780 434.517572 1075.166843 498.377049 3.26 2.91 12.15 12.14 0.35 72.21 1.578427 0
26 73 car 0 0 1.370282 1044.370668 465.978132 1123.107839 512.810533 1.46 1.68 4.63 8.76 0.69 41.84 1.578427 0
26 74 pedestrian 0 0 -2.055055 1386.821923 456.427541 1424.239712 515.644419 1.79 0.71 0.87 18.06 0.74 38.82 -1.619551 0
26 18 car 0 0 -1.604415 814.583988 452.058876 917.039793 556.066731 1.85 1.82 4.29 0.91 1.17 24.68 -1.565312 0
26 76 pedestrian 0 0 1.415338 548.702433 456.801042 607.289416 576.818954 1.60 0.66 0.88 -3.28 1.14 17.41 1.229366 0
26 70 car 0 0 1.258691 1152.151826 468.968809 1255.890570 520.113140 1.53 1.88 4.49 12.22 0.88 40.21 1.555810 0
26 71 pedestrian 0 0 1.869417 375.207009 437.893914 445.811423 571.318160 1.84 0.74 0.79 -5.71 1.10 17.86 1.559353 0
27 75 pedestrian 0 0 -2.027558 616.430899 446.631853 681.623805 566.126636 1.90 0.80 0.64 -2.72 1.20 20.59 -2.158856 0
27 77 bus 0 0 1.388307 1003.862312 443.194283 1105.781309 515.843743 3.26 2.91 12.15 11.86 1.18 64.26 1.574495 0
27 73 car 0 0 1.315181 1096.038085 478.760918 1208.423148 541.561860 1.46 1.68 4.63 8.57 1.22 32.70 1.574495 0
27 74 pedestrian 0 0 -2.097935 1444.542993 478.340115 1488.693883 545.065527 1.79 0.71 0.87 17.89 1.45 34.85 -1.623517 0
27 18 car 0 0 -1.590681 814.660156 455.218309 916.444170 558.475496 1.85 1.82 4.29 0.96 1.24 25.44 -1.551783 0
27 79 pedestrian 0 0 1.558348 671.860692 446.590183 690.967606 490.212546 1.75 0.72 0.87 -5.55 -0.07 52.13 1.452264 0
27 76 pedestrian 0 0 1.544284 454.806972 445.490682 533.255255 617.975996 1.60 0.66 0.88 -3.13 1.19 12.28 1.295124 0
27 70 car 0 0 1.190255 1223.311622 485.711961 1367.245180 552.636813 1.53 1.88 4.49 12.06 1.46 32.21 1.551864 0
27 71 pedestrian 0 0 1.988033 173.038490 406.274657 289.828488 599.066829 1.84 0.74 0.79 -5.80 1.03 12.61 1.555409 0
28 75 pedestrian 0 0 -1.966800 533.789467 450.741484 615.219303 601.648369 1.90 0.80 0.64 -3.13 1.40 16.41 -2.155433 0
28 77 bus 0 0 1.363798 1025.609542 449.178097 1148.100058 532.774869 3.26 2.91 12.15 11.79 1.77 56.56 1.574297 0
28 73 car 0 0 1.219759 1193.723600 489.311978 1376.414941 579.532870 1.46 1.68 4.63 8.51 1.51 23.43 1.574297 0
28 74 pedestrian 0 0 -2.148697 1523.903090 490.243098 1575.645316 566.051095 1.79 0.71 0.87 17.78 1.78 30.71 -1.623713 0
28 18 car 0 0 -1.595837 811.741849 468.514420 909.782863 568.047252 1.85 1.82 4.29 0.88 1.49 26.27 -1.560717 0
28 79 pedestrian 0 0 1.578976 655.222333 465.261865 676.609414 513.572013 1.75 0.72 0.87 -5.56 0.80 46.87 1.460808 0
28 76 pedestrian 0 0 1.728561 186.440081 431.329929 353.102483 741.725317 1.60 0.66 0.88 -3.01 1.31 7.04 1.321173 0
28 70 car 0 0 1.084427 1345.075026 498.760180 1565.270607 589.802249 1.53 1.88 4.49 12.03 1.74 24.23 1.551667 0
29 75 pedestrian 0 0 -1.868199 391.680290 431.849756 499.565580 638.016966 1.90 0.80 0.64 -3.56 1.36 12.15 -2.152919 0
29 77 bus 0 0 1.330739 1053.351802 434.079888 1205.710984 532.355456 3.26 2.91 12.15 11.70 1.49 48.76 1.573234 0
29 73 car 0 0 1.073877 1395.047658 480.158841 1600.000000 636.631380 1.46 1.68 4.63 8.48 1.42 14.40 1.567414 0
29 18 car 0 0 -1.605052 812.740631 463.919572 907.326378 559.967781 1.85 1.82 4.29 0.87 1.37 26.98 -1.570506 0
29 79 pedestrian 0 0 1.602372 633.480015 469.140851 657.928265 523.435895 1.75 0.72 0.87 -5.59 1.04 41.51 1.468496 0
29 70 car 0 0 1.004462 1572.031345 489.448397 1600.000000 631.317020 1.53 1.88 4.49 12.00 1.58 16.24 1.550609 0
30 75 pedestrian 0 0 -1.671622 73.743740 409.081284 243.338941 744.584064 1.90 0.80 0.64 -3.98 1.45 7.66 -2.150637 0
30 77 bus 0 0 1.281418 1093.387669 431.948770 1296.328099 553.786799 3.26 2.91 12.15 11.61 1.85 40.45 1.571908 0
30 18 car 0 0 -1.608544 811.609398 475.022460 902.895103 567.775359 1.85 1.82 4.29 0.83 1.60 27.83 -1.576192 0
30 79 pedestrian 0 0 1.633882 603.666505 480.558388 632.920813 543.271083 1.75 0.72 0.87 -5.62 1.46 35.97 1.478812 0
31 77 bus 0 0 1.205273 1152.585958 412.504876 1451.258154 574.154014 3.26 2.91 12.15 11.49 1.86 31.85 1.571464 0
31 18 car 0 0 -1.609361 807.736526 479.988282 896.661718 570.377664 1.85 1.82 4.29 0.73 1.69 28.35 -1.580995 0
31 79 pedestrian 0 0 1.676020 559.917718 482.615090 595.999735 557.319572 1.75 0.72 0.87 -5.68 1.56 30.20 1.490020 0
32 77 bus 0 0 1.122771 1245.778584 359.841833 1600.000000 603.395794 3.26 2.91 12.15 11.38 1.64 23.24 1.569483 0
32 18 car 0 0 -1.614924 807.049304 469.010950 895.355024 557.994038 1.85 1.82 4.29 0.72 1.44 28.86 -1.587345 0
32 79 pedestrian 0 0 1.732588 491.834313 469.336534 539.843317 562.829717 1.75 0.72 0.87 -5.74 1.35 24.25 1.499667 0
33 77 bus 0 0 1.068219 1423.877023 228.481982 1600.000000 720.899325 3.26 2.91 12.15 11.36 1.64 14.59 1.570542 0
33 18 car 0 0 -1.617462 806.276633 464.687273 894.170817 552.625900 1.85 1.82 4.29 0.71 1.34 29.27 -1.590655 0
33 79 pedestrian 0 0 1.827465 375.864159 452.995760 447.308015 579.945078 1.75 0.72 0.87 -5.74 1.23 18.00 1.518172 0
33 80 motorcycle 0 0 1.376555 1038.253309 482.657856 1066.298636 517.727678 1.56 0.81 2.37 10.79 1.19 57.99 1.560801 0
34 18 car 0 0 -1.620509 804.718012 470.088301 892.190317 557.148815 1.85 1.82 4.29 0.68 1.46 29.57 -1.595099 0
34 79 pedestrian 0 0 1.993419 130.113420 439.134791 258.813842 636.634427 1.75 0.72 0.87 -5.74 1.30 11.73 1.537002 0
34 80 motorcycle 0 0 1.342341 1081.026906 489.575152 1117.460307 532.626642 1.56 0.81 2.37 10.59 1.52 47.47 1.562177 0
35 18 car 0 0 -1.622946 798.049306 468.088400 886.340455 555.331014 1.85 1.82 4.29 0.53 1.41 29.57 -1.602475 0
35 80 motorcycle 0 0 1.285273 1148.030982 491.078818 1200.088250 547.108343 1.56 0.81 2.37 10.37 1.58 36.79 1.560621 0
35 81 car 0 0 1.411292 999.843159 483.961055 1059.096541 526.581601 1.66 1.75 4.35 8.82 1.43 52.69 1.578079 0
36 18 car 0 0 -1.623632 789.217307 463.301635 876.975457 549.965093 1.85 1.82 4.29 0.32 1.30 29.57 -1.610344 0
36 80 motorcycle 0 0 1.185911 1267.354057 487.524462 1355.318176 569.951487 1.56 0.81 2.37 9.85 1.51 25.31 1.558566 0
36 81 car 0 0 1.369141 1041.031186 478.876983 1123.102164 534.321046 1.66 1.75 4.35 8.48 1.34 40.74 1.576022 0
37 18 car 0 0 -1.602626 785.001112 467.040326 870.039852 553.418255 1.85 1.82 4.29 0.21 1.38 29.58 -1.593740 0
37 82 pedestrian 0 0 1.722320 590.736846 451.657424 621.019102 531.062609 1.99 0.64 0.60 -5.34 1.00 32.19 1.557695 0
37 80 motorcycle 0 0 1.006624 1589.161290 487.501200 1600.000000 642.640825 1.56 0.81 2.37 9.67 1.55 13.99 1.557695 0
37 83 pedestrian 0 0 1.751677 549.444273 479.578851 585.507484 571.981809 1.99 0.64 0.60 -5.44 1.74 27.72 1.557695 0
37 81 car 0 0 1.293383 1116.970145 477.453598 1248.733187 557.938689 1.66 1.75 4.35 8.18 1.43 28.66 1.575148 0
37 84 pedestrian 0 0 -1.415518 584.700146 453.116394 617.278744 538.330233 1.99 0.64 0.60 -5.10 1.10 30.02 -1.583898 0
38 18 car 0 0 -1.586731 788.802781 463.653793 874.530585 550.674932 1.85 1.82 4.29 0.34 1.30 29.53 -1.574571 0
38 82 pedestrian 0 0 1.771337 523.464331 436.828264 564.105369 538.179293 1.99 0.64 0.60 -5.45 0.92 25.34 1.559408 0
38 83 pedestrian 0 0 1.823671 447.751612 457.762975 499.421234 581.616083 1.99 0.64 0.60 -5.62 1.46 20.80 1.559408 0
38 81 car 0 0 1.150402 1302.745763 479.024820 1589.029556 627.488161 1.66 1.75 4.35 8.03 1.58 16.65 1.611781 0
38 84 pedestrian 0 0 -1.382098 538.597641 446.226907 580.277206 551.247620 1.99 0.64 0.60 -4.96 1.14 24.46 -1.582184 0
39 18 car 0 0 -1.571670 792.492783 471.617768 878.682824 559.111564 1.85 1.82 4.29 0.46 1.49 29.41 -1.556415 0
39 82 pedestrian 0 0 1.854653 402.021959 428.032916 462.177470 568.229535 1.99 0.64 0.60 -5.58 1.10 18.40 1.560126 0
39 83 pedestrian 0 0 1.935395 274.829625 434.446064 359.927642 621.417231 1.99 0.64 0.60 -5.46 1.39 13.88 1.560126 0
39 84 pedestrian 0 0 -1.329448 461.704386 430.901842 518.641853 568.215794 1.99 0.64 0.60 -4.83 1.12 18.78 -1.581467 0
