0 0 car 0 0 -0.352148 1133.382851 437.715942 1445.335257 553.895916 1.94 2.06 4.89 8.29 1.42 22.81 0.001691 0
0 2 car 0 0 1.717073 512.249100 473.213535 603.568680 526.904908 1.50 1.94 4.96 -8.09 1.62 38.15 1.505812 0
0 3 car 0 0 1.752521 557.690560 463.925216 638.622989 516.271892 1.70 1.87 4.79 -7.90 1.53 43.77 1.572167 0
0 4 car 0 0 1.627214 742.314825 473.537481 770.384495 492.713437 1.48 1.92 4.78 -5.65 1.79 101.22 1.571208 0
0 6 car 0 0 1.667032 632.595867 452.686485 692.733034 506.600182 2.30 2.08 5.76 -7.41 1.58 57.14 1.536927 0
0 7 car 0 0 1.850788 427.935771 475.000872 561.715392 540.762240 1.46 1.87 4.73 -8.01 1.60 30.72 1.591916 0
0 10 car 0 0 2.665296 1208.212241 453.511769 1600.000000 576.665987 1.56 1.91 4.62 7.97 1.39 17.56 3.097240 0
0 12 car 0 0 1.713817 599.545921 462.679767 670.991289 511.973905 1.83 2.04 4.94 -7.54 1.58 49.81 1.562276 0
0 16 car 0 0 2.783511 1141.463370 462.065439 1443.816276 563.481511 1.49 2.11 4.09 7.40 1.40 20.24 3.139652 0
0 17 car 0 0 -0.489739 1393.915905 444.719522 1600.000000 651.241180 1.72 2.01 4.31 8.00 1.54 11.89 0.001587 0
0 18 car 0 0 -0.588126 1529.614072 421.830807 1600.000000 695.213082 1.71 2.00 4.57 7.96 1.45 9.13 -0.055649 0
0 21 car 0 0 -0.505064 971.209588 461.580976 1166.452354 534.063984 1.76 2.04 4.47 6.20 1.59 32.19 -0.314062 1
0 23 car 0 0 2.960232 935.863052 468.753633 1026.236651 503.686187 1.77 1.96 4.50 8.22 1.74 66.91 3.082905 0
0 24 car 0 0 -0.458472 1279.438603 445.198988 1600.000000 606.828597 1.69 2.01 4.95 8.19 1.47 14.77 -0.003337 0
0 26 truck 0 0 1.936236 216.139651 398.544480 520.705607 570.237731 2.56 2.59 7.42 -7.85 1.52 22.69 1.585636 0
0 27 car 0 0 2.967461 967.679812 463.208600 1089.772483 507.910588 1.88 2.19 5.07 8.98 1.63 55.97 3.127430 0
0 29 car 0 0 2.085783 0.000000 449.175876 168.075280 734.929189 1.87 1.89 4.81 -7.86 1.76 10.75 1.550744 0
0 30 construction_vehicle 0 0 -3.078010 692.254364 465.080447 767.310626 488.223404 2.25 2.52 7.56 -10.00 1.82 129.90 3.128058 0
1 0 car 0 0 -0.422427 1197.377123 438.334812 1591.850503 582.019878 1.94 2.06 4.89 8.26 1.54 18.57 0.003251 0
1 2 car 0 0 1.745170 469.114132 481.821643 577.162460 542.583549 1.50 1.94 4.96 -8.11 1.84 33.93 1.507532 0
1 3 car 0 0 1.771930 528.951068 471.436338 621.422593 529.628620 1.70 1.87 4.79 -7.85 1.78 39.56 1.573891 0
1 4 car 0 0 1.630805 739.286449 481.785945 768.716423 501.762669 1.48 1.92 4.78 -5.60 2.42 97.06 1.572931 0
1 6 car 0 0 1.678897 616.492475 459.667282 682.949858 518.039897 2.30 2.08 5.76 -7.39 1.94 52.92 1.538648 0
1 7 car 0 0 1.899913 356.046153 484.995904 522.394773 562.149650 1.46 1.87 4.73 -8.04 1.79 26.50 1.600039 0
1 34 car 0 0 1.650100 653.215368 477.749187 699.428699 512.589322 1.75 1.97 5.00 -7.92 2.19 66.38 1.530727 0
1 10 car 0 0 2.631051 1318.866778 457.153468 1600.000000 621.670748 1.56 1.91 4.62 7.92 1.48 13.32 3.098802 0
1 12 car 0 0 1.729815 576.845937 470.482876 657.005091 524.507362 1.83 2.04 4.94 -7.55 1.89 45.59 1.563998 0
1 16 car 0 0 2.706420 1216.872141 466.895237 1600.000000 596.542481 1.49 2.11 4.09 7.36 1.49 16.01 3.141212 0
1 35 car 0 0 2.962480 979.086014 476.341442 1095.202427 514.149371 1.40 1.72 4.25 8.22 1.68 49.16 3.128990 0
1 21 car 0 0 -0.546011 1059.502914 468.798665 1282.950147 550.698494 1.76 2.04 4.47 7.81 1.78 28.50 -0.277559 1
1 23 car 0 0 2.954387 942.161475 475.697695 1038.798385 512.879313 1.77 1.96 4.50 8.16 2.09 62.66 3.084468 0
1 24 car 0 0 -0.507565 1440.896710 435.244988 1600.000000 667.838431 1.69 2.01 4.95 8.14 1.48 10.53 -0.001777 0
1 26 truck 0 0 2.023320 38.332721 389.786594 462.185765 610.217251 2.56 2.59 7.42 -7.87 1.67 18.47 1.592159 0
1 27 car 0 0 2.956096 979.062556 470.900267 1111.689894 519.132320 1.88 2.19 5.07 8.98 1.96 51.74 3.128990 0
1 30 construction_vehicle 0 0 -3.074515 688.533287 473.246460 766.154320 497.043648 2.25 2.52 7.56 -9.92 2.65 125.68 3.129619 0
2 0 car 0 0 -0.455101 1289.013504 429.640772 1600.000000 619.592441 1.94 2.06 4.89 8.19 1.57 14.48 0.003112 0
2 2 car 0 0 1.772504 413.405959 478.821300 543.210245 549.215652 1.50 1.94 4.96 -8.15 1.74 29.81 1.501352 0
2 3 car 0 0 1.794514 491.713462 468.148280 599.187557 533.920114 1.70 1.87 4.79 -7.86 1.70 35.46 1.573766 0
2 4 car 0 0 1.632922 735.696797 480.691868 766.672711 501.713201 1.48 1.92 4.78 -5.57 2.30 92.97 1.572807 0
2 6 car 0 0 1.691676 596.050950 456.657377 670.367006 520.528955 2.30 2.08 5.76 -7.45 1.87 48.83 1.538528 0
2 7 car 0 0 1.960814 254.784128 483.064013 469.285418 576.638175 1.46 1.87 4.73 -8.11 1.72 22.41 1.605723 0
2 34 car 0 0 1.667550 640.059852 475.842062 691.238619 513.278732 1.75 1.97 5.00 -7.95 2.08 62.31 1.539788 0
2 38 construction_vehicle 0 0 1.650374 761.063799 475.710976 793.386184 497.058481 2.07 2.64 7.09 -5.01 2.72 128.31 1.610992 0
2 39 truck 0 0 1.668468 654.750945 475.333444 703.934025 511.051576 1.83 2.02 5.70 -7.98 2.16 68.36 1.551472 0
2 10 car 0 0 2.572067 1509.811388 452.993712 1600.000000 702.330185 1.56 1.91 4.62 7.85 1.51 9.22 3.098657 0
2 12 car 0 0 1.747728 548.055158 468.046581 639.193751 528.084433 1.83 2.04 4.94 -7.63 1.82 41.50 1.563875 0
2 16 car 0 0 2.668898 1332.810023 464.642148 1600.000000 645.835270 1.49 2.11 4.09 7.29 1.49 11.91 3.141073 0
2 35 car 0 0 2.947993 991.920483 478.243654 1119.419586 520.183726 1.40 1.72 4.25 8.20 1.74 45.09 3.128849 0
2 21 car 0 0 -0.602570 1166.316640 469.724553 1429.287562 565.537302 1.76 2.04 4.47 9.27 1.81 24.79 -0.242813 1
2 23 car 0 0 2.947399 947.283671 475.339103 1051.127572 515.687556 1.77 1.96 4.50 8.03 2.07 58.57 3.084321 0
2 40 car 0 0 1.666487 679.511549 481.765627 718.743219 508.717016 1.52 1.80 4.75 -7.56 2.25 74.63 1.565096 0
2 26 truck 0 0 2.067401 0.000000 351.605916 377.222181 658.221416 2.56 2.59 7.42 -7.93 1.62 14.38 1.596392 0
2 27 car 0 0 2.942746 989.947914 471.535914 1134.991939 524.744411 1.88 2.19 5.07 8.91 2.00 47.64 3.128849 0
2 41 car 0 0 -0.313610 1040.568791 463.644692 1238.433439 536.980339 1.82 1.94 4.76 8.33 1.71 33.61 -0.068849 0
2 30 construction_vehicle 0 0 -3.071450 683.083481 472.405554 763.519621 497.436647 2.25 2.52 7.56 -9.98 2.58 121.59 3.129478 0
3 0 car 0 0 -0.499857 1435.806142 402.853084 1600.000000 667.277755 1.94 2.06 4.89 8.14 1.47 10.65 0.004375 0
3 2 car 0 0 1.806787 346.538115 472.904739 504.745885 554.544327 1.50 1.94 4.96 -8.15 1.59 25.97 1.497051 0
3 3 car 0 0 1.821838 447.968698 462.503290 573.660207 536.666079 1.70 1.87 4.79 -7.86 1.56 31.66 1.574929 0
3 4 car 0 0 1.635213 733.552319 476.095270 765.978228 497.980198 1.48 1.92 4.78 -5.44 1.94 89.16 1.573970 0
3 6 car 0 0 1.705373 575.724285 449.652204 658.471216 519.163139 2.30 2.08 5.76 -7.43 1.66 45.02 1.539690 0
3 7 car 0 0 2.036473 118.005833 479.540099 403.126094 594.838084 1.46 1.87 4.73 -8.14 1.62 18.60 1.612122 0
3 34 car 0 0 1.684267 628.257207 469.891598 684.456012 509.770032 1.75 1.97 5.00 -7.89 1.78 58.52 1.549215 0
3 38 construction_vehicle 0 0 1.651051 761.173323 470.862193 794.498735 492.817605 2.07 2.64 7.09 -4.80 2.21 124.54 1.612157 0
3 39 truck 0 0 1.675184 645.891933 470.290710 698.673422 508.123711 1.83 2.02 5.70 -7.89 1.88 64.55 1.552634 0
3 12 car 0 0 1.765914 519.832542 460.213375 623.142480 526.584523 1.83 2.04 4.94 -7.57 1.59 37.69 1.565038 0
3 16 car 0 0 2.607218 1538.541574 446.680852 1600.000000 725.441239 1.49 2.11 4.09 7.24 1.40 8.08 -3.140850 0
3 35 car 0 0 2.931769 1008.327131 473.485469 1148.444647 519.102734 1.40 1.72 4.25 8.25 1.55 41.27 3.130112 0
3 21 car 0 0 -0.647201 1305.734839 464.920047 1600.000000 577.448789 1.76 2.04 4.47 10.73 1.73 21.19 -0.183635 1
3 23 car 0 0 2.937671 957.535673 469.547853 1068.985558 512.543295 1.77 1.96 4.50 8.12 1.80 54.74 3.085586 0
3 40 car 0 0 1.671868 672.870906 477.925906 714.699452 506.358093 1.52 1.80 4.75 -7.45 1.99 70.69 1.566259 0
3 26 truck 0 0 2.110386 0.000000 280.776982 255.235560 756.933597 2.56 2.59 7.42 -7.96 1.57 10.57 1.601482 0
3 27 car 0 0 2.927862 1004.159657 465.416752 1162.804290 523.080869 1.88 2.19 5.07 8.92 1.77 43.81 3.130112 0
3 41 car 0 0 -0.342556 1067.553651 456.672737 1292.505386 539.106091 1.82 1.94 4.76 8.35 1.56 29.84 -0.067584 0
3 30 construction_vehicle 0 0 -3.068533 679.687978 467.343501 762.741868 493.018050 2.25 2.52 7.56 -9.86 2.08 117.79 3.130741 0
3 43 car 0 0 2.864606 1056.814247 455.840184 1245.249942 520.161173 1.55 1.97 4.37 8.39 1.24 32.66 3.118011 0
4 2 car 0 0 1.877564 236.807994 469.366150 449.112086 569.379430 1.50 1.94 4.96 -8.14 1.52 21.64 1.509155 0
4 3 car 0 0 1.861512 383.195844 456.831007 537.784607 543.705698 1.70 1.87 4.79 -7.85 1.47 27.37 1.577207 0
4 4 car 0 0 1.638115 731.838993 472.536373 766.122347 495.552915 1.48 1.92 4.78 -5.22 1.68 84.86 1.576248 0
4 6 car 0 0 1.723930 548.647440 442.656076 643.501491 520.021806 2.30 2.08 5.76 -7.38 1.51 40.73 1.541968 0
4 7 car 0 0 2.111431 0.000000 479.556235 293.994280 637.010048 1.46 1.87 4.73 -8.14 1.58 14.31 1.614401 0
4 34 car 0 0 1.694805 614.873631 467.077459 676.738756 510.232610 1.75 1.97 5.00 -7.77 1.66 54.25 1.551493 0
4 38 construction_vehicle 0 0 1.651922 762.310443 467.045702 796.894414 489.793867 2.07 2.64 7.09 -4.46 1.84 120.28 1.614436 0
4 39 truck 0 0 1.683861 635.343910 466.006977 692.932631 506.651980 1.83 2.02 5.70 -7.75 1.68 60.27 1.554912 0
4 45 car 0 0 -0.497346 1328.770641 475.882112 1478.619964 531.115066 1.86 2.13 4.36 20.64 2.11 44.93 -0.065672 0
4 46 pedestrian 0 0 -1.205877 413.509266 450.332681 448.858723 515.434217 1.80 0.67 0.79 -11.10 1.26 35.19 -1.511596 0
4 12 car 0 0 1.792501 478.768680 455.967432 600.443847 531.519112 1.83 2.04 4.94 -7.53 1.51 33.40 1.567316 0
4 48 bus 0 0 -1.581622 875.424722 453.959435 910.015293 495.842810 3.37 2.76 9.48 5.65 2.12 107.10 -1.528884 0
4 35 car 0 0 2.909702 1031.479056 470.474206 1189.357850 521.500826 1.40 1.72 4.25 8.32 1.45 36.96 3.132496 0
4 49 car 0 0 -0.614152 1411.384151 484.116155 1583.387841 537.067369 1.54 2.03 4.34 20.97 2.02 39.26 -0.122561 0
4 21 car 0 0 -0.650226 1532.351900 462.484606 1600.000000 604.741844 1.76 2.04 4.47 12.36 1.71 17.00 -0.116939 1
4 23 car 0 0 2.925035 971.730804 465.020012 1093.349670 511.743338 1.77 1.96 4.50 8.25 1.62 50.42 3.087969 0
4 50 pedestrian 0 0 -1.298679 447.120388 449.096420 478.227551 515.706371 1.84 0.67 0.57 -10.20 1.27 35.13 -1.581377 0
4 51 truck 0 0 -1.862898 1266.740107 476.043579 1336.875899 510.885479 1.77 2.29 4.74 25.61 2.13 67.69 -1.500343 0
4 40 car 0 0 1.678783 665.280390 475.214558 710.536358 505.607737 1.52 1.80 4.75 -7.29 1.81 66.27 1.568537 0
4 26 truck 0 0 2.189922 0.000000 0.000000 5.111757 900.000000 2.56 2.59 7.42 -8.01 1.54 6.28 1.608121 0
4 27 car 0 0 2.907800 1024.124499 460.533368 1201.725528 524.662287 1.88 2.19 5.07 8.95 1.64 39.48 3.132496 0
4 41 car 0 0 -0.384553 1107.685008 450.563260 1374.028814 547.136981 1.82 1.94 4.76 8.37 1.49 25.59 -0.065201 0
4 30 construction_vehicle 0 0 -3.064989 676.619865 463.104730 762.882194 489.735725 2.25 2.52 7.56 -9.64 1.71 113.51 3.133124 0
4 43 car 0 0 2.829791 1090.979311 447.724726 1311.555028 522.178571 1.55 1.97 4.37 8.39 1.11 28.33 3.120395 0
4 52 car 0 0 -0.510740 1487.376781 493.929449 1600.000000 554.597985 1.49 2.01 4.33 20.67 2.20 34.05 0.009133 0
5 2 car 0 0 1.952883 107.759428 470.778176 389.615494 592.788303 1.50 1.94 4.96 -8.12 1.54 18.21 1.520686 0
5 3 car 0 0 1.903045 314.562544 455.978752 502.246133 556.684922 1.70 1.87 4.79 -7.82 1.49 23.97 1.580878 0
5 4 car 0 0 1.641325 731.592770 474.249653 767.528684 498.294264 1.48 1.92 4.78 -4.97 1.78 81.45 1.579918 0
5 6 car 0 0 1.742228 523.510564 440.872012 630.642854 525.964193 2.30 2.08 5.76 -7.31 1.54 37.33 1.545640 0
5 7 car 0 0 2.156710 0.000000 480.931791 155.859393 701.666775 1.46 1.87 4.73 -8.16 1.57 10.91 1.618070 0
5 34 car 0 0 1.705021 603.810418 467.685302 671.045301 513.922815 1.75 1.97 5.00 -7.61 1.69 50.86 1.555165 0
5 38 construction_vehicle 0 0 1.653373 764.547748 468.556787 800.222566 492.016521 2.07 2.64 7.09 -4.08 1.99 116.90 1.618105 0
5 39 truck 0 0 1.692333 626.980587 466.962570 689.058039 510.220978 1.83 2.02 5.70 -7.58 1.73 56.87 1.558584 0
5 45 car 0 0 -0.526790 1372.330718 478.617370 1537.173097 538.832339 1.86 2.13 4.36 20.72 2.19 41.44 -0.062021 0
5 46 pedestrian 0 0 -1.182707 379.047337 450.929704 418.418048 521.983107 1.80 0.67 0.79 -11.02 1.32 32.29 -1.511803 0
5 12 car 0 0 1.818961 438.829963 454.554933 579.958692 539.554179 1.83 2.04 4.94 -7.46 1.53 30.00 1.570987 0
5 48 bus 0 0 -1.582526 880.544124 455.390425 916.391173 498.771537 3.37 2.76 9.48 5.94 2.28 103.66 -1.525215 0
5 35 car 0 0 2.888676 1055.262413 473.350256 1230.964118 529.940708 1.40 1.72 4.25 8.41 1.53 33.53 3.136149 0
5 49 car 0 0 -0.633309 1469.221549 488.836750 1600.000000 547.415917 1.54 2.03 4.34 21.03 2.12 35.77 -0.118912 0
5 23 car 0 0 2.914557 985.164571 466.450604 1116.363415 516.815847 1.77 1.96 4.50 8.36 1.69 46.97 3.091621 0
5 50 pedestrian 0 0 -1.265025 415.238546 448.987342 449.879364 521.545655 1.84 0.67 0.57 -10.15 1.31 32.29 -1.569745 0
5 51 truck 0 0 -1.878694 1291.997573 478.081700 1367.827554 514.933345 1.77 2.29 4.74 25.73 2.21 64.23 -1.496675 0
5 40 car 0 0 1.684795 660.875876 475.472062 709.002186 507.531976 1.52 1.80 4.75 -7.08 1.82 63.03 1.572208 0
5 57 pedestrian 0 0 -3.109520 883.169522 468.924809 899.390318 499.431797 1.67 0.60 0.84 3.59 1.62 69.42 -3.057929 0
5 27 car 0 0 2.888948 1044.556730 461.532756 1240.944153 532.217192 1.88 2.19 5.07 9.01 1.69 36.03 3.136149 0
5 41 car 0 0 -0.428090 1151.440028 450.448661 1463.618240 562.726385 1.82 1.94 4.76 8.42 1.54 22.19 -0.061549 0
5 58 car 0 0 1.786490 566.498591 470.004174 651.374818 517.141149 1.57 1.98 4.64 -7.74 1.60 44.99 1.614476 0
5 30 construction_vehicle 0 0 -3.061366 675.279564 464.138703 764.297008 491.697834 2.25 2.52 7.56 -9.34 1.82 110.11 3.136777 0
5 43 car 0 0 2.794399 1127.559766 445.472385 1382.873268 530.942202 1.55 1.97 4.37 8.41 1.13 24.88 3.124048 0
5 52 car 0 0 -0.529443 1562.726855 494.571795 1600.000000 562.656558 1.49 2.01 4.33 20.71 2.15 30.53 0.012786 0
6 2 car 0 0 2.024651 0.000000 478.231567 304.389638 633.634811 1.50 1.94 4.96 -8.12 1.62 14.79 1.530833 0
6 3 car 0 0 1.956166 218.528825 459.086056 454.161191 578.265521 1.70 1.87 4.79 -7.83 1.58 20.58 1.583170 0
6 4 car 0 0 1.644338 729.828653 478.578102 767.478829 503.617302 1.48 1.92 4.78 -4.82 2.04 78.05 1.582211 0
6 6 car 0 0 1.762421 492.635715 443.822748 614.708700 537.978869 2.30 2.08 5.76 -7.25 1.70 33.94 1.547930 0
6 34 car 0 0 1.716069 589.511699 471.369941 662.870000 520.932937 1.75 1.97 5.00 -7.52 1.84 47.48 1.557455 0
6 38 construction_vehicle 0 0 1.654512 765.464285 472.497777 802.205811 496.594568 2.07 2.64 7.09 -3.82 2.35 113.53 1.620400 0
6 39 truck 0 0 1.701298 615.952954 471.557811 683.044478 517.580920 1.83 2.02 5.70 -7.48 1.93 53.47 1.560875 0
6 45 car 0 0 -0.559682 1421.543719 481.492709 1600.000000 546.866343 1.86 2.13 4.36 20.74 2.25 37.99 -0.059824 0
6 46 pedestrian 0 0 -1.155605 336.139813 455.531747 380.259559 533.610875 1.80 0.67 0.79 -10.98 1.47 29.39 -1.513384 0
6 12 car 0 0 1.851080 385.913595 456.385067 552.719683 553.053601 1.83 2.04 4.94 -7.42 1.61 26.61 1.573279 0
6 48 bus 0 0 -1.584579 885.428610 458.153884 922.438484 502.991340 3.37 2.76 9.48 6.17 2.54 100.23 -1.522920 0
6 35 car 0 0 2.862516 1082.416744 477.784985 1279.952691 540.482090 1.40 1.72 4.25 8.46 1.62 30.12 3.138341 0
6 49 car 0 0 -0.651331 1536.861263 491.812570 1600.000000 556.289296 1.54 2.03 4.34 21.04 2.14 32.31 -0.116710 0
6 23 car 0 0 2.901904 998.973875 469.412022 1141.056128 523.463677 1.77 1.96 4.50 8.41 1.79 43.54 3.093817 0
6 50 pedestrian 0 0 -1.227711 375.622821 452.593766 414.324817 532.137756 1.84 0.67 0.57 -10.14 1.44 29.45 -1.559492 0
6 51 truck 0 0 -1.896415 1318.209253 480.356294 1400.348581 519.230677 1.77 2.29 4.74 25.78 2.30 60.81 -1.494379 0
6 40 car 0 0 1.691408 653.741933 480.541867 705.164319 514.398035 1.52 1.80 4.75 -6.95 2.04 59.63 1.574500 0
6 60 car 0 0 2.948772 994.962794 483.713760 1057.789580 505.126374 1.63 2.11 4.66 16.04 2.77 100.74 3.106912 0
6 57 pedestrian 0 0 -3.103410 877.235039 474.602887 894.252432 506.634124 1.67 0.60 0.84 3.12 1.92 66.05 -3.056226 0
6 27 car 0 0 2.865752 1067.303565 463.708671 1286.314153 541.532977 1.88 2.19 5.07 9.02 1.77 32.60 3.138341 0
6 41 car 0 0 -0.485635 1206.754999 449.283352 1584.298765 582.535340 1.82 1.94 4.76 8.38 1.57 18.72 -0.059352 0
6 58 car 0 0 1.801955 545.001640 474.907760 638.795614 525.946052 1.57 1.98 4.64 -7.71 1.76 41.61 1.616771 0
6 30 construction_vehicle 0 0 -3.058002 672.380511 468.351915 764.240675 496.547426 2.25 2.52 7.56 -9.18 2.19 106.72 3.138970 0
6 43 car 0 0 2.748368 1172.959186 448.484702 1474.822131 547.515214 1.55 1.97 4.37 8.40 1.24 21.45 3.126241 0
7 2 car 0 0 2.087597 0.000000 490.210260 132.095195 730.806742 1.50 1.94 4.96 -8.13 1.69 10.48 1.541998 0
7 3 car 0 0 2.052407 25.486590 465.439685 365.032149 620.667162 1.70 1.87 4.79 -7.87 1.69 16.26 1.585621 0
7 4 car 0 0 1.648003 727.117209 482.973878 767.136994 509.306962 1.48 1.92 4.78 -4.64 2.26 73.73 1.584662 0
7 6 car 0 0 1.794351 440.946383 446.925494 588.488655 555.623636 2.30 2.08 5.76 -7.20 1.85 29.63 1.550374 0
7 34 car 0 0 1.740297 567.446950 476.887597 651.309356 531.294637 1.75 1.97 5.00 -7.40 2.01 43.18 1.568626 0
7 38 construction_vehicle 0 0 1.655454 766.671032 476.204246 804.803617 501.070442 2.07 2.64 7.09 -3.51 2.65 109.25 1.622858 0
7 39 truck 0 0 1.713994 599.076200 476.773297 673.686674 526.723097 1.83 2.02 5.70 -7.38 2.12 49.16 1.563321 0
7 45 car 0 0 -0.580326 1497.576886 480.957651 1600.000000 553.986868 1.86 2.13 4.36 20.75 2.18 33.61 -0.057393 0
7 46 pedestrian 0 0 -1.112474 266.095136 461.902162 317.967125 551.173937 1.80 0.67 0.79 -10.96 1.64 25.70 -1.515772 0
7 12 car 0 0 1.906848 288.199468 461.116097 503.600252 577.994299 1.83 2.04 4.94 -7.45 1.73 22.30 1.575728 0
7 48 bus 0 0 -1.588147 892.278374 459.840361 930.749691 506.567908 3.37 2.76 9.48 6.47 2.71 95.87 -1.520462 0
7 35 car 0 0 2.819841 1125.839044 481.010138 1360.233560 553.209255 1.40 1.72 4.25 8.49 1.64 25.78 3.140761 0
7 23 car 0 0 2.882408 1019.296462 470.762575 1177.994021 529.987884 1.77 1.96 4.50 8.45 1.82 39.18 3.096245 0
7 50 pedestrian 0 0 -1.172392 311.328799 457.216957 356.455395 547.827988 1.84 0.67 0.57 -10.15 1.59 25.83 -1.547085 0
7 51 truck 0 0 -1.922107 1355.662980 479.648467 1447.227449 521.290192 1.77 2.29 4.74 25.82 2.23 56.46 -1.491916 0
7 40 car 0 0 1.700445 642.964692 486.210632 699.193255 522.642700 1.52 1.80 4.75 -6.81 2.24 55.31 1.576949 0
7 60 car 0 0 2.942199 1005.089843 485.319918 1070.818034 507.267227 1.63 2.11 4.66 16.23 2.83 96.36 3.109338 0
7 57 pedestrian 0 0 -3.095275 868.756292 478.253717 886.816422 512.406698 1.67 0.60 0.84 2.53 2.08 61.77 -3.054431 0
7 27 car 0 0 2.828418 1102.954375 463.407028 1359.319505 552.168737 1.88 2.19 5.07 9.01 1.77 28.24 3.140761 0
7 41 car 0 0 -0.522311 1311.449584 440.598721 1600.000000 614.859864 1.82 1.94 4.76 8.30 1.54 14.31 -0.056922 0
7 58 car 0 0 1.825096 510.987085 480.971289 618.950217 537.840302 1.57 1.98 4.64 -7.69 1.91 37.30 1.619228 0
7 30 construction_vehicle 0 0 -3.053906 668.360295 472.745445 764.028349 501.511054 2.25 2.52 7.56 -8.98 2.52 102.41 3.141389 0
7 43 car 0 0 2.681813 1253.811360 448.508176 1600.000000 572.051237 1.55 1.97 4.37 8.35 1.30 17.09 3.128663 0
8 3 car 0 0 2.105989 0.000000 458.902890 230.041312 681.596004 1.70 1.87 4.79 -7.90 1.65 12.09 1.589450 0
8 4 car 0 0 1.651877 725.668641 480.680940 768.469308 508.702293 1.48 1.92 4.78 -4.37 2.09 69.54 1.588490 0
8 6 car 0 0 1.836849 370.361664 436.442041 555.127080 565.425897 2.30 2.08 5.76 -7.18 1.74 25.44 1.554203 0
8 34 car 0 0 1.766913 542.650137 474.565308 639.720853 535.272590 1.75 1.97 5.00 -7.24 1.92 39.02 1.581179 0
8 38 construction_vehicle 0 0 1.656392 769.479833 473.530588 809.239509 499.454323 2.07 2.64 7.09 -3.07 2.41 105.09 1.626685 0
8 39 truck 0 0 1.728315 580.959060 474.360444 664.865471 529.341732 1.83 2.02 5.70 -7.22 2.01 44.98 1.567150 0
8 45 car 0 0 -0.604956 1594.300652 479.748677 1600.000000 564.070967 1.86 2.13 4.36 20.79 2.11 29.32 -0.053532 0
8 46 pedestrian 0 0 -1.059089 177.937407 457.933877 240.990401 561.849363 1.80 0.67 0.79 -10.90 1.59 22.15 -1.516792 0
8 12 car 0 0 1.983569 143.550835 455.096760 438.391082 603.459187 1.83 2.04 4.94 -7.46 1.68 18.11 1.579556 0
8 62 truck 0 0 -2.064150 1459.766029 469.379568 1584.469915 520.853164 2.02 2.28 5.49 29.04 2.04 52.56 -1.557343 0
8 63 car 0 0 2.901169 1034.830415 471.309888 1190.767766 525.211550 1.54 2.01 4.23 8.58 1.61 37.83 3.125769 0
8 48 bus 0 0 -1.590769 899.421900 455.995439 939.848095 505.046721 3.37 2.76 9.48 6.76 2.47 91.64 -1.516635 0
8 35 car 0 0 2.762966 1185.636906 481.109624 1473.138743 568.423777 1.40 1.72 4.25 8.55 1.61 21.55 -3.138562 0
8 23 car 0 0 2.858607 1045.242431 467.427319 1225.086331 534.247587 1.77 1.96 4.50 8.54 1.73 34.94 3.100106 0
8 50 pedestrian 0 0 -1.094202 231.356886 451.457491 285.777864 556.429362 1.84 0.67 0.57 -10.13 1.52 22.35 -1.519877 0
8 51 truck 0 0 -1.950541 1399.416197 477.170578 1502.829863 522.449790 1.77 2.29 4.74 25.92 2.10 52.20 -1.488089 0
8 40 car 0 0 1.706930 631.180661 483.652594 692.828405 523.269705 1.52 1.80 4.75 -6.66 2.09 51.14 1.576307 0
8 60 car 0 0 2.935299 1017.321777 482.334378 1086.370792 505.383176 1.63 2.11 4.66 16.53 2.56 92.09 3.113200 0
8 64 car 0 0 1.668000 682.740110 496.302704 766.039771 555.228113 1.54 1.92 4.70 -2.91 2.35 36.68 1.586606 1
8 57 pedestrian 0 0 -3.101050 860.267624 475.274215 879.608167 511.926358 1.67 0.60 0.84 2.00 1.92 57.61 -3.066462 0
8 27 car 0 0 2.779711 1150.835540 458.491151 1459.545914 564.087211 1.88 2.19 5.07 9.03 1.70 23.99 -3.138562 0
8 41 car 0 0 -0.575509 1495.957776 420.778037 1600.000000 678.354478 1.82 1.94 4.76 8.23 1.50 10.01 -0.053061 0
8 58 car 0 0 1.852768 470.381312 478.801855 596.879571 543.486905 1.57 1.98 4.64 -7.63 1.82 33.13 1.623056 0
8 30 construction_vehicle 0 0 -3.049575 665.669526 470.021668 765.536846 500.143270 2.25 2.52 7.56 -8.65 2.31 98.24 -3.137933 0
8 43 car 0 0 2.644653 1382.806691 445.189136 1600.000000 613.571000 1.55 1.97 4.37 8.33 1.35 12.85 3.132525 0
9 3 car 0 0 2.170463 0.000000 442.947096 17.627881 805.248612 1.70 1.87 4.79 -7.95 1.60 8.36 1.592157 0
9 4 car 0 0 1.657018 721.192633 479.037879 766.824020 508.696010 1.48 1.92 4.78 -4.29 1.97 65.80 1.591197 0
9 6 car 0 0 1.890226 279.593352 426.604306 515.029700 581.077453 2.30 2.08 5.76 -7.17 1.68 21.72 1.560114 0
9 34 car 0 0 1.788146 511.550729 472.630750 622.588349 540.216667 1.75 1.97 5.00 -7.20 1.85 35.29 1.583886 0
9 38 construction_vehicle 0 0 1.658659 769.230435 471.650566 810.595455 498.552413 2.07 2.64 7.09 -2.91 2.25 101.35 1.629393 0
9 39 truck 0 0 1.743863 559.310981 473.516111 653.417456 533.814650 1.83 2.02 5.70 -7.14 1.97 41.25 1.569857 0
9 46 pedestrian 0 0 -1.007743 73.543796 451.859614 150.275147 572.790297 1.80 0.67 0.79 -10.88 1.53 19.08 -1.526158 0
9 12 car 0 0 2.061830 0.000000 450.042147 350.101103 644.826415 1.83 2.04 4.94 -7.49 1.67 14.39 1.582264 0
9 62 truck 0 0 -2.080585 1507.664502 466.844583 1600.000000 522.557968 2.02 2.28 5.49 29.08 1.94 48.75 -1.554635 0
9 63 car 0 0 2.876455 1061.620095 469.784353 1236.812234 529.766191 1.54 2.01 4.23 8.70 1.56 34.07 3.128501 0
9 48 bus 0 0 -1.592764 904.436016 453.208407 946.687621 504.460567 3.37 2.76 9.48 6.89 2.32 87.88 -1.513927 0
9 65 car 0 0 2.629438 1546.816393 490.961518 1600.000000 555.690555 1.53 2.03 4.74 21.35 2.10 31.98 -3.116190 0
9 35 car 0 0 2.698936 1258.651111 482.438588 1600.000000 589.172163 1.40 1.72 4.25 8.56 1.59 17.80 -3.135830 0
9 23 car 0 0 2.832588 1071.796973 464.841173 1275.507503 539.909767 1.77 1.96 4.50 8.56 1.67 31.18 3.102838 0
9 50 pedestrian 0 0 -1.033544 134.651492 446.939521 200.338103 569.143610 1.84 0.67 0.57 -10.11 1.50 19.24 -1.517846 0
9 51 truck 0 0 -1.978645 1441.997896 474.903684 1558.175452 523.852482 1.77 2.29 4.74 25.93 1.99 48.44 -1.485381 0
9 40 car 0 0 1.714670 616.740826 482.499521 684.149337 525.418091 1.52 1.80 4.75 -6.60 2.00 47.42 1.574988 0
9 60 car 0 0 2.929157 1027.227700 480.182361 1099.453742 504.199314 1.63 2.11 4.66 16.66 2.37 88.31 3.115932 0
9 64 car 0 0 1.702945 624.918663 494.113773 742.306689 573.644946 1.54 1.92 4.70 -3.06 2.11 27.75 1.589313 1
9 57 pedestrian 0 0 -3.104473 849.406461 473.362635 870.005295 512.529753 1.67 0.60 0.84 1.43 1.82 53.92 -3.078045 0
9 27 car 0 0 2.721613 1206.680712 453.598981 1582.742543 579.888923 1.88 2.19 5.07 9.00 1.66 20.23 -3.135830 0
9 58 car 0 0 1.884015 421.331566 478.515448 569.983796 552.074399 1.57 1.98 4.64 -7.64 1.78 29.41 1.625764 0
9 30 construction_vehicle 0 0 -3.044862 661.148878 468.023760 765.052242 499.312320 2.25 2.52 7.56 -8.51 2.15 94.51 -3.135202 0
9 43 car 0 0 2.586664 1584.542110 441.612283 1600.000000 688.125206 1.55 1.97 4.37 8.28 1.39 9.09 3.135257 0
10 4 car 0 0 1.662196 718.354188 477.197718 767.846374 509.266919 1.48 1.92 4.78 -4.06 1.86 61.57 1.595655 0
10 6 car 0 0 1.972721 124.292725 405.915241 455.960220 606.280516 2.30 2.08 5.76 -7.11 1.59 17.50 1.568138 0
10 34 car 0 0 1.816451 469.522494 468.439548 601.981104 546.625755 1.75 1.97 5.00 -7.08 1.75 31.07 1.588345 0
10 38 construction_vehicle 0 0 1.659695 772.458000 469.714356 815.930893 498.084683 2.07 2.64 7.09 -2.45 2.11 97.11 1.633844 0
10 39 truck 0 0 1.763574 532.038665 469.058276 641.187780 537.332237 1.83 2.02 5.70 -6.97 1.84 37.03 1.574318 0
10 46 pedestrian 0 0 -0.943799 0.000000 436.580577 7.377268 585.599724 1.80 0.67 0.79 -10.82 1.40 15.60 -1.524968 0
10 12 car 0 0 2.114742 0.000000 422.180620 191.745737 726.322069 1.83 2.04 4.94 -7.50 1.57 10.17 1.586722 0
10 62 truck 0 0 -2.096112 1575.407763 470.977283 1600.000000 533.077875 2.02 2.28 5.49 29.24 2.10 44.35 -1.550178 0
10 63 car 0 0 2.839354 1103.123958 471.120822 1307.665398 541.390819 1.54 2.01 4.23 8.92 1.61 29.77 3.132979 0
10 48 bus 0 0 -1.596647 913.596882 451.403674 958.551985 505.750432 3.37 2.76 9.48 7.23 2.27 83.59 -1.509476 0
10 35 car 0 0 2.668135 1369.441668 495.484931 1600.000000 646.158703 1.40 1.72 4.25 8.27 1.71 13.30 -3.131349 0
10 23 car 0 0 2.792750 1113.783834 464.707037 1354.635292 553.755254 1.77 1.96 4.50 8.66 1.70 26.88 3.107312 0
10 50 pedestrian 0 0 -0.949990 0.000000 434.935899 67.731443 585.485683 1.84 0.67 0.57 -10.05 1.42 15.71 -1.514146 0
10 51 truck 0 0 -2.005328 1502.459383 478.600650 1600.000000 533.147201 1.77 2.29 4.74 26.05 2.10 44.12 -1.480934 0
10 40 car 0 0 1.724382 600.154386 480.631291 675.845232 528.252226 1.52 1.80 4.75 -6.43 1.90 43.20 1.574972 0
10 60 car 0 0 2.920268 1042.494173 480.195517 1118.959842 505.987849 1.63 2.11 4.66 17.00 2.35 83.97 3.120407 0
10 64 car 0 0 1.774044 482.611861 490.035928 691.287332 621.537977 1.54 1.92 4.70 -3.20 1.86 17.73 1.585047 1
10 57 pedestrian 0 0 -3.107918 838.403038 473.387691 860.997795 516.039426 1.67 0.60 0.84 0.92 1.81 49.71 -3.089472 0
10 27 car 0 0 2.688976 1303.523865 450.969937 1600.000000 617.076874 1.88 2.19 5.07 9.03 1.70 15.93 -3.131349 0
10 58 car 0 0 1.927816 350.019421 474.363047 534.657187 562.346545 1.57 1.98 4.64 -7.56 1.68 25.18 1.630215 0
10 30 construction_vehicle 0 0 -3.040324 658.490388 465.292384 767.566248 498.817296 2.25 2.52 7.56 -8.13 1.99 90.30 -3.130721 0
11 4 car 0 0 1.668576 710.973133 467.782394 764.772161 502.310046 1.48 1.92 4.78 -4.00 1.40 57.24 1.597881 0
11 6 car 0 0 2.051572 0.000000 367.266468 356.205584 651.540364 2.30 2.08 5.76 -7.12 1.47 13.17 1.573926 0
11 34 car 0 0 1.854349 406.841622 458.012090 569.638690 549.980368 1.75 1.97 5.00 -7.06 1.53 26.75 1.590571 0
11 38 construction_vehicle 0 0 1.661293 772.194018 459.805254 817.775291 489.492953 2.07 2.64 7.09 -2.28 1.37 92.77 1.636072 0
11 39 truck 0 0 1.789049 491.757490 457.889030 620.797953 535.909847 1.83 2.02 5.70 -6.91 1.56 32.70 1.576544 0
11 63 car 0 0 2.790298 1154.335343 461.472756 1399.614413 543.928323 1.54 2.01 4.23 9.04 1.41 25.41 3.135411 0
11 48 bus 0 0 -1.601411 921.026425 440.283098 968.788090 497.733810 3.37 2.76 9.48 7.39 1.63 79.23 -1.507248 0
11 23 car 0 0 2.739200 1166.303776 451.970815 1460.284242 558.562998 1.77 1.96 4.50 8.64 1.49 22.53 3.109745 0
11 51 truck 0 0 -2.023481 1571.436630 467.546017 1600.000000 528.285009 1.77 2.29 4.74 26.04 1.72 39.78 -1.478705 0
11 40 car 0 0 1.737727 574.948791 471.980723 660.996124 525.198097 1.52 1.80 4.75 -6.39 1.60 38.88 1.572723 0
11 60 car 0 0 2.910808 1055.763791 469.901746 1136.791484 496.987745 1.63 2.11 4.66 17.10 1.66 79.60 3.122840 0
11 64 car 0 0 2.002706 0.000000 474.419146 521.718622 852.407524 1.54 1.92 4.70 -3.44 1.59 7.62 1.578550 1
11 57 pedestrian 0 0 -3.120014 821.397826 463.431322 845.864912 510.106153 1.67 0.60 0.84 0.26 1.44 45.41 -3.114392 0
11 27 car 0 0 2.641752 1463.009182 430.425089 1600.000000 664.812993 1.88 2.19 5.07 8.99 1.58 11.57 -3.128917 0
11 58 car 0 0 1.989684 238.392706 464.953966 479.543006 573.392736 1.57 1.98 4.64 -7.56 1.51 20.84 1.632443 0
11 30 construction_vehicle 0 0 -3.034622 651.570816 455.548819 766.223112 490.601109 2.25 2.52 7.56 -8.02 1.33 85.98 -3.128288 0
11 66 car 0 0 2.840800 1126.510766 473.598517 1241.197508 511.174334 1.68 2.03 4.84 16.94 1.89 59.55 3.118597 0
12 4 car 0 0 1.675702 691.687463 471.220804 750.279039 508.224480 1.48 1.92 4.78 -4.41 1.54 52.96 1.591607 0
12 6 car 0 0 2.106585 0.000000 314.747472 166.932953 798.869211 2.30 2.08 5.76 -7.26 1.57 8.88 1.571209 0
12 34 car 0 0 1.907007 303.044824 463.507842 512.245140 574.142628 1.75 1.97 5.00 -7.30 1.66 22.45 1.584295 0
12 38 construction_vehicle 0 0 1.663837 760.081154 462.014443 807.792516 492.831742 2.07 2.64 7.09 -2.95 1.55 88.51 1.629805 0
12 39 truck 0 0 1.823025 424.545731 461.308606 581.466832 551.510405 1.83 2.02 5.70 -7.16 1.66 28.41 1.570265 0
12 67 car 0 0 2.684389 1402.995069 471.378131 1600.000000 549.133683 1.58 1.95 4.47 15.12 1.63 27.01 -3.104659 0
12 63 car 0 0 2.726930 1209.058295 460.737137 1509.711236 557.752533 1.54 2.01 4.23 8.91 1.41 21.23 3.129038 0
12 48 bus 0 0 -1.605490 916.830407 440.002063 967.452740 500.427990 3.37 2.76 9.48 6.82 1.71 75.03 -1.513515 0
12 68 car 0 0 2.940229 1039.635681 468.949149 1114.807196 491.862531 1.52 1.98 4.74 17.11 1.47 85.67 3.137679 0
12 23 car 0 0 2.667581 1225.201525 446.720888 1594.731287 575.896727 1.77 1.96 4.50 8.41 1.46 18.34 3.103377 0
12 40 car 0 0 1.775530 532.165361 477.008737 634.876110 537.136981 1.52 1.80 4.75 -6.61 1.72 34.56 1.583894 0
12 60 car 0 0 2.901081 1057.960672 469.336183 1143.401752 497.188407 1.63 2.11 4.66 16.48 1.60 75.47 3.116469 0
12 57 pedestrian 0 0 3.139514 792.376939 465.598584 818.510184 516.855873 1.67 0.60 0.84 -0.69 1.53 41.17 3.122638 0
12 58 car 0 0 2.080774 43.956447 474.020711 384.623050 614.085485 1.57 1.98 4.64 -7.77 1.63 16.52 1.626176 0
12 30 construction_vehicle 0 0 -3.027894 631.962285 458.935341 752.660456 494.761437 2.25 2.52 7.56 -8.70 1.57 81.67 -3.134666 0
12 66 car 0 0 2.822879 1137.803672 473.275031 1261.305789 512.544297 1.68 2.03 4.84 16.45 1.84 55.42 3.112227 0
13 4 car 0 0 1.685035 665.824851 464.417309 730.531459 504.605044 1.48 1.92 4.78 -4.93 1.27 48.66 1.582895 0
13 34 car 0 0 1.986168 136.049871 456.216566 426.355469 596.691471 1.75 1.97 5.00 -7.60 1.57 18.12 1.575582 0
13 38 construction_vehicle 0 0 1.666975 743.934784 454.794413 794.210830 487.056020 2.07 2.64 7.09 -3.80 1.09 84.21 1.621098 0
13 39 truck 0 0 1.870604 326.519595 451.521053 526.648785 559.493775 1.83 2.02 5.70 -7.46 1.51 24.08 1.561550 0
13 67 car 0 0 2.650904 1484.314054 459.694308 1600.000000 550.769668 1.58 1.95 4.47 14.77 1.40 22.89 -3.113331 0
13 69 car 0 0 2.784473 1169.846412 457.538400 1311.140337 504.275929 1.78 2.14 4.79 16.10 1.31 48.92 3.103564 0
13 63 car 0 0 2.668669 1268.798407 444.777778 1600.000000 565.365078 1.54 2.01 4.23 8.49 1.22 17.05 3.120372 0
13 48 bus 0 0 -1.612317 912.463812 430.133456 967.068055 494.183555 3.37 2.76 9.48 6.29 1.26 70.81 -1.522222 0
13 68 car 0 0 2.932330 1036.723902 461.947621 1115.718869 485.667065 1.52 1.98 4.74 16.22 1.00 81.56 3.129012 0
13 23 car 0 0 2.628455 1314.179341 431.071699 1600.000000 600.034451 1.77 1.96 4.50 8.14 1.36 14.15 3.094714 0
13 40 car 0 0 1.814681 469.773451 471.461687 594.678148 540.807313 1.52 1.80 4.75 -6.99 1.57 30.23 1.583906 0
13 60 car 0 0 2.890966 1057.348356 459.938630 1147.825319 489.013154 1.63 2.11 4.66 15.68 1.06 71.36 3.107805 0
13 57 pedestrian 0 0 -3.134267 753.150399 457.969612 782.192518 515.093722 1.67 0.60 0.84 -1.73 1.32 36.88 3.101926 0
13 58 car 0 0 2.134140 0.000000 471.001320 229.601432 673.942200 1.57 1.98 4.64 -8.00 1.59 12.17 1.617468 0
13 30 construction_vehicle 0 0 -3.019698 607.038047 451.875320 734.765006 489.142771 2.25 2.52 7.56 -9.55 1.15 77.33 3.139851 0
13 66 car 0 0 2.803134 1147.753167 464.277958 1281.684064 506.139090 1.68 2.03 4.84 15.84 1.45 51.31 3.103564 0
14 4 car 0 0 1.694973 637.736546 469.863581 710.013451 514.039901 1.48 1.92 4.78 -5.35 1.48 44.45 1.573675 0
14 34 car 0 0 2.060696 0.000000 459.120692 302.724773 651.586427 1.75 1.97 5.00 -7.85 1.65 13.89 1.566363 0
14 38 construction_vehicle 0 0 1.669913 727.163765 459.921599 780.437433 493.934945 2.07 2.64 7.09 -4.57 1.46 80.01 1.611879 0
14 39 truck 0 0 1.938859 181.668783 457.133290 453.335163 591.898759 1.83 2.02 5.70 -7.75 1.66 19.85 1.552886 0
14 70 car 0 0 2.808599 1125.213946 460.040219 1264.000768 503.766329 1.69 2.34 4.79 14.56 1.31 49.77 3.094316 0
14 67 car 0 0 2.607762 1599.217955 463.537601 1600.000000 574.954798 1.58 1.95 4.47 14.48 1.49 18.86 -3.122578 0
14 69 car 0 0 2.759163 1185.480708 462.087356 1340.388158 513.070643 1.78 2.14 4.79 15.58 1.51 44.90 3.094316 0
14 63 car 0 0 2.628604 1365.671518 440.058755 1600.000000 602.010821 1.54 2.01 4.23 8.13 1.26 12.96 3.111125 0
14 48 bus 0 0 -1.616729 904.383102 433.148861 963.009679 501.431941 3.37 2.76 9.48 5.59 1.56 66.71 -1.531442 0
14 68 car 0 0 2.923321 1034.316095 468.689156 1117.505473 493.611093 1.52 1.98 4.74 15.40 1.44 77.55 3.119765 0
14 23 car 0 0 2.570198 1472.102252 405.592171 1600.000000 651.759002 1.77 1.96 4.50 7.93 1.31 10.07 3.085467 0
14 40 car 0 0 1.862691 388.855824 478.059210 545.777565 560.038102 1.52 1.80 4.75 -7.31 1.70 26.01 1.583414 0
14 60 car 0 0 2.879473 1057.499890 464.136416 1153.575445 494.928602 1.63 2.11 4.66 14.96 1.32 67.34 3.098558 0
14 57 pedestrian 0 0 -3.119638 705.879944 463.069215 739.058048 527.635313 1.67 0.60 0.84 -2.71 1.49 32.67 3.080629 0
14 30 construction_vehicle 0 0 -3.011295 580.558472 456.575527 716.232030 495.976013 2.25 2.52 7.56 -10.33 1.49 73.09 3.130604 0
14 66 car 0 0 2.780427 1160.258925 469.458766 1306.295579 514.923570 1.68 2.03 4.84 15.30 1.66 47.29 3.094316 0
15 4 car 0 0 1.709265 603.357508 472.191273 685.295378 521.381532 1.48 1.92 4.78 -5.80 1.56 40.42 1.564796 0
15 34 car 0 0 2.109572 0.000000 459.436128 109.753869 759.345105 1.75 1.97 5.00 -8.04 1.69 9.84 1.557483 0
15 38 construction_vehicle 0 0 1.673249 710.096004 459.977307 766.774351 496.034279 2.07 2.64 7.09 -5.27 1.50 75.98 1.603001 0
15 39 truck 0 0 2.022507 0.000000 457.134343 355.255236 635.161709 1.83 2.02 5.70 -7.99 1.70 15.79 1.544561 0
15 70 car 0 0 2.786896 1136.208185 458.734460 1287.834963 506.832207 1.69 2.34 4.79 14.06 1.30 45.91 3.085360 0
15 72 car 0 0 -0.435503 1239.009122 454.495543 1412.826133 514.534206 1.77 1.95 4.53 15.21 1.31 38.31 -0.056232 0
15 69 car 0 0 2.731043 1204.530560 458.287287 1375.548257 514.855928 1.78 2.14 4.79 15.12 1.42 41.05 3.085360 0
15 63 car 0 0 2.567384 1537.412385 412.769991 1600.000000 656.858743 1.54 2.01 4.23 7.81 1.18 9.04 3.102168 0
15 48 bus 0 0 -1.621167 896.438604 429.804858 959.752772 502.934132 3.37 2.76 9.48 4.96 1.53 62.77 -1.540319 0
15 68 car 0 0 2.913950 1032.550052 466.966676 1120.349940 493.538641 1.52 1.98 4.74 14.66 1.36 73.69 3.110807 0
15 40 car 0 0 1.914957 281.706404 481.190955 483.947267 581.156131 1.52 1.80 4.75 -7.59 1.74 21.96 1.574535 0
15 60 car 0 0 2.867366 1058.522100 461.128972 1160.843777 494.217261 1.63 2.11 4.66 14.31 1.20 63.48 3.089601 0
15 57 pedestrian 0 0 -3.092344 645.455452 465.049430 684.472635 539.055873 1.67 0.60 0.84 -3.69 1.56 28.61 3.062541 0
15 73 traffic_cone 0 0 -0.303831 1283.043303 482.691052 1310.359567 528.468990 1.03 0.51 0.46 10.78 1.33 28.74 0.055156 0
15 30 construction_vehicle 0 0 -3.002081 552.881826 456.572303 697.331535 498.872123 2.25 2.52 7.56 -11.03 1.55 69.02 3.121646 0
15 74 car 0 0 2.800044 1127.003135 459.298383 1261.121073 505.852001 1.75 2.15 4.56 14.28 1.36 48.85 3.085360 0
15 66 car 0 0 2.755363 1175.605465 466.556586 1335.802312 516.832456 1.68 2.03 4.84 14.82 1.57 43.43 3.085360 0
16 4 car 0 0 1.727153 566.960294 495.340922 661.285092 550.516556 1.48 1.92 4.78 -6.09 2.23 36.42 1.559161 0
16 38 construction_vehicle 0 0 1.677332 695.934852 484.948764 756.436728 523.205243 2.07 2.64 7.09 -5.68 2.97 71.98 1.597362 0
16 39 truck 0 0 2.061048 0.000000 466.147816 213.334382 724.199068 1.83 2.02 5.70 -8.14 1.86 11.78 1.539482 0
16 70 car 0 0 2.761729 1155.266588 487.632816 1322.190903 540.318495 1.69 2.34 4.79 13.75 2.30 42.01 3.079549 0
16 72 car 0 0 -0.473181 1274.998248 481.943264 1470.593278 548.941471 1.77 1.95 4.53 14.94 2.12 34.43 -0.062043 0
16 69 car 0 0 2.697997 1233.861907 485.760628 1424.608055 548.385817 1.78 2.14 4.79 14.84 2.27 37.16 3.079549 0
16 48 bus 0 0 -1.626112 893.019755 451.175733 961.421869 529.685318 3.37 2.76 9.48 4.60 2.66 58.83 -1.545958 0
16 68 car 0 0 2.903679 1035.835326 492.486242 1128.699367 520.631660 1.52 1.98 4.74 14.21 2.79 69.79 3.104999 0
16 40 car 0 0 1.989285 127.733263 502.516003 405.339315 628.275367 1.52 1.80 4.75 -7.76 2.01 17.95 1.568899 0
16 60 car 0 0 2.853868 1065.173716 487.512299 1174.474845 522.858579 1.63 2.11 4.66 13.91 2.48 59.59 3.083791 0
16 57 pedestrian 0 0 -3.053045 571.654231 488.510662 618.979451 574.757270 1.67 0.60 0.84 -4.53 2.03 24.57 3.047594 0
16 73 traffic_cone 0 0 -0.352933 1343.187994 514.064584 1376.117641 567.476228 1.03 0.51 0.46 10.56 1.91 24.82 0.049356 0
16 30 construction_vehicle 0 0 -2.991721 527.134738 476.350691 681.407712 521.469040 2.25 2.52 7.56 -11.45 2.62 65.01 3.115838 0
16 74 car 0 0 2.777474 1143.676073 485.726726 1290.282929 536.427966 1.75 2.15 4.56 13.95 2.34 44.95 3.079549 0
16 66 car 0 0 2.726164 1200.069119 494.440959 1377.356656 549.752804 1.68 2.03 4.84 14.52 2.46 39.54 3.079549 0
17 4 car 0 0 1.749507 531.234499 472.882723 642.030270 535.839489 1.48 1.92 4.78 -6.09 1.57 32.33 1.560265 0
17 38 construction_vehicle 0 0 1.683551 687.068816 462.597403 752.382332 503.684170 2.07 2.64 7.09 -5.69 1.73 67.75 1.598459 0
17 70 car 0 0 2.730774 1190.015806 471.546245 1378.081243 531.130810 1.69 2.34 4.79 13.76 1.77 37.89 3.080878 0
17 72 car 0 0 -0.520791 1333.917960 464.793193 1560.905873 542.370465 1.77 1.95 4.53 14.94 1.68 30.30 -0.060715 0
17 69 car 0 0 2.656720 1282.961327 468.987330 1501.678775 540.814869 1.78 2.14 4.79 14.84 1.79 33.04 3.080878 0
17 48 bus 0 0 -1.631667 897.960848 429.631498 973.267211 515.032586 3.37 2.76 9.48 4.62 1.80 54.72 -1.544861 0
17 68 car 0 0 2.892081 1049.487108 475.502381 1148.889600 506.011570 1.52 1.98 4.74 14.25 1.84 65.68 3.106332 0
17 40 car 0 0 2.075064 0.000000 482.543567 296.235062 653.383822 1.52 1.80 4.75 -7.82 1.68 13.86 1.578725 0
17 60 car 0 0 2.838185 1083.140500 471.140265 1201.653065 509.822871 1.63 2.11 4.66 13.94 1.71 55.47 3.085120 0
17 57 pedestrian 0 0 -2.967221 471.416185 463.008670 532.274495 567.329653 1.67 0.60 0.84 -5.29 1.56 20.42 3.062336 0
17 76 car 0 0 2.901140 1041.330895 472.339043 1133.319165 504.092479 1.65 2.03 4.56 14.20 1.81 68.41 3.106332 0
17 73 traffic_cone 0 0 -0.420302 1443.259323 502.601894 1485.863630 567.053650 1.03 0.51 0.46 10.54 1.58 20.71 0.050705 0
17 30 construction_vehicle 0 0 -2.979480 507.443029 454.705573 672.859417 503.910195 2.25 2.52 7.56 -11.41 1.58 60.93 3.117174 0
17 74 car 0 0 2.750012 1175.040498 468.577977 1338.798125 525.408170 1.75 2.15 4.56 13.96 1.74 40.83 3.080878 0
17 77 car 0 0 2.871515 1071.775301 469.983638 1180.822383 506.522443 1.68 2.12 4.73 14.46 1.71 60.63 3.106332 0
17 66 car 0 0 2.690038 1242.223275 478.418982 1443.363553 541.541890 1.68 2.03 4.84 14.52 1.95 35.42 3.080878 0
18 4 car 0 0 1.779053 480.970156 479.767644 614.769749 552.839927 1.48 1.92 4.78 -6.12 1.72 28.10 1.560144 0
18 38 construction_vehicle 0 0 1.690864 675.024035 468.817868 745.658993 512.757696 2.07 2.64 7.09 -5.78 2.07 63.37 1.598341 0
18 70 car 0 0 2.693261 1230.380643 478.167397 1444.984238 544.940357 1.69 2.34 4.79 13.65 1.94 33.67 3.080608 0
18 72 car 0 0 -0.556909 1408.776966 470.536318 1600.000000 560.455018 1.77 1.95 4.53 14.84 1.81 26.09 -0.060984 0
18 69 car 0 0 2.605465 1343.413458 473.901252 1598.790820 556.005565 1.78 2.14 4.79 14.73 1.90 28.82 3.080608 0
18 78 car 0 0 2.733482 1197.017206 484.058776 1362.632246 533.139100 1.55 1.99 4.76 14.97 2.04 41.53 3.080608 0
18 48 bus 0 0 -1.636556 900.296682 432.544448 982.979598 525.606529 3.37 2.76 9.48 4.48 2.07 50.50 -1.544979 0
18 68 car 0 0 2.879646 1061.897707 482.121818 1168.487785 514.481972 1.52 1.98 4.74 14.12 2.14 61.46 3.106061 0
18 40 car 0 0 2.142708 0.000000 498.123607 98.363717 774.071970 1.52 1.80 4.75 -7.94 1.77 9.63 1.587330 0
18 60 car 0 0 2.820724 1100.933207 476.374658 1229.875908 517.980907 1.63 2.11 4.66 13.81 1.91 51.25 3.084850 0
18 57 pedestrian 0 0 -2.869004 318.984714 467.341776 401.599129 599.633256 1.67 0.60 0.84 -6.00 1.64 16.15 3.057868 0
18 76 car 0 0 2.889669 1052.824462 478.432707 1151.172266 512.051220 1.65 2.03 4.56 14.08 2.11 64.20 3.106061 0
18 73 traffic_cone 0 0 -0.500327 1591.994418 514.969011 1600.000000 596.283830 1.03 0.51 0.46 10.45 1.64 16.49 0.050428 0
18 30 construction_vehicle 0 0 -2.963855 480.156769 461.895439 658.765297 514.370480 2.25 2.52 7.56 -11.54 1.94 56.70 3.116902 0
18 74 car 0 0 2.717286 1210.555686 474.012165 1395.260065 537.122648 1.75 2.15 4.56 13.85 1.90 36.62 3.080608 0
18 77 car 0 0 2.856346 1087.228061 477.593945 1204.978328 516.612047 1.68 2.12 4.73 14.34 2.05 56.41 3.106061 0
18 66 car 0 0 2.645632 1292.885961 484.930478 1524.548331 556.223751 1.68 2.03 4.84 14.42 2.07 31.21 3.080608 0
19 4 car 0 0 1.821344 409.200201 476.195213 579.249510 564.269346 1.48 1.92 4.78 -6.12 1.61 23.70 1.562024 0
19 38 construction_vehicle 0 0 1.698333 664.621763 463.317302 741.931896 510.819447 2.07 2.64 7.09 -5.68 1.82 58.83 1.600221 0
19 70 car 0 0 2.642102 1290.505720 473.566675 1543.568713 550.752663 1.69 2.34 4.79 13.66 1.80 29.22 3.082526 0
19 72 car 0 0 -0.589815 1523.787069 464.757761 1600.000000 573.814676 1.77 1.95 4.53 14.83 1.71 21.63 -0.059067 0
19 69 car 0 0 2.578693 1434.502124 467.009149 1600.000000 564.596850 1.78 2.14 4.79 14.73 1.75 24.36 3.082526 0
19 78 car 0 0 2.695311 1243.355835 479.399559 1431.622907 534.378128 1.55 1.99 4.76 15.05 1.85 37.07 3.082526 0
19 48 bus 0 0 -1.644960 908.379209 422.618076 1000.908319 525.589354 3.37 2.76 9.48 4.53 1.86 46.07 -1.543099 0
19 79 car 0 0 -0.141574 1057.093421 475.450061 1150.238005 505.780791 1.58 1.93 4.73 15.04 1.90 68.22 0.076086 0
19 68 car 0 0 2.862829 1082.175541 477.447336 1197.862212 512.299673 1.52 1.98 4.74 14.22 1.88 57.00 3.107979 0
19 60 car 0 0 2.797343 1128.376954 470.004218 1270.943203 515.566827 1.63 2.11 4.66 13.88 1.65 46.80 3.086768 0
19 57 pedestrian 0 0 -2.709065 47.709726 454.870639 175.697539 638.647697 1.67 0.60 0.84 -6.66 1.54 11.70 3.055581 0
19 76 car 0 0 2.874083 1071.894614 473.157661 1178.262899 509.252275 1.65 2.03 4.56 14.19 1.83 59.74 3.107979 0
19 80 car 0 0 -0.411681 1223.247789 476.149711 1393.580637 528.545792 1.57 1.97 4.59 15.09 1.79 39.40 -0.044525 0
19 30 construction_vehicle 0 0 -2.946912 452.517499 456.491642 647.046785 513.314014 2.25 2.52 7.56 -11.46 1.74 52.33 3.118819 0
19 74 car 0 0 2.672724 1263.539094 468.710283 1478.071787 540.764596 1.75 2.15 4.56 13.88 1.75 32.14 3.082526 0
19 77 car 0 0 2.836071 1111.413931 474.078472 1240.361888 516.420133 1.68 2.12 4.73 14.43 1.87 51.95 3.107979 0
19 66 car 0 0 2.599129 1368.470774 480.259765 1600.000000 563.647165 1.68 2.03 4.84 14.43 1.92 26.75 3.082526 0
20 4 car 0 0 1.883228 313.247554 462.660500 543.556901 574.996340 1.48 1.92 4.78 -5.88 1.39 19.19 1.575492 0
20 38 construction_vehicle 0 0 1.706654 667.154203 450.308030 752.410036 502.327251 2.07 2.64 7.09 -4.94 1.29 54.30 1.613688 0
20 70 car 0 0 2.605261 1392.822794 464.351108 1600.000000 558.503419 1.69 2.34 4.79 13.98 1.62 24.43 3.096247 0
20 81 car 0 0 2.935147 1096.436666 465.850627 1201.830128 503.869572 1.73 2.07 4.55 15.38 1.56 59.94 -3.096054 0
20 69 car 0 0 2.545794 1590.952173 455.168704 1600.000000 579.442203 1.78 2.14 4.79 14.98 1.59 19.57 3.096247 0
20 78 car 0 0 2.645621 1321.618952 469.650767 1543.849337 534.009010 1.55 1.99 4.76 15.53 1.57 32.27 3.096247 0
20 48 bus 0 0 -1.656552 933.015011 404.084956 1039.892755 520.532026 3.37 2.76 9.48 5.08 1.45 41.41 -1.529632 0
20 79 car 0 0 -0.156749 1091.163959 466.239369 1192.627870 499.342919 1.58 1.93 4.73 15.91 1.43 63.41 0.089810 0
20 83 traffic_cone 0 0 1.439063 600.296242 485.287630 611.571566 504.754330 0.71 0.36 0.36 -8.20 1.28 46.53 1.264724 0
20 68 car 0 0 2.842350 1121.957041 467.832533 1249.962891 506.479717 1.52 1.98 4.74 14.93 1.46 52.21 3.121701 0
20 84 traffic_cone 0 0 -1.861495 694.061688 484.293079 705.434815 502.922712 0.73 0.35 0.35 -5.03 1.30 49.63 -1.962395 0
20 60 car 0 0 2.767897 1178.476028 461.779185 1340.204579 513.273869 1.63 2.11 4.66 14.45 1.39 42.01 3.100490 0
20 76 car 0 0 2.855217 1109.985348 461.789078 1227.168933 501.552829 1.65 2.03 4.56 14.95 1.33 54.95 3.121701 0
20 80 car 0 0 -0.455081 1293.020327 466.861526 1491.980786 527.494034 1.57 1.97 4.59 15.55 1.51 34.59 -0.030803 0
20 30 construction_vehicle 0 0 -2.926556 434.346566 441.533027 647.758746 504.623738 2.25 2.52 7.56 -10.81 1.24 47.90 3.132542 0
20 74 car 0 0 2.617535 1353.535380 458.335587 1600.000000 544.526799 1.75 2.15 4.56 14.24 1.53 27.33 3.096247 0
20 77 car 0 0 2.810979 1156.682124 465.174914 1301.110421 512.483503 1.68 2.12 4.73 15.08 1.53 47.16 3.121701 0
20 66 car 0 0 2.573519 1496.895250 471.188659 1600.000000 575.139385 1.68 2.03 4.84 14.71 1.73 21.95 3.096247 0
21 4 car 0 0 1.957649 188.124953 477.849633 501.038034 620.338396 1.48 1.92 4.78 -5.72 1.59 15.64 1.590367 0
21 38 construction_vehicle 0 0 1.714315 669.028183 462.591366 761.418130 518.482845 2.07 2.64 7.09 -4.38 1.84 50.72 1.625656 0
21 70 car 0 0 2.578605 1519.343498 469.712601 1600.000000 581.875418 1.69 2.34 4.79 14.47 1.73 20.66 3.108034 0
21 81 car 0 0 2.920410 1128.051895 477.828873 1241.594641 518.354201 1.73 2.07 4.55 16.01 2.11 56.16 -3.084263 0
21 87 car 0 0 2.663932 1291.870997 480.361733 1492.734831 534.185778 1.43 1.99 4.80 15.96 1.75 35.51 3.088079 0
21 78 car 0 0 2.615386 1398.181616 482.857857 1600.000000 556.030566 1.55 1.99 4.76 15.82 1.87 28.46 3.108034 0
21 48 bus 0 0 -1.667946 955.772586 409.667802 1076.812971 538.923417 3.37 2.76 9.48 5.48 1.83 37.73 -1.517664 0
21 79 car 0 0 -0.170526 1121.728820 479.749521 1230.649932 514.916546 1.58 1.93 4.73 16.58 2.08 59.60 0.101604 0
21 83 traffic_cone 0 0 1.454314 595.651524 501.086741 607.730109 522.171158 0.71 0.36 0.36 -7.72 1.78 43.00 1.276692 0
21 68 car 0 0 2.823220 1158.547082 480.879692 1297.992157 522.532306 1.52 1.98 4.74 15.47 1.97 48.41 3.133489 0
21 84 traffic_cone 0 0 -1.852295 697.147149 498.967254 709.335991 519.058480 0.73 0.35 0.35 -4.53 1.80 46.05 -1.950434 0
21 60 car 0 0 2.739576 1226.210061 473.333390 1406.598079 529.913301 1.63 2.11 4.66 14.87 1.76 38.22 3.112276 0
21 76 car 0 0 2.840423 1141.160382 472.175482 1268.098635 514.824387 1.65 2.03 4.56 15.38 1.78 51.15 3.133489 0
21 80 car 0 0 -0.497662 1362.402715 479.786712 1590.922424 548.019252 1.57 1.97 4.59 15.89 1.84 30.79 -0.019016 0
21 88 bus 0 0 -1.685332 942.066683 429.213586 1045.754011 524.422035 3.22 2.95 8.78 6.13 1.88 47.26 -1.552561 0
21 89 car 0 0 2.615373 1304.443590 471.847220 1506.938363 540.226865 1.71 2.01 4.43 15.25 1.79 33.13 3.048361 0
21 30 construction_vehicle 0 0 -2.908188 416.901754 453.196823 647.834222 521.126232 2.25 2.52 7.56 -10.32 1.73 44.42 -3.138855 0
21 74 car 0 0 2.599878 1448.659622 470.194077 1600.000000 570.776476 1.75 2.15 4.56 14.49 1.79 23.52 3.108034 0
21 77 car 0 0 2.787446 1198.743317 477.073712 1357.836496 528.489765 1.68 2.12 4.73 15.57 1.96 43.36 3.133489 0
22 4 car 0 0 2.054103 0.000000 463.840678 440.782222 650.788945 1.48 1.92 4.78 -5.63 1.43 12.46 1.603444 0
22 38 construction_vehicle 0 0 1.721241 669.534332 446.172958 769.113497 505.904893 2.07 2.64 7.09 -3.93 1.23 47.52 1.635830 0
22 81 car 0 0 2.905240 1158.616724 460.173416 1280.775300 502.997949 1.73 2.07 4.55 16.50 1.33 52.78 -3.073895 0
22 87 car 0 0 2.628200 1350.145369 462.958163 1576.635911 521.962589 1.43 1.99 4.80 16.24 1.27 32.11 3.098464 0
22 78 car 0 0 2.600035 1482.421484 465.213062 1600.000000 547.852814 1.55 1.99 4.76 16.02 1.47 25.05 3.118417 0
22 90 car 0 0 2.834767 1163.303687 461.665390 1290.008323 499.704652 1.46 1.93 4.45 15.98 1.14 50.20 -3.139318 0
22 48 bus 0 0 -1.681161 977.636056 384.522145 1115.121634 527.747282 3.37 2.76 9.48 5.78 1.33 34.43 -1.507490 0
22 79 car 0 0 -0.184700 1151.182790 462.289486 1267.923209 499.284797 1.58 1.93 4.73 17.12 1.26 56.20 0.111963 0
22 83 traffic_cone 0 0 1.469496 588.780069 486.659402 601.546238 509.401926 0.71 0.36 0.36 -7.36 1.25 39.84 1.286831 0
22 68 car 0 0 2.803262 1194.721689 464.289777 1346.494882 508.707096 1.52 1.98 4.74 15.89 1.33 45.02 -3.139318 0
22 84 traffic_cone 0 0 -1.843744 698.781728 484.958243 711.719886 506.552160 0.73 0.35 0.35 -4.15 1.24 42.85 -1.940295 0
22 91 trailer 0 0 1.409007 674.927053 432.164857 713.088584 484.672322 3.31 2.17 1.79 -8.52 0.92 80.40 1.303573 0
22 60 car 0 0 2.709335 1275.296966 455.156378 1476.816055 516.875876 1.63 2.11 4.66 15.19 1.24 34.83 3.122658 0
22 76 car 0 0 2.822876 1174.388888 456.649788 1311.882207 502.014495 1.65 2.03 4.56 15.82 1.17 47.76 -3.139318 0
22 80 car 0 0 -0.513337 1437.340934 461.899103 1600.000000 538.195259 1.57 1.97 4.59 16.14 1.41 27.39 -0.008635 0
22 92 traffic_cone 0 0 1.578187 490.187754 483.324557 505.043114 510.718682 0.72 0.37 0.36 -8.73 1.07 33.25 1.321397 0
22 88 bus 0 0 -1.694659 961.871496 407.896676 1075.804483 510.764573 3.22 2.95 8.78 6.54 1.25 43.95 -1.542393 0
22 89 car 0 0 2.576546 1367.161171 452.913279 1597.501834 528.760023 1.71 2.01 4.43 15.49 1.33 29.74 3.058751 0
22 30 construction_vehicle 0 0 -2.889736 397.273343 436.556292 646.074162 509.051136 2.25 2.52 7.56 -9.93 1.21 41.29 -3.128478 0
22 74 car 0 0 2.577319 1558.862278 449.995467 1600.000000 567.659468 1.75 2.15 4.56 14.67 1.46 20.11 3.118417 0
22 77 car 0 0 2.762674 1241.066680 458.838041 1416.355871 514.267196 1.68 2.12 4.73 15.94 1.35 39.97 -3.139318 0
22 93 traffic_cone 0 0 -1.413126 683.958969 485.544774 696.594165 506.961874 0.72 0.37 0.36 -4.64 1.25 42.70 -1.521504 0
22 94 traffic_cone 0 0 2.341618 609.944070 486.785728 626.753490 509.810333 0.71 0.37 0.37 -6.57 1.25 39.55 2.176907 0
23 4 car 0 0 2.094946 0.000000 480.824680 349.043699 752.979655 1.48 1.92 4.78 -5.58 1.58 9.41 1.615048 0
23 38 construction_vehicle 0 0 1.728782 666.644056 463.739952 774.907968 528.672095 2.07 2.64 7.09 -3.61 1.93 44.44 1.644522 0
23 81 car 0 0 2.888710 1188.445463 482.331920 1320.169803 529.055957 1.73 2.07 4.55 16.86 2.25 49.57 -3.065475 0
23 87 car 0 0 2.609209 1414.377159 488.590543 1600.000000 556.808421 1.43 1.99 4.80 16.42 1.90 28.88 3.106861 0
23 78 car 0 0 2.578919 1582.148875 492.965702 1600.000000 591.916007 1.55 1.99 4.76 16.14 2.00 21.81 3.126817 0
23 90 car 0 0 2.816339 1195.517528 483.969228 1332.542221 525.827509 1.46 1.93 4.45 16.35 2.02 46.97 -3.130913 0
23 48 bus 0 0 -1.697110 998.868065 396.808325 1157.823547 557.981325 3.37 2.76 9.48 5.98 1.89 31.30 -1.498798 0
23 79 car 0 0 -0.200014 1179.643679 484.435895 1305.004420 524.784406 1.58 1.93 4.73 17.51 2.24 52.96 0.120394 0
23 83 traffic_cone 0 0 1.486547 577.408610 505.549788 591.343187 530.304888 0.71 0.36 0.36 -7.11 1.76 36.79 1.295568 0
23 68 car 0 0 2.781129 1231.311804 488.175598 1397.002089 537.653923 1.52 1.98 4.74 16.20 2.17 41.80 -3.130913 0
23 84 traffic_cone 0 0 -1.834149 697.114080 505.579438 711.213851 528.947193 0.73 0.35 0.35 -3.89 1.86 39.77 -1.931559 0
23 91 trailer 0 0 1.415709 676.556709 448.844992 716.612765 503.734553 3.31 2.17 1.79 -8.04 2.05 77.36 1.312310 0
23 60 car 0 0 2.674885 1328.106868 479.243840 1554.561817 549.141269 1.63 2.11 4.66 15.42 1.90 31.61 3.131059 0
23 76 car 0 0 2.803469 1207.542139 478.814188 1356.861177 528.694781 1.65 2.03 4.56 16.13 2.01 44.54 -3.130913 0
23 80 car 0 0 -0.530980 1523.780877 488.729281 1600.000000 578.480367 1.57 1.97 4.59 16.30 1.98 24.17 -0.000233 0
23 92 traffic_cone 0 0 1.606093 463.206131 502.306984 480.416477 532.632268 0.72 0.37 0.36 -8.55 1.50 30.21 1.330134 0
23 88 bus 0 0 -1.705239 980.307937 424.099554 1106.968257 536.686688 3.22 2.95 8.78 6.85 1.95 40.81 -1.533692 0
23 89 car 0 0 2.562355 1437.617032 477.917937 1600.000000 565.125115 1.71 2.01 4.43 15.64 1.92 26.52 3.067141 0
23 30 construction_vehicle 0 0 -2.870072 371.599696 450.613731 641.788695 531.194084 2.25 2.52 7.56 -9.65 1.75 38.29 -3.120071 0
23 77 car 0 0 2.734904 1285.146030 481.999618 1479.073488 543.921076 1.68 2.12 4.73 16.21 2.07 36.74 -3.130913 0
23 93 traffic_cone 0 0 -1.402962 681.450595 505.181911 695.381524 528.377884 0.72 0.37 0.36 -4.37 1.84 39.63 -1.512808 0
23 94 traffic_cone 0 0 2.357193 599.994150 506.693485 618.501747 531.716149 0.71 0.37 0.37 -6.33 1.79 36.49 2.185421 0
24 4 car 0 0 2.155279 0.000000 482.692152 175.620793 900.000000 1.48 1.92 4.78 -5.58 1.60 6.24 1.622471 0
24 38 construction_vehicle 0 0 1.736618 657.342862 481.391077 775.823703 552.229147 2.07 2.64 7.09 -3.46 2.53 41.26 1.649036 0
24 81 car 0 0 2.868326 1217.451153 503.433441 1360.113933 554.186932 1.73 2.07 4.55 17.02 3.01 46.31 -3.061425 0
24 87 car 0 0 2.590341 1489.701664 513.331336 1600.000000 592.249910 1.43 1.99 4.80 16.48 2.38 25.61 3.110912 0
24 90 car 0 0 2.793670 1227.472992 505.244261 1376.421551 551.043772 1.46 1.93 4.45 16.52 2.74 43.70 -3.126864 0
24 48 bus 0 0 -1.718810 1019.024100 406.278086 1206.380017 590.273030 3.37 2.76 9.48 6.06 2.33 28.09 -1.494283 0
24 79 car 0 0 -0.218853 1206.844609 505.534893 1341.979986 549.284530 1.58 1.93 4.73 17.69 3.05 49.68 0.124447 0
24 83 traffic_cone 0 0 1.506227 556.922527 527.260063 572.182977 554.499903 0.71 0.36 0.36 -7.03 2.26 33.59 1.300042 0
24 68 car 0 0 2.753708 1269.062176 510.083896 1451.203115 564.811077 1.52 1.98 4.74 16.33 2.81 38.52 -3.126864 0
24 84 traffic_cone 0 0 -1.823974 689.214307 527.361474 704.617777 552.887237 0.73 0.35 0.35 -3.79 2.41 36.57 -1.927111 0
24 99 traffic_cone 0 0 1.800008 483.381707 527.574602 505.442147 561.512539 0.71 0.36 0.36 -7.13 1.95 26.92 1.540828 0
24 91 trailer 0 0 1.422299 672.927895 466.049109 714.892150 523.493019 3.31 2.17 1.79 -7.86 3.13 74.17 1.316788 0
24 60 car 0 0 2.645684 1387.798404 502.076784 1600.000000 581.507718 1.63 2.11 4.66 15.51 2.40 28.35 3.135109 0
24 76 car 0 0 2.779484 1240.842980 499.892840 1403.935853 554.502289 1.65 2.03 4.56 16.26 2.69 41.27 -3.126864 0
24 92 traffic_cone 0 0 1.639466 422.262693 523.262680 442.497585 557.305555 0.72 0.37 0.36 -8.50 1.87 27.03 1.334616 0
24 88 bus 0 0 -1.719183 996.458985 439.026057 1138.613785 563.046259 3.22 2.95 8.78 6.98 2.54 37.59 -1.529177 0
24 89 car 0 0 2.540833 1522.483232 501.451808 1600.000000 602.794520 1.71 2.01 4.43 15.68 2.34 23.25 3.071195 0
24 30 construction_vehicle 0 0 -2.847574 333.628340 465.935717 630.280050 555.269020 2.25 2.52 7.56 -9.53 2.25 35.14 -3.116022 0
24 77 car 0 0 2.700376 1332.683199 503.798481 1549.276340 573.059425 1.68 2.12 4.73 16.32 2.64 33.47 -3.126864 0
24 93 traffic_cone 0 0 -1.391935 672.443254 526.937255 687.861180 552.277435 0.72 0.37 0.36 -4.26 2.38 36.44 -1.508293 0
24 94 traffic_cone 0 0 2.374907 581.733344 528.048776 602.245460 555.560321 0.71 0.37 0.37 -6.24 2.26 33.30 2.189793 0
25 38 construction_vehicle 0 0 1.747493 626.421042 457.124124 758.038754 534.828409 2.07 2.64 7.09 -3.87 1.77 37.80 1.640656 0
25 81 car 0 0 2.845383 1232.832495 479.470746 1387.884805 533.688037 1.73 2.07 4.55 16.55 2.09 43.06 -3.069295 0
25 87 car 0 0 2.559510 1567.131608 490.647116 1600.000000 580.680181 1.43 1.99 4.80 16.18 1.85 22.32 3.103028 0
25 90 car 0 0 2.767830 1246.580749 481.393511 1409.161409 530.485640 1.46 1.93 4.45 16.11 1.87 40.42 -3.134740 0
25 48 bus 0 0 -1.748339 1026.579774 368.277173 1254.856384 583.045730 3.37 2.76 9.48 5.75 1.81 24.70 -1.502664 0
25 79 car 0 0 -0.239555 1219.634413 482.090474 1365.627413 528.551781 1.58 1.93 4.73 17.19 2.08 46.41 0.116580 0
25 83 traffic_cone 0 0 1.532808 510.291860 508.937370 526.891039 539.319023 0.71 0.36 0.36 -7.40 1.65 30.09 1.291744 0
25 68 car 0 0 2.721693 1295.508102 486.450764 1496.967176 545.786985 1.52 1.98 4.74 15.94 2.03 35.24 -3.134740 0
25 84 traffic_cone 0 0 -1.809840 660.086686 508.153022 676.886419 536.303008 0.73 0.35 0.35 -4.18 1.74 33.11 -1.935373 0
25 99 traffic_cone 0 0 1.839382 416.532122 508.845317 442.520060 547.833563 0.71 0.36 0.36 -7.42 1.44 23.43 1.532461 0
25 91 trailer 0 0 1.430492 651.133929 441.178685 694.811482 501.431772 3.31 2.17 1.79 -8.67 1.74 70.63 1.308484 0
25 60 car 0 0 2.620518 1443.922596 477.849830 1600.000000 567.223040 1.63 2.11 4.66 15.21 1.83 25.05 3.127230 0
25 76 car 0 0 2.752493 1260.776630 475.352230 1439.827002 534.334659 1.65 2.03 4.56 15.80 1.86 37.98 -3.134740 0
25 92 traffic_cone 0 0 1.684204 345.945218 504.735764 370.113612 543.815901 0.72 0.37 0.36 -8.80 1.38 23.53 1.326306 0
25 88 bus 0 0 -1.736085 997.722151 407.974512 1159.538507 545.687248 3.22 2.95 8.78 6.60 1.80 34.21 -1.537554 0
25 30 construction_vehicle 0 0 -2.816358 262.271553 440.835255 595.078888 539.608763 2.25 2.52 7.56 -9.89 1.62 31.63 -3.123896 0
25 77 car 0 0 2.664016 1371.772437 479.266238 1600.000000 555.515014 1.68 2.12 4.73 15.97 1.95 30.19 -3.134740 0
25 93 traffic_cone 0 0 -1.376921 641.796761 507.846327 658.918164 535.834406 0.72 0.37 0.36 -4.64 1.72 32.98 -1.516672 0
25 94 traffic_cone 0 0 2.399214 538.028255 509.044810 560.893287 539.819448 0.71 0.37 0.37 -6.60 1.65 29.82 2.181515 0
26 38 construction_vehicle 0 0 1.763615 582.176357 464.207672 733.805664 552.970808 2.07 2.64 7.09 -4.36 2.03 33.93 1.629844 0
26 81 car 0 0 2.815932 1251.226577 496.039950 1422.707340 557.218011 1.73 2.07 4.55 15.99 2.62 39.45 -3.080396 0
26 103 car 0 0 2.644085 1400.077629 507.405375 1600.000000 584.238016 1.55 2.04 4.72 16.19 2.51 29.15 3.137320 0
26 90 car 0 0 2.735745 1268.307964 497.999927 1448.885195 554.010465 1.46 1.93 4.45 15.56 2.35 36.80 3.137320 0
26 48 bus 0 0 -1.792135 1036.308233 362.163689 1333.737606 628.931979 3.37 2.76 9.48 5.43 2.09 20.96 -1.513475 0
26 79 car 0 0 -0.265860 1234.361731 498.897613 1394.564182 551.190823 1.58 1.93 4.73 16.59 2.65 42.79 0.105496 0
26 83 traffic_cone 0 0 1.570681 443.484734 522.684554 462.910769 557.860354 0.71 0.36 0.36 -7.81 1.82 26.19 1.281022 0
26 68 car 0 0 2.679599 1329.770934 504.775773 1557.710071 573.701357 1.52 1.98 4.74 15.48 2.48 31.60 3.137320 0
26 84 traffic_cone 0 0 -1.789535 619.201313 522.811242 638.469398 554.939386 0.73 0.35 0.35 -4.62 1.97 29.24 -1.946091 0
26 99 traffic_cone 0 0 1.899350 312.793912 521.576848 346.384890 568.724549 0.71 0.36 0.36 -7.74 1.52 19.53 1.521687 0
26 91 trailer 0 0 1.441149 622.268988 447.480396 669.144380 511.789828 3.31 2.17 1.79 -9.64 2.18 66.69 1.297760 0
26 60 car 0 0 2.585012 1524.919349 498.669611 1600.000000 608.017144 1.63 2.11 4.66 14.87 2.19 21.41 3.116097 0
26 76 car 0 0 2.717159 1285.999291 492.086907 1486.604685 559.490813 1.65 2.03 4.56 15.26 2.33 34.35 3.137320 0
26 92 traffic_cone 0 0 1.751160 227.526127 516.505729 259.547634 563.768219 0.72 0.37 0.36 -9.12 1.45 19.61 1.315579 0
26 88 bus 0 0 -1.736739 996.351655 409.755247 1179.954586 568.683435 3.22 2.95 8.78 6.04 2.08 30.48 -1.530914 0
26 30 construction_vehicle 0 0 -2.773186 158.459821 440.920139 546.347843 558.202592 2.25 2.52 7.56 -10.30 1.77 27.71 -3.135018 0
26 105 traffic_cone 0 0 1.983663 265.149685 518.961029 300.020519 566.059269 0.71 0.36 0.36 -8.51 1.49 19.61 1.574005 0
26 77 car 0 0 2.636543 1424.533170 497.947755 1600.000000 588.104510 1.68 2.12 4.73 15.57 2.35 26.57 3.137320 0
26 93 traffic_cone 0 0 -1.354490 597.604000 522.312211 617.752266 554.257859 0.72 0.37 0.36 -5.08 1.94 29.11 -1.527479 0
26 94 traffic_cone 0 0 2.434639 474.192727 522.478432 501.199860 558.034350 0.71 0.37 0.37 -7.01 1.81 25.92 2.170457 0
26 106 car 0 0 2.618049 1485.377630 498.484650 1600.000000 591.099199 1.53 1.98 4.81 15.50 2.16 23.88 3.137320 0
27 38 construction_vehicle 0 0 1.785640 520.697114 453.710554 700.572358 556.536827 2.07 2.64 7.09 -4.89 1.81 29.79 1.614943 0
27 81 car 0 0 2.778556 1274.075636 490.265463 1466.557520 558.291667 1.73 2.07 4.55 15.37 2.38 35.62 -3.095155 0
27 103 car 0 0 2.610457 1461.625312 510.684858 1600.000000 600.441011 1.55 2.04 4.72 15.72 2.47 25.31 3.122554 0
27 90 car 0 0 2.694656 1295.984245 492.096696 1499.955822 554.863427 1.46 1.93 4.45 14.96 2.11 32.97 3.122554 0
27 48 bus 0 0 -1.862491 1051.086814 317.803834 1471.866131 672.254830 3.37 2.76 9.48 5.08 1.98 16.95 -1.528376 0
27 79 car 0 0 -0.298999 1252.161432 493.672145 1430.201393 551.370002 1.58 1.93 4.73 15.92 2.40 38.95 0.090740 0
27 83 traffic_cone 0 0 1.623999 345.748721 523.286783 370.500262 565.231273 0.71 0.36 0.36 -8.23 1.66 22.02 1.266167 0
27 68 car 0 0 2.636955 1375.516792 500.340026 1600.000000 579.313771 1.52 1.98 4.74 14.98 2.28 27.75 3.122554 0
27 84 traffic_cone 0 0 -1.761303 562.007795 522.463095 584.224126 559.954539 0.73 0.35 0.35 -5.08 1.79 25.10 -1.960931 0
27 99 traffic_cone 0 0 1.994897 138.054228 532.600223 184.759605 593.185382 0.71 0.36 0.36 -8.14 1.49 15.33 1.506797 0
27 91 trailer 0 0 1.453103 586.327195 436.906983 636.223599 505.699277 3.31 2.17 1.79 -10.74 1.73 62.44 1.282902 0
27 107 traffic_cone 0 0 2.018503 194.527957 529.331940 241.622058 589.827304 0.71 0.37 0.36 -7.43 1.44 15.31 1.566346 0
27 76 car 0 0 2.670155 1320.816878 485.437715 1550.138296 561.660978 1.65 2.03 4.56 14.73 2.10 30.49 3.122554 0
27 92 traffic_cone 0 0 1.855310 27.541922 525.955503 73.548843 586.571818 0.72 0.37 0.36 -9.52 1.41 15.38 1.300719 0
27 88 bus 0 0 -1.789174 998.156573 391.461393 1230.932808 579.271657 3.22 2.95 8.78 5.68 1.93 26.48 -1.563250 0
27 108 car 0 0 -0.152401 919.849048 482.358381 980.969103 507.628922 1.81 1.91 4.45 9.60 2.84 97.34 -0.053887 0
27 30 construction_vehicle 0 0 -2.712649 6.314264 428.722126 476.024273 568.451630 2.25 2.52 7.56 -10.74 1.65 23.50 3.133403 0
27 105 traffic_cone 0 0 2.082795 78.795000 527.087910 127.468069 587.897744 0.71 0.36 0.36 -8.84 1.42 15.31 1.559110 0
27 77 car 0 0 2.599365 1498.432674 492.784373 1600.000000 598.947829 1.68 2.12 4.73 15.15 2.17 22.74 3.122554 0
27 93 traffic_cone 0 0 -1.323311 535.589958 521.922602 559.735196 559.300447 0.72 0.37 0.36 -5.56 1.76 24.96 -1.542378 0
27 94 traffic_cone 0 0 2.484450 382.729511 524.232972 415.294943 566.792184 0.71 0.37 0.37 -7.43 1.67 21.79 2.155554 0
27 106 car 0 0 2.574306 1583.356179 493.579628 1600.000000 605.036581 1.53 1.98 4.81 15.11 1.99 20.03 3.122554 0
28 38 construction_vehicle 0 0 1.817901 446.982767 440.730450 668.371628 562.534477 2.07 2.64 7.09 -5.17 1.61 25.52 1.606464 0
28 81 car 0 0 2.731911 1317.691090 478.071133 1539.302720 553.694970 1.73 2.07 4.55 15.04 1.98 31.52 -3.103392 0
28 103 car 0 0 2.571463 1564.918299 497.811549 1600.000000 603.243029 1.55 2.04 4.72 15.46 2.10 21.19 3.114334 0
28 90 car 0 0 2.642758 1346.928660 479.526358 1583.992468 549.807905 1.46 1.93 4.45 14.63 1.73 28.86 3.114334 0
28 48 bus 0 0 -1.929091 1089.680214 202.283262 1600.000000 739.660785 3.37 2.76 9.48 4.89 1.70 12.75 -1.536855 0
28 79 car 0 0 -0.339784 1288.350829 482.403454 1490.616595 545.757452 1.58 1.93 4.73 15.56 1.99 34.84 0.082492 0
28 83 traffic_cone 0 0 1.703620 210.876140 527.102865 244.315153 579.274221 0.71 0.36 0.36 -8.47 1.53 17.73 1.257631 0
28 68 car 0 0 2.604406 1454.481105 487.998541 1600.000000 579.085873 1.52 1.98 4.74 14.72 1.92 23.62 3.114334 0
28 111 pedestrian 0 0 0.790748 99.324714 434.487734 155.497314 542.347027 1.94 0.72 0.49 -12.83 1.30 22.99 0.281718 0
28 84 traffic_cone 0 0 -1.718656 492.634623 522.029478 518.580890 567.302031 0.73 0.35 0.35 -5.33 1.60 20.80 -1.969468 0
28 91 trailer 0 0 1.465802 557.400120 426.343154 610.165434 500.022599 3.31 2.17 1.79 -11.27 1.35 58.11 1.274367 0
28 76 car 0 0 2.626537 1382.565221 471.295816 1600.000000 558.137654 1.65 2.03 4.56 14.44 1.74 26.36 3.114334 0
28 88 bus 0 0 -1.837503 1017.577388 357.914902 1317.639112 588.443019 3.22 2.95 8.78 5.54 1.68 22.28 -1.571738 0
28 108 car 0 0 -0.156699 913.585701 470.858266 977.330117 496.845588 1.81 1.91 4.45 8.82 1.93 93.16 -0.062100 0
28 30 construction_vehicle 0 0 -2.690029 0.000000 418.399487 386.774699 587.955729 2.25 2.52 7.56 -10.98 1.61 19.18 3.125180 0
28 93 traffic_cone 0 0 -1.277170 459.930029 522.141573 489.828191 567.320688 0.72 0.37 0.36 -5.80 1.59 20.68 -1.550861 0
28 94 traffic_cone 0 0 2.561219 255.702131 528.637054 296.624229 582.210367 0.71 0.37 0.37 -7.67 1.54 17.47 2.147256 0
28 113 pedestrian 0 0 -1.620354 163.832685 434.227220 211.761892 538.401424 1.83 0.70 0.50 -11.45 1.21 22.45 -2.091879 0
29 38 construction_vehicle 0 0 1.866185 352.105758 428.816177 638.392485 579.311089 2.07 2.64 7.09 -5.21 1.52 21.21 1.607629 0
29 81 car 0 0 2.690922 1390.155899 469.325847 1600.000000 556.061467 1.73 2.07 4.55 15.00 1.75 27.22 -3.102105 0
29 115 car 0 0 1.086563 88.514338 439.133496 264.332083 512.806439 2.00 2.22 5.55 -18.96 1.13 36.44 0.607859 0
29 90 car 0 0 2.612713 1431.535617 470.401842 1600.000000 551.862473 1.46 1.93 4.45 14.56 1.50 24.56 3.115637 0
29 48 bus 0 0 -1.955449 1171.394379 0.000000 1600.000000 900.000000 3.37 2.76 9.48 4.84 1.53 8.43 -1.535691 0
29 79 car 0 0 -0.389285 1349.445141 474.982845 1586.137557 546.424499 1.58 1.93 4.73 15.51 1.75 30.52 0.083767 0
29 83 traffic_cone 0 0 1.825121 4.774500 541.656113 55.089869 611.270299 0.71 0.36 0.36 -8.54 1.49 13.43 1.258727 0
29 68 car 0 0 2.566678 1585.803765 479.241183 1600.000000 589.590032 1.52 1.98 4.74 14.68 1.71 19.31 3.115637 0
29 84 traffic_cone 0 0 -1.652730 401.791547 529.123731 433.122080 586.675168 0.73 0.35 0.35 -5.38 1.52 16.48 -1.968381 0
29 117 traffic_cone 0 0 -1.416406 646.266685 515.289948 670.932258 557.143458 0.72 0.37 0.36 -2.99 1.54 22.33 -1.549700 0
29 91 trailer 0 0 1.482302 535.669065 418.638725 591.731422 498.039415 3.31 2.17 1.79 -11.30 1.17 53.80 1.275465 0
29 76 car 0 0 2.596561 1484.728976 459.683863 1600.000000 562.835029 1.65 2.03 4.56 14.40 1.52 22.04 3.115637 0
29 88 bus 0 0 -1.897503 1045.488214 312.039581 1457.315664 614.298708 3.22 2.95 8.78 5.37 1.54 17.96 -1.570582 0
29 108 car 0 0 -0.159917 917.780339 465.191299 984.593449 492.104397 1.81 1.91 4.45 8.81 1.51 88.85 -0.060788 0
29 118 traffic_cone 0 0 -1.120730 669.743033 509.795067 694.237012 545.336214 0.71 0.36 0.37 -2.98 1.54 25.81 -1.235640 0
29 30 construction_vehicle 0 0 -2.651053 0.000000 395.511730 265.899461 614.583220 2.25 2.52 7.56 -11.03 1.51 14.89 3.126480 0
29 93 traffic_cone 0 0 -1.206456 359.122555 530.266326 398.567217 587.595921 0.72 0.37 0.36 -5.85 1.52 16.38 -1.549700 0
29 94 traffic_cone 0 0 2.680832 61.064719 544.473564 116.395119 616.812351 0.71 0.37 0.37 -7.74 1.51 13.14 2.148569 0
29 113 pedestrian 0 0 -1.524769 0.000000 422.640362 61.157208 552.150333 1.83 0.70 0.50 -11.52 1.17 18.14 -2.090797 0
30 38 construction_vehicle 0 0 1.939663 194.183759 427.678049 592.035031 623.029663 2.07 2.64 7.09 -5.31 1.63 16.96 1.606552 0
30 81 car 0 0 2.661236 1483.292277 461.962568 1600.000000 562.112122 1.73 2.07 4.55 14.88 1.60 23.01 -3.103306 0
30 119 pedestrian 0 0 1.420031 5.629275 437.965100 54.504928 552.238005 1.81 0.59 0.47 -12.83 1.30 20.18 0.853713 0
30 115 car 0 0 1.138765 0.000000 449.707160 177.680556 533.931349 2.00 2.22 5.55 -19.22 1.51 32.18 0.606567 0
30 120 traffic_cone 0 0 -1.000555 606.810990 507.145033 625.841721 534.491902 0.71 0.36 0.36 -5.59 1.70 33.33 -1.166837 0
30 90 car 0 0 2.577629 1544.335240 461.706563 1600.000000 557.250681 1.46 1.93 4.45 14.43 1.34 20.34 3.114456 0
30 48 bus 0 0 -2.005748 1322.734878 190.867428 1600.000000 667.686001 3.37 2.76 9.48 4.74 1.39 4.19 -1.536768 0
30 79 car 0 0 -0.418403 1425.121215 470.252829 1600.000000 550.488228 1.58 1.93 4.73 15.39 1.60 26.29 0.082554 0
30 84 traffic_cone 0 0 -1.547757 243.535254 557.858101 285.191828 637.261479 0.73 0.35 0.35 -5.47 1.60 12.21 -1.969588 0
30 117 traffic_cone 0 0 -1.381151 596.636717 530.272088 627.384182 582.050124 0.72 0.37 0.36 -3.09 1.60 18.08 -1.550782 0
30 91 trailer 0 0 1.501068 507.840789 420.137377 567.162881 505.947737 3.31 2.17 1.79 -11.45 1.39 49.55 1.274288 0
30 88 bus 0 0 -1.961344 1082.169873 235.755876 1600.000000 670.523353 3.22 2.95 8.78 5.14 1.49 13.72 -1.571670 0
30 108 car 0 0 -0.164124 920.063424 466.065739 989.993877 493.522962 1.81 1.91 4.45 8.65 1.56 84.60 -0.061959 0
30 118 traffic_cone 0 0 -1.095801 634.372558 521.496082 663.538709 564.206895 0.71 0.36 0.37 -3.06 1.60 21.56 -1.236649 0
30 30 construction_vehicle 0 0 -2.590032 0.000000 379.237761 54.711786 684.884284 2.25 2.52 7.56 -11.13 1.59 10.64 3.125296 0
30 93 traffic_cone 0 0 -1.097841 188.319425 560.051457 245.400749 638.247084 0.72 0.37 0.36 -5.90 1.60 12.13 -1.550782 0
31 38 construction_vehicle 0 0 2.029189 0.000000 410.646454 527.470891 696.951442 2.07 2.64 7.09 -5.38 1.67 12.79 1.606941 0
31 115 car 0 0 1.167365 0.000000 450.293391 80.930025 547.564553 2.00 2.22 5.55 -19.29 1.58 28.20 0.606980 0
31 120 traffic_cone 0 0 -0.975244 572.912105 514.969720 595.112135 546.381110 0.71 0.36 0.36 -5.64 1.76 29.15 -1.166503 0
31 79 car 0 0 -0.449008 1527.668815 480.610467 1600.000000 579.180477 1.58 1.93 4.73 15.31 1.80 22.12 0.082892 0
31 117 traffic_cone 0 0 -1.325912 519.398843 550.895140 561.677772 619.098210 0.72 0.37 0.36 -3.17 1.63 13.90 -1.550390 0
31 91 trailer 0 0 1.522820 476.817754 418.307269 541.620620 512.404463 3.31 2.17 1.79 -11.51 1.50 45.38 1.274715 0
31 121 car 0 0 1.580611 774.260593 471.261363 801.683959 494.755283 1.72 1.98 4.52 -2.91 1.84 95.24 1.549798 1
31 88 bus 0 0 -1.985198 1153.902673 80.592751 1600.000000 871.235177 3.22 2.95 8.78 5.10 1.65 9.55 -1.571276 0
31 108 car 0 0 -0.168113 923.557308 470.976896 997.412230 500.355931 1.81 1.91 4.45 8.57 1.91 80.42 -0.061640 0
31 118 traffic_cone 0 0 -1.059411 584.052209 536.963072 621.213466 590.505465 0.71 0.36 0.37 -3.10 1.65 17.38 -1.236304 0
32 38 construction_vehicle 0 0 2.062975 0.000000 356.139304 418.433092 880.863950 2.07 2.64 7.09 -5.43 1.64 8.60 1.605113 0
32 120 traffic_cone 0 0 -0.942178 525.188425 520.142288 551.458640 556.991005 0.71 0.36 0.36 -5.74 1.72 24.96 -1.168336 0
32 126 traffic_cone 0 0 -0.563367 572.935910 535.010766 608.483916 585.550183 0.70 0.36 0.37 -3.45 1.67 18.31 -0.749467 0
32 117 traffic_cone 0 0 -1.229442 374.935145 581.608477 440.178148 680.928667 0.72 0.37 0.36 -3.25 1.60 9.73 -1.552218 0
32 91 trailer 0 0 1.548022 437.304594 411.995786 508.570242 515.872993 3.31 2.17 1.79 -11.63 1.48 41.19 1.272895 0
32 121 car 0 0 1.575295 766.496212 469.856943 797.323145 496.632508 1.72 1.98 4.52 -2.96 1.73 83.84 1.539648 1
32 88 bus 0 0 -2.029465 1283.253243 0.000000 1600.000000 900.000000 3.22 2.95 8.78 5.03 1.72 5.39 -1.573103 0
32 108 car 0 0 -0.173096 925.501428 469.728192 1003.510541 500.735176 1.81 1.91 4.45 8.37 1.83 76.26 -0.063451 0
32 127 traffic_cone 0 0 -3.077624 368.305803 513.212279 389.473878 549.785012 0.70 0.37 0.36 -8.80 1.56 24.64 2.862350 0
32 118 traffic_cone 0 0 -1.000812 498.405581 555.174992 548.699717 626.704288 0.71 0.36 0.37 -3.19 1.62 13.19 -1.238137 0
32 128 traffic_cone 0 0 -0.681877 593.976007 524.897946 623.111825 565.514627 0.70 0.36 0.36 -3.93 1.70 22.57 -0.854194 0
33 38 construction_vehicle 0 0 2.137392 0.000000 0.000000 175.883655 900.000000 2.07 2.64 7.09 -5.51 1.56 4.26 1.604662 0
33 120 traffic_cone 0 0 -0.894507 457.991937 525.992596 490.230190 570.771791 0.71 0.36 0.36 -5.81 1.64 20.66 -1.168765 0
33 126 traffic_cone 0 0 -0.505417 490.992234 550.064087 537.168424 616.929259 0.70 0.36 0.37 -3.50 1.62 14.03 -0.749874 0
33 129 traffic_cone 0 0 -1.413645 356.280673 522.294776 383.621870 565.761620 0.70 0.36 0.36 -7.55 1.57 20.72 -1.763169 0
33 117 traffic_cone 0 0 -1.005554 0.000000 659.957003 126.888718 846.185935 0.72 0.37 0.36 -3.33 1.57 5.43 -1.552670 0
33 91 trailer 0 0 1.579916 388.614751 402.484230 468.888972 518.646230 3.31 2.17 1.79 -11.69 1.40 36.90 1.272433 0
33 130 traffic_cone 0 0 -1.495273 323.993498 521.425009 349.879666 565.723085 0.70 0.36 0.36 -8.04 1.56 20.58 -1.867859 0
33 121 car 0 0 1.607277 755.414745 466.036315 793.602396 497.155128 1.72 1.98 4.52 -2.97 1.51 72.36 1.565731 1
33 88 bus 0 0 -2.126618 1599.962384 98.161718 1600.000000 842.050111 3.22 2.95 8.78 4.85 1.60 1.09 -1.573556 0
33 108 car 0 0 -0.178795 929.826853 465.996308 1012.616148 498.768396 1.81 1.91 4.45 8.28 1.61 71.96 -0.063857 0
33 127 traffic_cone 0 0 -3.009548 265.695498 518.850153 293.426097 563.360515 0.70 0.37 0.36 -8.88 1.50 20.35 2.861949 0
33 118 traffic_cone 0 0 -0.886391 327.002607 589.870095 405.351459 698.820303 0.71 0.36 0.37 -3.27 1.58 8.90 -1.238571 0
33 128 traffic_cone 0 0 -0.638830 533.986563 532.482183 569.986281 583.058336 0.70 0.36 0.36 -4.01 1.63 18.28 -0.854606 0
33 131 traffic_cone 0 0 -1.493057 295.090684 519.807039 321.536947 563.824000 0.70 0.36 0.36 -8.48 1.52 20.51 -1.885308 0
34 120 traffic_cone 0 0 -0.822703 357.826435 536.242320 399.976320 593.825237 0.71 0.36 0.36 -5.80 1.58 16.23 -1.165906 0
34 126 traffic_cone 0 0 -0.395666 333.785050 581.515067 400.998588 682.021716 0.70 0.36 0.37 -3.52 1.58 9.59 -0.746993 0
34 129 traffic_cone 0 0 -1.326663 227.483199 530.553500 265.464316 586.213024 0.70 0.36 0.36 -7.54 1.49 16.29 -1.760316 0
34 91 trailer 0 0 1.619376 330.483415 390.035453 424.822586 522.530216 3.31 2.17 1.79 -11.60 1.32 32.50 1.275290 0
34 130 traffic_cone 0 0 -1.399811 179.297307 535.157472 216.224698 592.257605 0.70 0.36 0.36 -8.10 1.55 16.14 -1.865003 0
34 121 car 0 0 1.611648 745.649051 461.437630 791.055032 498.274177 1.72 1.98 4.52 -2.82 1.33 61.51 1.565197 1
34 108 car 0 0 -0.186175 940.012438 462.492088 1028.582709 497.516101 1.81 1.91 4.45 8.46 1.44 67.47 -0.060949 0
34 127 traffic_cone 0 0 -2.906996 103.669981 531.663855 143.565860 589.143432 0.70 0.37 0.36 -8.93 1.49 15.92 2.864853 0
34 128 traffic_cone 0 0 -0.569927 440.028541 546.582169 487.747365 614.300559 0.70 0.36 0.36 -4.01 1.57 13.84 -0.851731 0
34 131 traffic_cone 0 0 -1.396545 146.002545 528.503129 183.850941 585.100547 0.70 0.36 0.36 -8.49 1.46 16.09 -1.882451 0
35 120 traffic_cone 0 0 -0.719891 204.273608 562.187834 262.277720 639.529787 0.71 0.36 0.36 -5.81 1.63 12.28 -1.162183 0
35 132 traffic_cone 0 0 -1.367550 591.516198 497.629962 609.494325 532.224044 0.84 0.36 0.37 -5.63 1.54 31.19 -1.546088 0
35 126 traffic_cone 0 0 -0.182270 0.000000 652.560753 78.688621 834.852372 0.70 0.36 0.37 -3.60 1.56 5.60 -0.743297 0
35 129 traffic_cone 0 0 -1.205676 28.559367 554.458307 85.249845 628.832978 0.70 0.36 0.36 -7.58 1.54 12.34 -1.756591 0
35 91 trailer 0 0 1.666046 259.604133 383.564714 372.294509 535.065059 3.31 2.17 1.79 -11.59 1.44 28.56 1.279010 0
35 130 traffic_cone 0 0 -1.283906 0.000000 555.917414 20.948154 632.461457 0.70 0.36 0.36 -8.11 1.55 12.19 -1.861283 0
35 121 car 0 0 1.620377 730.878518 463.636025 785.614240 507.692046 1.72 1.98 4.52 -2.78 1.49 51.78 1.565880 1
35 108 car 0 0 -0.191871 949.028485 466.070763 1043.398938 503.305289 1.81 1.91 4.45 8.56 1.64 63.48 -0.057294 0
35 128 traffic_cone 0 0 -0.461173 282.557195 579.590531 349.872618 676.654696 0.70 0.36 0.36 -4.03 1.59 9.89 -0.848027 0
36 132 traffic_cone 0 0 -1.339306 557.282388 490.927781 579.055231 531.367231 0.84 0.36 0.37 -5.53 1.30 26.79 -1.542725 0
36 91 trailer 0 0 1.730295 152.985275 354.224516 296.549682 535.137498 3.31 2.17 1.79 -11.55 1.20 24.19 1.282470 0
36 121 car 0 0 1.633184 710.748395 454.011191 779.706806 508.825565 1.72 1.98 4.52 -2.70 1.23 42.51 1.568333 1
36 108 car 0 0 -0.201807 962.276332 460.723556 1064.565432 501.765438 1.81 1.91 4.45 8.77 1.43 59.03 -0.053767 0
37 132 traffic_cone 0 0 -1.297537 503.669988 488.303772 530.984687 537.623167 0.84 0.36 0.37 -5.44 1.17 22.04 -1.539551 0
37 91 trailer 0 0 1.818814 0.000000 317.037107 174.441355 544.412756 3.31 2.17 1.79 -11.55 1.09 19.45 1.285657 0
37 121 car 0 0 1.656215 671.573344 440.905645 766.294790 514.178708 1.72 1.98 4.52 -2.70 1.03 32.39 1.570495 1
37 108 car 0 0 -0.214822 978.379703 452.202854 1090.389963 497.014431 1.81 1.91 4.45 8.95 1.10 54.21 -0.050454 0
37 138 traffic_cone 0 0 -1.323124 539.419579 491.707491 562.840920 529.521638 0.72 0.34 0.40 -5.39 1.15 24.50 -1.539551 0
38 132 traffic_cone 0 0 -1.234697 426.581275 506.475413 462.065180 568.094399 0.84 0.36 0.37 -5.39 1.37 17.69 -1.530849 0
38 91 trailer 0 0 1.873920 0.000000 287.059593 12.936011 583.240997 3.31 2.17 1.79 -11.43 1.28 15.16 1.294302 0
38 121 car 0 0 1.696253 607.272599 444.747957 748.915638 549.908353 1.72 1.98 4.52 -2.62 1.32 23.15 1.578275 1
38 139 traffic_cone 0 0 -0.406123 363.056672 527.407049 405.227662 586.628188 0.70 0.36 0.37 -5.47 1.42 15.47 -0.745612 0
38 108 car 0 0 -0.228470 1001.542383 462.346574 1124.132270 510.728349 1.81 1.91 4.45 9.34 1.56 49.75 -0.042084 0
38 138 traffic_cone 0 0 -1.271247 479.048475 510.783673 508.644501 556.906188 0.72 0.34 0.40 -5.35 1.38 20.16 -1.530849 0
39 132 traffic_cone 0 0 -1.139703 291.979829 533.509808 342.370300 616.401933 0.84 0.36 0.37 -5.39 1.53 13.26 -1.525900 0
39 121 car 0 0 1.786932 443.754689 442.604226 702.921863 619.704250 1.72 1.98 4.52 -2.71 1.48 14.58 1.587475 1
39 139 traffic_cone 0 0 -0.282636 179.853093 563.560197 238.136896 648.553838 0.70 0.36 0.37 -5.45 1.54 11.05 -0.740640 0
39 108 car 0 0 -0.244144 1021.911475 468.432105 1157.182447 520.804314 1.81 1.91 4.45 9.45 1.79 45.26 -0.037253 0
39 138 traffic_cone 0 0 -1.199753 382.888128 536.399083 422.823508 596.024582 0.72 0.34 0.40 -5.32 1.56 15.73 -1.525900 0
40 121 car 0 0 1.998297 0.000000 382.338840 561.978888 868.913666 1.72 1.98 4.52 -2.95 1.41 6.73 1.587568 1
40 108 car 0 0 -0.263569 1034.459189 451.390383 1185.290902 509.003307 1.81 1.91 4.45 9.18 1.23 40.83 -0.041188 0
