0 0 car 0 0 1.059910 333.323530 490.558332 448.275208 538.370412 1.67 1.93 4.92 -15.74 1.66 46.71 0.735795 1
0 2 car 0 0 0.946874 434.522203 493.994055 649.269262 580.500001 1.75 2.20 5.02 -6.17 1.82 28.13 0.733520 1
0 7 car 0 0 -1.997618 17.277455 490.095527 192.904772 558.836008 1.57 2.13 4.58 -17.54 1.55 31.17 -2.509297 1
0 8 car 0 0 -1.912446 0.000000 490.450620 317.117500 688.001316 1.65 2.15 4.58 -7.18 1.66 12.95 -2.391451 1
0 12 car 0 0 1.185763 164.567707 488.802628 289.079177 543.027319 1.64 2.13 4.59 -18.98 1.58 40.69 0.750142 1
1 0 car 0 0 0.969728 748.398751 480.198451 890.510345 539.417948 1.67 1.93 4.92 0.01 1.34 38.40 0.972245 1
1 14 car 0 0 1.330436 325.441558 494.603499 400.162899 533.541358 1.61 2.14 4.85 -20.32 1.78 56.64 0.986591 1
1 15 car 0 0 1.312765 458.213303 480.834915 522.096159 516.295346 1.79 2.20 4.74 -17.22 1.24 66.71 1.060732 1
1 2 car 0 0 0.831835 848.049941 470.501118 1136.598164 585.387367 1.75 2.20 5.02 2.89 1.41 21.98 0.969969 1
1 7 car 0 0 -1.859162 303.544422 472.495420 421.986729 529.954744 1.57 2.13 4.58 -13.34 1.03 37.09 -2.203033 1
1 8 car 0 0 -1.760488 153.291437 489.837306 424.720055 664.849335 1.65 2.15 4.58 -6.24 1.64 14.64 -2.155001 1
1 12 car 0 0 1.158049 531.959005 479.913476 661.995139 540.606946 1.64 2.13 4.59 -6.44 1.31 36.78 0.986591 1
2 0 car 0 0 0.797474 1226.769122 469.997888 1477.816367 559.762008 1.67 1.93 4.92 10.91 1.24 26.23 1.197871 1
2 17 car 0 0 1.488987 541.482021 473.876047 570.692919 493.267834 1.58 2.12 4.42 -21.81 0.11 106.04 1.286361 1
2 14 car 0 0 1.323629 636.072094 481.548170 713.102492 523.166411 1.61 2.14 4.85 -5.96 1.22 52.74 1.212218 1
2 15 car 0 0 1.274124 794.017766 471.063837 869.511619 512.342922 1.79 2.20 4.74 0.64 0.87 57.55 1.286361 1
2 2 car 0 0 0.715252 1408.994640 453.677337 1600.000000 662.457556 1.75 2.20 5.02 9.06 1.40 13.33 1.213050 1
2 7 car 0 0 -1.773374 555.556781 484.014167 644.478978 535.145691 1.57 2.13 4.58 -7.30 1.34 42.39 -1.942500 1
2 8 car 0 0 -1.667023 375.341726 483.343459 577.023295 638.320715 1.65 2.15 4.58 -4.52 1.57 16.30 -1.929375 1
2 19 car 0 0 1.345033 616.117593 478.337242 678.026300 513.107201 1.59 2.00 4.96 -8.26 0.97 61.47 1.212218 1
2 12 car 0 0 1.094861 880.179119 473.934231 1050.974264 551.309523 1.64 2.13 4.59 3.35 1.24 29.47 1.212218 1
3 17 car 0 0 1.488464 775.643044 465.958655 805.595049 486.234719 1.58 2.12 4.42 -2.09 -0.46 101.72 1.468214 1
3 14 car 0 0 1.297934 892.269953 470.859745 984.511373 519.032207 1.61 2.14 4.85 4.31 0.89 45.58 1.394069 1
3 15 car 0 0 1.201177 1109.018121 468.122436 1216.424321 521.239375 1.79 2.20 4.74 12.35 0.96 45.48 1.468214 1
3 20 car 0 0 1.399409 811.113364 465.345284 863.072335 495.545041 1.66 2.23 4.90 1.14 0.17 72.36 1.415852 1
3 7 car 0 0 -1.752152 765.911112 476.408900 845.101348 523.679698 1.57 2.13 4.58 -0.45 1.05 45.63 -1.760649 1
3 8 car 0 0 -1.624943 573.110084 472.925203 747.382933 609.064606 1.65 2.15 4.58 -2.30 1.40 18.04 -1.747523 1
3 19 car 0 0 1.339174 851.537615 470.870755 920.176289 509.440255 1.59 2.00 4.96 3.00 0.70 55.67 1.394069 1
3 12 car 0 0 0.953008 1262.282633 463.414918 1565.945861 580.637205 1.64 2.13 4.59 9.26 1.20 20.15 1.394069 1
4 17 car 0 0 1.487983 940.686770 469.957862 973.826035 492.218851 1.58 2.12 4.42 10.47 -0.00 94.30 1.598856 1
4 14 car 0 0 1.253294 1105.779193 473.116569 1231.577577 534.259285 1.61 2.14 4.85 10.15 1.10 36.90 1.524702 1
4 15 car 0 0 1.090389 1444.202991 471.182842 1600.000000 550.247343 1.79 2.20 4.74 17.98 1.30 31.78 1.598856 1
4 20 car 0 0 1.393870 980.764693 469.120806 1041.353929 503.870373 1.66 2.23 4.90 9.83 0.54 64.30 1.546487 1
4 21 car 0 0 1.304410 1064.294419 477.721103 1135.406849 520.914732 2.00 2.06 5.80 14.20 1.34 63.77 1.524702 1
4 7 car 0 0 -1.707469 901.007811 480.629791 972.633779 526.165663 1.57 2.13 4.58 4.51 1.20 48.10 -1.612562 1
4 8 car 0 0 -1.596423 708.615369 478.821979 872.068874 607.782826 1.65 2.15 4.58 -0.42 1.49 19.16 -1.616891 1
4 22 car 0 0 1.435134 959.113747 473.509951 1001.489918 500.747382 1.61 2.04 4.86 10.31 0.51 79.92 1.563944 1
4 19 car 0 0 1.329381 1025.827898 475.353692 1107.811148 520.455921 1.59 2.00 4.96 9.58 1.00 48.84 1.524702 1
5 17 car 0 0 1.482080 999.088628 476.591944 1035.962772 500.804044 1.58 2.12 4.42 13.73 0.58 86.60 1.639682 1
5 14 car 0 0 1.169994 1250.879270 478.962590 1439.225757 560.577761 1.61 2.14 4.85 11.56 1.36 28.13 1.565533 1
5 20 car 0 0 1.377720 1049.295743 474.973545 1122.025451 515.169019 1.66 2.23 4.90 11.76 0.95 55.64 1.587317 1
5 21 car 0 0 1.253647 1175.303055 474.133364 1273.838765 527.645316 2.00 2.06 5.80 16.27 1.32 50.81 1.565533 1
5 7 car 0 0 -1.731365 939.557756 481.945167 1010.531373 524.366796 1.57 2.13 4.58 6.30 1.21 50.75 -1.606640 1
5 8 car 0 0 -1.579626 743.324055 488.092922 898.243821 611.082217 1.65 2.15 4.58 0.07 1.63 20.05 -1.576059 1
5 22 car 0 0 1.424159 1023.169826 479.222486 1071.865385 509.486807 1.61 2.04 4.86 13.06 0.94 71.80 1.604772 1
5 19 car 0 0 1.282367 1132.884460 477.097811 1236.666648 529.043217 1.59 2.00 4.96 12.16 1.13 42.15 1.565533 1
5 23 car 0 0 1.299207 1161.977538 474.672188 1221.175701 510.377384 1.92 2.00 4.73 21.07 0.98 71.28 1.587317 1
6 17 car 0 0 1.469766 1027.097512 476.767475 1068.807510 503.619585 1.58 2.12 4.42 14.38 0.69 78.81 1.650711 1
6 14 car 0 0 1.065702 1452.145594 477.168930 1600.000000 602.233957 1.61 2.14 4.85 11.95 1.42 19.25 1.576558 1
6 20 car 0 0 1.348516 1093.896483 474.440970 1184.908808 522.843604 1.66 2.23 4.90 11.87 1.05 46.87 1.598343 1
6 21 car 0 0 1.163363 1294.810927 474.764367 1448.204994 548.576452 2.00 2.06 5.80 16.43 1.52 37.89 1.576558 1
6 24 car 0 0 1.498842 979.350250 478.562893 1005.874520 497.241036 1.65 2.08 5.22 16.40 0.47 118.00 1.637200 1
6 25 car 0 0 1.462096 1042.877776 479.397428 1073.134618 500.773515 1.72 2.00 4.86 20.45 0.72 107.29 1.650711 1
6 7 car 0 0 -1.619148 951.514483 476.829613 1007.689955 516.892567 1.57 2.13 4.58 6.82 0.97 53.30 -1.490882 1
6 8 car 0 0 -1.570354 747.306024 483.446632 898.700424 602.970240 1.65 2.15 4.58 0.12 1.55 20.52 -1.565035 1
6 22 car 0 0 1.404553 1059.167374 477.934867 1116.522322 512.378599 1.61 2.04 4.86 13.58 0.96 63.59 1.615799 1
6 19 car 0 0 1.218803 1218.126361 474.652041 1361.287497 540.322511 1.59 2.00 4.96 12.53 1.16 33.89 1.576558 1
6 23 car 0 0 1.255530 1231.126819 472.121368 1305.386973 514.077120 1.92 2.00 4.73 21.78 1.00 61.22 1.598343 1
7 17 car 0 0 1.451692 1054.792141 473.924807 1103.063880 504.259199 1.58 2.12 4.42 14.62 0.63 70.69 1.656197 1
7 20 car 0 0 1.294059 1159.588340 470.446934 1283.628317 532.202849 1.66 2.23 4.90 11.90 1.06 37.57 1.603825 1
7 24 car 0 0 1.491243 994.990754 473.531249 1024.082080 493.703367 1.65 2.08 5.22 16.74 0.12 109.90 1.642685 1
7 25 car 0 0 1.440139 1076.177212 476.601127 1112.273711 501.172537 1.72 2.00 4.86 20.69 0.64 94.45 1.656197 1
7 7 car 0 0 -1.614927 954.418089 474.861291 1008.046233 513.654191 1.57 2.13 4.58 7.19 0.87 55.60 -1.485395 1
7 8 car 0 0 -1.579620 767.457196 475.858548 915.904755 592.500444 1.65 2.15 4.58 0.41 1.43 20.99 -1.559555 1
7 26 car 0 0 1.339933 1128.295972 477.129321 1188.593278 508.708529 1.61 2.18 4.74 18.91 0.86 70.19 1.603825 1
7 22 car 0 0 1.375571 1098.821323 475.369785 1168.893344 515.835963 1.61 2.04 4.86 13.74 0.95 55.05 1.621282 1
7 27 car 0 0 1.370612 1070.330459 477.807809 1117.316261 504.648707 1.69 2.20 4.71 18.75 0.80 85.77 1.586367 1
7 19 car 0 0 1.102588 1357.963842 472.020536 1591.420136 565.971713 1.59 2.00 4.96 12.60 1.24 24.69 1.582038 1
7 23 car 0 0 1.192202 1319.761096 469.962457 1418.512344 521.275841 1.92 2.00 4.73 22.10 1.08 50.85 1.603825 1
8 17 car 0 0 1.429118 1083.129293 481.051279 1139.924593 515.608466 1.58 2.12 4.42 14.51 1.10 62.46 1.658172 1
8 20 car 0 0 1.205365 1258.183922 470.974883 1446.517178 555.181886 1.66 2.23 4.90 11.72 1.23 28.13 1.605801 1
8 24 car 0 0 1.482855 1006.996887 478.157657 1038.977051 499.924425 1.65 2.08 5.22 16.57 0.60 101.70 1.644660 1
8 25 car 0 0 1.416692 1106.355189 480.436303 1149.979698 508.830898 1.72 2.00 4.86 20.08 1.03 81.69 1.658172 1
8 7 car 0 0 -1.611111 953.283318 480.864879 1004.439089 518.133585 1.57 2.13 4.58 7.37 1.11 57.76 -1.483421 1
8 8 car 0 0 -1.569497 759.072978 475.897971 903.651528 588.204976 1.65 2.15 4.58 0.27 1.41 21.46 -1.557578 1
8 26 car 0 0 1.287251 1194.065107 481.723004 1273.748920 520.425720 1.61 2.18 4.74 18.89 1.20 57.50 1.605801 1
8 22 car 0 0 1.334865 1147.285314 480.109527 1236.647421 528.577622 1.61 2.04 4.86 13.63 1.23 46.23 1.623258 1
8 27 car 0 0 1.344029 1104.006460 480.725103 1159.949621 511.318023 1.69 2.20 4.71 18.65 1.08 75.01 1.588344 1
8 28 car 0 0 1.275087 1208.745468 482.560833 1270.939121 517.056166 1.79 2.01 4.63 23.55 1.33 70.60 1.597858 1
8 23 car 0 0 1.101521 1444.499538 471.725348 1585.836376 537.030217 1.92 2.00 4.73 22.16 1.31 40.39 1.605801 1
9 17 car 0 0 1.406357 1111.148050 471.364640 1178.444834 510.476899 1.58 2.12 4.42 14.16 0.73 54.82 1.660178 1
9 20 car 0 0 1.102799 1432.746650 455.553103 1600.000000 580.249504 1.66 2.23 4.90 11.84 1.14 19.71 1.607808 1
9 24 car 0 0 1.474142 1019.336513 470.985476 1054.560491 494.417807 1.65 2.08 5.22 16.36 0.15 94.07 1.646667 1
9 25 car 0 0 1.411228 1113.182908 471.599086 1163.258670 503.683230 1.72 2.00 4.86 18.23 0.61 71.92 1.660178 1
9 7 car 0 0 -1.600635 943.735875 468.567582 992.203158 504.115574 1.57 2.13 4.58 7.09 0.51 59.61 -1.481414 1
9 8 car 0 0 -1.574851 769.596234 472.379854 911.778060 583.179138 1.65 2.15 4.58 0.42 1.35 21.74 -1.555571 1
9 26 car 0 0 1.222015 1277.010473 472.345182 1384.224221 519.572965 1.61 2.18 4.74 18.99 0.93 47.02 1.607808 1
9 22 car 0 0 1.281773 1210.012020 472.346049 1328.442574 531.488647 1.61 2.04 4.86 13.49 1.06 38.05 1.625265 1
9 27 car 0 0 1.308368 1149.120794 471.267541 1217.183117 506.291938 1.69 2.20 4.71 18.79 0.67 65.08 1.590351 1
9 28 car 0 0 1.207469 1300.381319 474.514305 1380.386999 514.563287 1.79 2.01 4.63 25.04 1.00 60.68 1.599865 1
10 17 car 0 0 1.361144 1160.019468 470.899479 1247.648983 518.496830 1.58 2.12 4.42 13.79 0.87 45.34 1.658128 1
10 29 car 0 0 1.240262 1265.314735 474.852346 1336.515668 512.354542 1.76 1.91 4.61 24.14 0.95 63.26 1.605760 1
10 24 car 0 0 1.458725 1034.234596 473.812191 1074.632962 499.878772 1.65 2.08 5.22 15.89 0.49 84.71 1.644617 1
10 25 car 0 0 1.400962 1118.671979 469.624714 1179.971087 508.319631 1.72 2.00 4.86 15.68 0.71 59.87 1.658128 1
10 7 car 0 0 -1.597619 939.035752 469.789499 983.893478 502.790453 1.57 2.13 4.58 7.30 0.50 64.00 -1.483465 1
10 8 car 0 0 -1.571636 764.373618 474.831190 903.668665 583.179000 1.65 2.15 4.58 0.32 1.38 22.13 -1.557618 1
10 26 car 0 0 1.096005 1448.482016 474.077910 1600.000000 542.157719 1.61 2.18 4.74 18.81 1.18 33.23 1.605760 1
10 22 car 0 0 1.175843 1327.873524 471.017048 1519.961641 554.377404 1.61 2.04 4.86 13.02 1.19 27.54 1.623216 1
10 27 car 0 0 1.246801 1220.599687 470.570648 1312.175807 513.851056 1.69 2.20 4.71 18.69 0.84 52.83 1.588304 1
10 28 car 0 0 1.142050 1382.282581 475.748756 1491.814909 526.061981 1.79 2.01 4.63 23.71 1.21 48.57 1.597817 1
11 17 car 0 0 1.294534 1236.908538 473.295725 1359.306901 534.944485 1.58 2.12 4.42 13.71 1.10 36.34 1.658096 1
11 30 car 0 0 1.300668 1091.395995 475.851846 1148.116210 505.268685 1.61 2.05 4.88 18.21 0.72 76.21 1.535876 1
11 29 car 0 0 1.177908 1345.878814 479.178824 1441.547866 526.532118 1.76 1.91 4.61 23.67 1.31 52.11 1.605715 1
11 24 car 0 0 1.443052 1051.500827 473.909675 1098.499505 503.780065 1.65 2.08 5.22 15.49 0.63 76.07 1.644582 1
11 25 car 0 0 1.376865 1143.602392 471.383531 1220.637070 518.687092 1.72 2.00 4.86 14.47 0.96 50.35 1.658096 1
11 7 car 0 0 -1.591674 932.292127 469.468414 975.313051 501.718019 1.57 2.13 4.58 7.22 0.45 66.88 -1.483496 1
11 8 car 0 0 -1.569379 761.371914 469.663329 900.825730 578.561118 1.65 2.15 4.58 0.27 1.30 22.36 -1.557668 1
11 22 car 0 0 1.083479 1549.743954 472.550199 1600.000000 611.854383 1.61 2.04 4.86 12.69 1.39 17.85 1.623175 1
11 27 car 0 0 1.152217 1337.691387 474.668414 1475.012651 533.983028 1.69 2.20 4.71 18.70 1.20 40.42 1.588254 1
11 28 car 0 0 1.070951 1505.762756 481.308064 1600.000000 549.939505 1.79 2.01 4.63 22.61 1.54 37.41 1.597770 1
12 17 car 0 0 1.190599 1351.330200 483.223229 1543.077244 570.677213 1.58 2.12 4.42 13.30 1.47 27.04 1.652811 1
12 31 car 0 0 1.469757 1013.152416 478.854221 1052.953094 504.582544 1.54 2.07 4.79 14.28 0.76 83.66 1.639294 1
12 30 car 0 0 1.255083 1137.607684 482.598547 1210.918985 519.280542 1.61 2.05 4.88 17.82 1.24 63.28 1.530579 1
12 29 car 0 0 1.085911 1464.333965 491.560945 1600.000000 555.064423 1.76 1.91 4.61 22.94 1.85 40.68 1.600421 1
12 24 car 0 0 1.422864 1067.114171 479.916149 1122.324108 514.375466 1.65 2.08 5.22 14.84 1.09 67.75 1.639294 1
12 25 car 0 0 1.319136 1203.029976 480.646380 1307.475197 540.599127 1.72 2.00 4.86 14.18 1.42 41.22 1.652811 1
12 7 car 0 0 -1.592030 926.580975 474.770931 968.397754 506.418268 1.57 2.13 4.58 7.15 0.71 69.38 -1.488782 1
12 8 car 0 0 -1.579533 766.699449 473.963247 907.805158 585.310056 1.65 2.15 4.58 0.36 1.40 22.35 -1.562963 1
12 27 car 0 0 1.043200 1549.961837 489.232522 1600.000000 581.896988 1.69 2.20 4.71 18.56 1.72 27.76 1.582960 1
13 31 car 0 0 1.450861 1035.060789 483.942264 1081.526332 512.939925 1.54 2.07 4.79 14.11 1.15 74.06 1.639696 1
13 30 car 0 0 1.187206 1219.059161 489.272992 1320.302362 535.834541 1.61 2.05 4.88 17.89 1.60 50.23 1.531015 1
13 24 car 0 0 1.393298 1101.400181 486.743247 1168.163051 526.456554 1.65 2.08 5.22 14.78 1.49 59.03 1.639696 1
13 25 car 0 0 1.229348 1307.449349 487.421810 1467.925413 569.058413 1.72 2.00 4.86 13.77 1.67 30.88 1.653208 1
13 7 car 0 0 -1.590719 925.964434 480.767861 966.675458 511.560991 1.57 2.13 4.58 7.27 1.02 71.09 -1.488384 1
13 32 bus 0 0 1.286144 972.958163 455.591313 1041.206591 505.847272 4.46 2.92 12.70 18.24 1.14 122.17 1.435693 1
13 8 car 0 0 -1.577968 765.031667 480.596931 906.576659 592.151857 1.65 2.15 4.58 0.34 1.51 22.26 -1.562542 1
14 31 car 0 0 1.423383 1069.011792 469.467701 1125.429868 502.965162 1.54 2.07 4.79 14.23 0.47 64.39 1.641697 1
14 30 car 0 0 1.080311 1353.095801 477.107536 1511.245538 541.388835 1.61 2.05 4.88 17.92 1.27 37.15 1.532968 1
14 24 car 0 0 1.353651 1149.068217 474.506039 1233.909449 521.858470 1.65 2.08 5.22 14.74 1.04 50.05 1.641697 1
14 25 car 0 0 1.132560 1491.684791 474.963601 1600.000000 602.270886 1.72 2.00 4.86 13.22 1.51 20.72 1.655216 1
14 7 car 0 0 -1.582736 918.821756 463.155737 958.532122 493.208897 1.57 2.13 4.58 7.03 0.00 72.92 -1.486377 1
14 32 bus 0 0 1.263320 1000.818482 438.683664 1077.673399 493.029874 4.46 2.92 12.70 19.81 -0.11 113.60 1.437605 1
14 8 car 0 0 -1.574975 764.212406 462.888290 904.814917 573.390988 1.65 2.15 4.58 0.33 1.20 22.42 -1.560568 1
15 31 car 0 0 1.385306 1113.275030 483.752547 1184.460039 524.046742 1.54 2.07 4.79 14.27 1.26 54.61 1.642137 1
15 24 car 0 0 1.292738 1220.181386 485.536243 1335.185188 544.566609 1.65 2.08 5.22 14.79 1.52 40.94 1.642137 1
15 7 car 0 0 -1.579412 915.577660 472.696364 954.396895 502.137555 1.57 2.13 4.58 6.99 0.53 74.61 -1.485940 1
15 32 bus 0 0 1.233829 1034.595896 453.092469 1122.652663 512.444172 4.46 2.92 12.70 21.46 1.43 104.63 1.438104 1
15 8 car 0 0 -1.573380 762.729318 465.322711 903.413897 576.058307 1.65 2.15 4.58 0.30 1.26 22.44 -1.560112 1
16 31 car 0 0 1.327671 1175.687293 491.344324 1270.576889 540.548499 1.54 2.07 4.79 14.29 1.58 44.76 1.638528 1
16 34 barrier 0 0 -2.960046 737.531303 488.248642 765.097542 509.926529 0.90 2.18 0.78 -2.84 0.77 55.50 -3.011289 0
16 35 car 0 0 1.624164 937.730917 479.469283 962.165709 497.370961 1.71 2.13 4.87 13.69 0.54 129.50 1.729333 1
16 24 car 0 0 1.195785 1329.624890 486.134132 1503.815227 563.166156 1.65 2.08 5.22 14.64 1.56 31.27 1.638528 1
16 7 car 0 0 -1.574971 906.065903 478.356355 943.340911 506.440898 1.57 2.13 4.58 6.58 0.82 76.86 -1.489555 1
16 32 bus 0 0 1.204322 1062.885838 453.063996 1163.294803 517.854102 4.46 2.92 12.70 22.18 1.72 95.69 1.434547 1
16 8 car 0 0 -1.570009 755.637562 480.538799 892.876722 587.872573 1.65 2.15 4.58 0.16 1.50 22.75 -1.563700 1
16 36 car 0 0 1.365833 1013.746798 484.438232 1062.485100 511.744752 1.57 2.04 4.84 13.89 1.17 79.56 1.539252 1
17 31 car 0 0 1.246726 1272.625309 490.345690 1412.783186 557.074102 1.54 2.07 4.79 14.25 1.58 34.61 1.640685 1
17 34 barrier 0 0 -2.952240 728.698932 478.169505 760.420658 502.866981 0.90 2.18 0.78 -2.77 0.40 49.17 -3.008802 0
17 35 car 0 0 1.614926 951.224828 470.709000 978.013303 490.798548 1.71 2.13 4.87 13.73 -0.14 117.03 1.731537 1
17 24 car 0 0 1.101604 1547.626723 485.297744 1600.000000 609.825953 1.65 2.08 5.22 14.51 1.62 20.91 1.640685 1
17 37 car 0 0 1.417091 921.702891 472.137643 946.857980 487.274534 1.53 2.02 4.70 12.99 -0.55 139.68 1.510009 1
17 7 car 0 0 -1.567090 899.227104 469.805791 935.598888 497.377010 1.57 2.13 4.58 6.35 0.28 79.24 -1.487391 1
17 32 bus 0 0 1.168371 1105.036411 441.227672 1223.715262 513.820256 4.46 2.92 12.70 23.51 1.21 86.56 1.436623 1
17 8 car 0 0 -1.568469 756.765192 472.414681 893.242023 579.829967 1.65 2.15 4.58 0.18 1.36 23.02 -1.561571 1
17 36 car 0 0 1.348751 1034.367636 476.823648 1092.149475 508.849738 1.57 2.04 4.84 13.47 0.83 69.37 1.541365 1
18 31 car 0 0 0.989963 1438.166893 485.436693 1600.000000 583.291933 1.54 2.07 4.79 14.27 1.50 24.22 1.496610 1
18 34 barrier 0 0 -2.942417 707.988093 482.106985 745.052112 510.566184 0.90 2.18 0.78 -3.02 0.60 42.79 -3.013165 0
18 35 car 0 0 1.597982 966.187406 473.444884 995.251338 495.971354 1.71 2.13 4.87 13.60 0.29 104.52 1.727116 1
18 37 car 0 0 1.408293 926.026249 474.708291 953.793865 491.202831 1.53 2.02 4.70 12.49 -0.12 128.14 1.505617 1
18 7 car 0 0 -1.561727 887.278014 470.639342 922.651092 497.348244 1.57 2.13 4.58 5.75 0.29 81.60 -1.491803 1
18 32 bus 0 0 1.142181 1125.198097 439.306590 1263.327205 521.259120 4.46 2.92 12.70 22.75 1.48 77.35 1.432240 1
18 8 car 0 0 -1.566407 749.345336 474.473066 884.286846 580.485354 1.65 2.15 4.58 0.03 1.39 23.23 -1.565973 1
18 36 car 0 0 1.325633 1052.960934 479.711799 1122.962764 517.422055 1.57 2.04 4.84 12.64 1.08 59.22 1.536968 1
19 34 barrier 0 0 -2.926761 682.245473 484.028054 726.675023 517.714587 0.90 2.18 0.78 -3.19 0.70 36.31 -3.014818 0
19 35 car 0 0 1.577855 989.472996 471.745639 1020.959859 497.141085 1.71 2.13 4.87 13.73 0.34 91.86 1.725963 1
19 37 car 0 0 1.399778 933.918473 472.637467 964.779586 490.486438 1.53 2.02 4.70 12.21 -0.17 116.47 1.504479 1
19 38 car 0 0 1.276291 1224.929549 473.991672 1357.628725 540.402253 1.68 2.15 4.98 13.40 1.22 36.08 1.635135 1
19 7 car 0 0 -1.552438 874.362285 468.961789 909.038082 494.550603 1.57 2.13 4.58 5.03 0.13 83.93 -1.492944 1
19 32 bus 0 0 1.111025 1153.892206 427.970369 1318.197650 521.787811 4.46 2.92 12.70 22.13 1.31 67.98 1.431096 1
19 8 car 0 0 -1.561451 742.545686 473.311760 875.654508 577.300335 1.65 2.15 4.58 -0.10 1.36 23.36 -1.567110 1
19 39 car 0 0 1.630777 921.704781 471.963414 952.649794 494.872219 1.76 2.17 4.54 9.96 0.21 104.02 1.725963 1
19 36 car 0 0 1.294009 1085.680175 476.828319 1171.577206 520.584030 1.57 2.04 4.84 12.36 1.03 50.44 1.535832 1
19 40 motorcycle 0 0 1.407676 1036.646578 470.348963 1067.497382 501.697487 1.78 1.41 2.11 13.93 0.55 74.90 1.591767 0
20 34 barrier 0 0 -2.908318 652.546684 485.769301 707.433737 526.377497 0.90 2.18 0.78 -3.26 0.78 30.48 -3.015514 0
20 35 car 0 0 1.553627 1017.157310 475.011277 1053.561505 504.407005 1.71 2.13 4.87 13.89 0.73 80.46 1.724933 1
20 37 car 0 0 1.388197 945.532644 474.477054 980.187796 494.406110 1.53 2.02 4.70 12.23 0.15 105.93 1.503438 1
20 41 barrier 0 0 -2.881504 571.931599 481.957408 628.695145 521.885113 0.90 2.18 0.78 -5.24 0.69 30.86 -3.050403 0
20 38 car 0 0 1.168515 1348.340373 480.054978 1556.738673 572.311865 1.68 2.15 4.98 13.37 1.49 27.02 1.634096 1
20 7 car 0 0 -1.546581 865.721689 470.167371 900.158204 495.357831 1.57 2.13 4.58 4.56 0.18 86.07 -1.493982 1
20 32 bus 0 0 1.066541 1199.190546 427.390869 1396.896762 534.525692 4.46 2.92 12.70 22.56 1.66 60.55 1.430059 1
20 8 car 0 0 -1.558808 737.812689 470.487058 871.056145 575.019124 1.65 2.15 4.58 -0.18 1.32 23.46 -1.568151 1
20 39 car 0 0 1.620626 931.885976 473.090551 965.801442 498.741525 1.76 2.17 4.54 9.87 0.46 94.00 1.724933 1
20 36 car 0 0 1.248635 1134.350638 481.160820 1243.419801 534.515099 1.57 2.04 4.84 12.40 1.28 42.51 1.534790 1
20 40 motorcycle 0 0 1.375858 1073.629813 476.578501 1111.661837 513.886963 1.78 1.41 2.11 13.85 1.06 63.53 1.590726 0
21 34 barrier 0 0 -2.875948 603.669771 499.571475 676.921349 552.168023 0.90 2.18 0.78 -3.30 1.08 23.93 -3.014016 0
21 35 car 0 0 1.525283 1051.735238 484.733528 1097.418445 519.718435 1.71 2.13 4.87 13.76 1.41 67.71 1.726492 1
21 37 car 0 0 1.373597 963.809304 485.603984 1003.662706 508.037546 1.53 2.02 4.70 12.41 1.14 94.15 1.505072 1
21 41 barrier 0 0 -2.833581 500.643783 495.116924 577.888802 546.544762 0.90 2.18 0.78 -5.29 0.99 24.32 -3.048918 0
21 7 car 0 0 -1.534480 852.495392 479.168015 886.693179 503.581220 1.57 2.13 4.58 3.75 0.77 88.29 -1.492396 1
21 32 bus 0 0 1.005942 1265.622829 426.741073 1515.588054 552.995928 4.46 2.92 12.70 23.08 2.11 52.22 1.431714 1
21 8 car 0 0 -1.550961 730.770795 479.951703 862.303556 582.959573 1.65 2.15 4.58 -0.31 1.49 23.67 -1.566539 1
21 39 car 0 0 1.609949 945.707981 481.167480 983.353370 510.238045 1.76 2.17 4.54 9.73 1.15 82.83 1.726492 1
21 42 car 0 0 1.145323 1270.336196 494.447378 1406.564750 553.438041 1.60 2.06 4.88 16.15 1.75 39.48 1.536414 1
21 36 car 0 0 1.176639 1216.539998 491.267929 1368.711648 559.540723 1.57 2.04 4.84 12.50 1.62 33.62 1.536414 1
21 40 motorcycle 0 0 1.326371 1136.179337 485.564139 1186.334910 532.240600 1.78 1.41 2.11 13.83 1.57 50.83 1.592332 0
22 34 barrier 0 0 -2.818588 508.778918 503.294887 620.116334 578.936796 0.90 2.18 0.78 -3.36 1.09 17.15 -3.014871 0
22 35 car 0 0 1.480955 1101.424307 485.185650 1163.443718 528.916298 1.71 2.13 4.87 13.62 1.50 54.81 1.725609 1
22 37 car 0 0 1.353061 985.538402 487.072776 1032.693331 513.103194 1.53 2.02 4.70 12.47 1.30 82.17 1.504180 1
22 41 barrier 0 0 -2.750202 364.745303 496.826519 485.485363 569.987471 0.90 2.18 0.78 -5.37 1.00 17.54 -3.049771 0
22 7 car 0 0 -1.526274 841.050891 477.426468 875.073921 501.347704 1.57 2.13 4.58 3.01 0.63 90.26 -1.493283 1
22 32 bus 0 0 0.954910 1338.012830 414.164087 1600.000000 568.111467 4.46 2.92 12.70 23.03 2.15 44.00 1.430819 1
22 8 car 0 0 -1.544268 721.030196 479.119003 852.830441 582.438709 1.65 2.15 4.58 -0.47 1.47 23.65 -1.567429 1
22 39 car 0 0 1.587631 970.953496 478.823720 1013.291144 512.972452 1.76 2.17 4.54 9.89 1.12 71.01 1.725609 1
22 42 car 0 0 1.007294 1510.545045 500.243928 1600.000000 596.664963 1.60 2.06 4.88 16.43 1.85 25.50 1.535523 1
22 36 car 0 0 1.047287 1377.783657 494.088955 1600.000000 595.798108 1.57 2.04 4.84 12.65 1.68 23.60 1.535523 1
22 44 car 0 0 1.506707 905.643591 476.153654 942.027313 505.505607 1.92 2.20 4.81 7.55 0.90 89.27 1.591442 1
22 40 motorcycle 0 0 1.218594 1273.331637 488.440301 1349.904270 552.346903 1.78 1.41 2.11 14.68 1.72 37.60 1.591442 0
23 34 barrier 0 0 -2.629790 262.764074 516.051849 497.051587 651.731887 0.90 2.18 0.78 -3.44 1.14 10.24 -2.961612 0
23 45 car 0 0 1.494941 923.009110 477.325745 956.806420 501.914493 1.76 2.20 4.85 9.55 0.72 98.17 1.592262 1
23 35 car 0 0 1.408010 1186.764070 481.651298 1280.676350 539.972635 1.71 2.13 4.87 13.66 1.45 41.73 1.726427 1
23 37 car 0 0 1.326217 1016.306406 488.180174 1073.948861 518.949130 1.53 2.02 4.70 12.60 1.40 70.03 1.505003 1
23 41 barrier 0 0 -2.568082 29.555378 505.044704 281.853592 633.269648 0.90 2.18 0.78 -5.44 1.04 10.63 -3.048859 0
23 7 car 0 0 -1.518016 831.783545 474.454697 865.483544 497.792379 1.57 2.13 4.58 2.39 0.39 92.46 -1.492464 1
23 32 bus 0 0 0.921994 1448.140617 395.386730 1600.000000 593.193249 4.46 2.92 12.70 23.22 2.23 35.64 1.431646 1
23 8 car 0 0 -1.536215 711.389564 478.581814 844.137757 582.675448 1.65 2.15 4.58 -0.62 1.46 23.50 -1.566609 1
23 39 car 0 0 1.558347 1005.727191 477.274674 1056.580700 518.674870 1.76 2.17 4.54 9.99 1.17 59.00 1.726427 1
23 44 car 0 0 1.490643 923.314950 474.970496 967.493862 509.703454 1.92 2.20 4.81 7.69 0.99 75.84 1.592262 1
23 40 motorcycle 0 0 1.059670 1525.397749 500.094257 1600.000000 601.538197 1.78 1.41 2.11 14.94 1.98 24.33 1.592262 0
24 46 car 0 0 1.481768 909.636131 471.477367 937.697548 494.055309 1.83 1.97 4.67 9.27 0.14 109.67 1.566371 1
24 45 car 0 0 1.481654 948.519391 471.799807 988.467695 500.287005 1.76 2.20 4.85 10.20 0.50 85.19 1.601283 1
24 35 car 0 0 1.279989 1351.767483 478.349692 1521.432302 564.983350 1.71 2.13 4.87 14.02 1.47 28.98 1.735470 1
24 37 car 0 0 1.283911 1075.636751 483.966991 1150.204364 521.800244 1.53 2.02 4.70 13.44 1.25 57.67 1.514009 1
24 7 car 0 0 -1.511854 835.561377 465.595752 868.975631 488.437537 1.57 2.13 4.58 2.72 -0.29 94.53 -1.483434 1
24 8 car 0 0 -1.531433 715.921619 471.580210 850.342450 577.125902 1.65 2.15 4.58 -0.50 1.34 23.24 -1.557591 1
24 39 car 0 0 1.340006 1056.230536 472.005448 1145.048049 524.748382 1.76 2.17 4.54 10.43 1.09 46.80 1.560890 1
24 44 car 0 0 1.460327 967.512867 468.571487 1024.422322 511.236303 1.92 2.20 4.81 8.78 0.86 62.27 1.601283 1
25 46 car 0 0 1.472910 930.122086 476.470254 962.385571 501.896377 1.83 1.97 4.67 9.87 0.72 96.45 1.575193 1
25 45 car 0 0 1.465122 976.957941 476.426811 1025.372688 509.761293 1.76 2.20 4.85 10.48 0.95 72.12 1.610099 1
25 37 car 0 0 1.216490 1164.009788 488.520043 1269.670585 537.001006 1.53 2.02 4.70 14.02 1.47 44.63 1.522837 1
25 7 car 0 0 -1.503101 835.914232 474.241638 868.751736 496.202450 1.57 2.13 4.58 2.78 0.31 96.73 -1.474630 1
25 8 car 0 0 -1.519271 711.393150 476.400409 846.397545 580.903043 1.65 2.15 4.58 -0.56 1.42 23.14 -1.548772 1
25 39 car 0 0 1.263635 1149.561928 474.391500 1283.370519 546.204745 1.76 2.17 4.54 10.78 1.34 34.51 1.569713 1
25 44 car 0 0 1.414552 1027.831312 471.283036 1106.401903 525.835386 1.92 2.20 4.81 9.55 1.20 48.60 1.610099 1
26 46 car 0 0 1.454351 964.698344 478.709312 1003.921430 508.642830 1.83 1.97 4.67 10.84 1.04 81.99 1.586272 1
26 45 car 0 0 1.431088 1027.825037 476.201280 1092.056597 518.060696 1.76 2.20 4.85 11.04 1.12 57.71 1.621177 1
26 37 car 0 0 1.080035 1340.545323 492.600525 1527.634183 565.978463 1.53 2.02 4.70 14.58 1.60 30.24 1.533916 1
26 7 car 0 0 -1.488165 830.967073 479.259421 863.918617 500.654656 1.57 2.13 4.58 2.46 0.66 98.82 -1.463553 1
26 8 car 0 0 -1.510431 712.837477 476.287951 850.628206 581.047248 1.65 2.15 4.58 -0.51 1.42 23.01 -1.537694 1
26 39 car 0 0 1.058768 1374.162279 473.851158 1600.000000 597.573341 1.76 2.17 4.54 11.34 1.52 20.88 1.545888 1
26 44 car 0 0 1.338896 1124.571024 472.949521 1242.548901 546.414046 1.92 2.20 4.81 10.50 1.44 36.59 1.621177 1
27 47 car 0 0 1.433458 1046.615132 492.211901 1093.444808 522.472311 1.60 2.00 4.72 14.67 1.69 73.42 1.631218 1
27 48 barrier 0 0 2.259319 433.785186 478.580978 497.724939 515.750379 1.07 2.12 0.42 -10.99 0.71 39.69 1.989304 0
27 46 car 0 0 1.429906 1004.226569 483.019097 1053.722904 519.445415 1.83 1.97 4.67 11.49 1.41 68.66 1.596313 1
27 45 car 0 0 1.375128 1100.972210 486.487756 1194.756639 543.236628 1.76 2.20 4.85 11.39 1.64 43.86 1.631218 1
27 7 car 0 0 -1.481480 835.221029 483.562500 868.177462 504.899858 1.57 2.13 4.58 2.84 1.00 100.69 -1.453509 1
27 49 car 0 0 1.237662 1195.859735 494.612137 1286.574653 541.301491 1.72 2.00 4.95 17.44 1.90 52.25 1.561409 1
27 8 car 0 0 -1.505329 717.009874 473.817284 858.972856 581.776545 1.65 2.15 4.58 -0.38 1.40 22.72 -1.527653 1
27 44 car 0 0 1.210795 1278.937410 476.468198 1485.975433 586.938952 1.92 2.20 4.81 11.19 1.68 25.49 1.631218 1
28 47 car 0 0 1.386849 1104.252802 487.653971 1162.290413 522.296911 1.60 2.00 4.72 16.03 1.45 64.27 1.632126 1
28 48 barrier 0 0 2.311812 368.099058 474.077283 443.255116 518.494799 1.07 2.12 0.42 -10.73 0.65 33.08 1.998291 0
28 50 car 0 0 1.493265 987.379230 485.853418 1019.958307 507.798941 1.59 2.14 4.67 14.63 1.19 99.06 1.640177 1
28 46 car 0 0 1.394907 1054.740841 477.536200 1118.597784 521.896419 1.83 1.97 4.67 12.02 1.25 56.56 1.605266 1
28 45 car 0 0 1.277171 1219.922019 479.568117 1374.678621 561.405602 1.76 2.20 4.85 11.63 1.52 31.02 1.640177 1
28 51 car 0 0 1.470212 1012.334268 484.637765 1054.884789 511.877876 1.51 2.06 4.57 13.06 1.14 76.32 1.640177 1
28 52 barrier 0 0 -2.955335 374.149629 476.901551 415.227388 524.387027 1.02 2.11 0.45 -9.54 0.70 28.70 3.006498 0
28 7 car 0 0 -1.476481 840.389253 480.463982 873.066808 501.357709 1.57 2.13 4.58 3.29 0.73 102.23 -1.444543 1
28 49 car 0 0 1.146491 1320.445870 490.778711 1454.946523 552.190284 1.72 2.00 4.95 18.02 1.75 40.22 1.570357 1
28 8 car 0 0 -1.499948 720.238215 469.766292 864.801720 578.474964 1.65 2.15 4.58 -0.29 1.33 22.47 -1.518697 1
28 53 barrier 0 0 -2.966626 391.935490 474.641798 429.092465 518.603357 1.02 2.11 0.45 -9.86 0.62 30.81 3.006498 0
28 54 barrier 0 0 -2.618973 321.661106 469.587696 404.701299 526.257586 1.02 2.11 0.45 -8.61 0.62 24.14 -2.962553 0
28 44 car 0 0 1.008465 1566.109055 460.150192 1600.000000 655.474326 1.92 2.20 4.81 11.67 1.62 15.35 1.552903 1
29 47 car 0 0 1.321682 1184.598712 490.773687 1261.355720 531.990355 1.60 2.00 4.72 17.29 1.61 54.08 1.632428 1
29 48 barrier 0 0 2.398314 247.682047 479.766462 341.262457 536.693177 1.07 2.12 0.42 -10.60 0.86 25.69 2.007485 0
29 50 car 0 0 1.476748 1017.763050 487.657866 1056.548229 512.857689 1.59 2.14 4.67 14.91 1.36 85.70 1.649431 1
29 46 car 0 0 1.334681 1133.896775 484.611793 1226.529874 543.223771 1.83 1.97 4.67 12.30 1.62 43.10 1.614522 1
29 45 car 0 0 0.964274 1451.367984 481.218816 1600.000000 619.444275 1.76 2.20 4.85 12.09 1.64 19.13 1.474897 1
29 51 car 0 0 1.441279 1056.739625 487.960969 1110.757764 520.768062 1.51 2.06 4.57 13.33 1.37 63.35 1.649431 1
29 52 barrier 0 0 -2.849501 218.272218 483.165752 288.540396 547.969224 1.02 2.11 0.45 -9.44 0.89 21.31 3.015454 0
29 55 barrier 0 0 2.384754 268.617767 480.048591 360.281828 535.535700 1.07 2.12 0.42 -10.45 0.86 26.35 2.007485 0
29 56 barrier 0 0 -2.823280 171.837266 486.999714 254.486390 559.903717 1.02 2.11 0.45 -9.09 0.96 19.16 3.015454 0
29 7 car 0 0 -1.481461 858.889720 486.202614 890.661679 506.590673 1.57 2.13 4.58 4.82 1.17 103.84 -1.435294 1
29 49 car 0 0 1.034946 1566.906034 495.265816 1600.000000 589.930206 1.72 2.00 4.95 18.39 1.85 26.86 1.579614 1
29 8 car 0 0 -1.494553 723.884851 475.071286 870.934449 584.471938 1.65 2.15 4.58 -0.20 1.41 22.18 -1.509442 1
29 53 barrier 0 0 -2.872652 257.799744 480.075678 318.530892 538.472303 1.02 2.11 0.45 -9.74 0.81 23.42 3.015454 0
29 57 barrier 0 0 2.408929 230.915038 479.602401 326.439883 537.948680 1.07 2.12 0.42 -10.66 0.87 25.08 2.007485 0
29 54 barrier 0 0 -2.478655 93.195103 481.238245 237.005023 564.489346 1.02 2.11 0.45 -8.55 0.89 16.74 -2.953583 0
29 58 barrier 0 0 -2.463967 69.409497 488.041436 213.388485 569.731579 1.02 2.11 0.45 -9.03 0.98 17.05 -2.953583 0
30 47 car 0 0 1.234407 1296.222417 492.476885 1404.196221 543.049936 1.60 2.00 4.72 18.45 1.67 44.01 1.633408 1
30 48 barrier 0 0 2.535102 33.402003 489.605328 156.498357 568.879021 1.07 2.12 0.42 -10.51 1.07 18.43 2.017356 0
30 50 car 0 0 1.454453 1055.583073 484.958746 1103.357126 514.434536 1.59 2.14 4.67 15.02 1.24 72.48 1.659368 1
30 46 car 0 0 1.226434 1269.290996 485.102997 1428.232233 571.409285 1.83 1.97 4.67 12.37 1.70 29.77 1.624464 1
30 51 car 0 0 1.397921 1118.524699 485.734659 1191.725442 526.602237 1.51 2.06 4.57 13.44 1.31 50.49 1.659368 1
30 52 barrier 0 0 -2.696432 0.000000 486.333842 39.056240 586.779673 1.02 2.11 0.45 -9.39 0.97 14.03 3.025191 0
30 55 barrier 0 0 2.514146 69.743924 489.679058 189.633093 566.146283 1.07 2.12 0.42 -10.36 1.07 19.08 2.017356 0
30 7 car 0 0 -1.485993 877.753254 484.906815 908.531378 504.700313 1.57 2.13 4.58 6.43 1.05 105.56 -1.425364 1
30 8 car 0 0 -1.492338 733.501381 471.149321 880.887346 580.143080 1.65 2.15 4.58 -0.03 1.35 22.01 -1.499502 1
30 59 barrier 0 0 -1.736540 546.066812 485.997990 606.309582 512.067027 0.96 2.20 0.50 -9.19 0.77 48.49 -1.923890 0
30 53 barrier 0 0 -2.717807 0.000000 489.534448 113.631811 576.327522 1.02 2.11 0.45 -9.67 1.00 16.15 3.025191 0
30 57 barrier 0 0 2.552468 2.324805 489.639003 128.732614 571.738718 1.07 2.12 0.42 -10.57 1.07 17.81 2.017356 0
30 60 construction_vehicle 0 0 1.549957 971.684025 468.948428 1035.350544 524.516961 2.93 3.34 6.32 10.52 1.74 71.53 1.696751 1
31 47 car 0 0 1.114757 1458.451054 493.526395 1600.000000 561.408035 1.60 2.00 4.72 19.33 1.70 33.97 1.627505 1
31 50 car 0 0 1.419055 1099.468335 484.328413 1161.933975 520.898120 1.59 2.14 4.67 14.66 1.28 59.29 1.662421 1
31 46 car 0 0 1.079848 1577.298367 476.973423 1600.000000 645.675337 1.83 1.97 4.67 12.19 1.67 16.46 1.627512 1
31 61 barrier 0 0 2.322328 540.450084 487.085619 594.510902 516.325488 0.96 2.04 0.50 -8.70 0.83 44.25 2.128350 0
31 51 car 0 0 1.319445 1212.353661 485.941022 1324.625854 542.286073 1.51 2.06 4.57 13.34 1.38 37.66 1.662421 1
31 7 car 0 0 -1.492671 890.490504 484.213108 920.563483 503.821420 1.57 2.13 4.58 7.58 0.98 107.24 -1.422305 1
31 8 car 0 0 -1.491253 735.342931 472.217082 884.022617 582.336784 1.65 2.15 4.58 0.01 1.36 21.94 -1.496452 1
31 59 barrier 0 0 -1.702575 499.638008 482.567445 571.037424 513.615440 0.96 2.20 0.50 -9.12 0.69 41.12 -1.920870 0
31 60 construction_vehicle 0 0 1.533501 992.758947 462.586455 1064.932263 524.997894 2.93 3.34 6.32 10.71 1.56 64.36 1.699808 1
32 62 barrier 0 0 -2.762358 489.035978 492.505774 537.436738 528.807181 0.96 2.20 0.50 -8.38 0.99 35.12 -2.997224 0
32 50 car 0 0 1.364597 1168.692572 484.041681 1256.906936 531.290822 1.59 2.14 4.67 14.33 1.34 46.05 1.668041 1
32 61 barrier 0 0 2.362228 490.155171 493.287498 553.856526 528.243936 0.96 2.04 0.50 -8.57 1.03 36.85 2.133922 0
32 51 car 0 0 1.174158 1396.177992 491.975310 1600.000000 580.904110 1.51 2.06 4.57 13.23 1.55 24.76 1.668041 1
32 7 car 0 0 -1.498583 905.614129 491.261521 934.812514 510.589164 1.57 2.13 4.58 8.96 1.58 108.87 -1.416688 1
32 8 car 0 0 -1.490868 741.910271 476.100301 890.718182 586.034395 1.65 2.15 4.58 0.13 1.42 21.82 -1.490830 1
32 64 car 0 0 1.185653 1319.501431 492.068719 1453.289653 552.313787 1.60 2.02 4.53 16.62 1.64 37.20 1.608665 1
32 59 barrier 0 0 -1.654178 434.300385 488.270073 521.533393 525.551965 0.96 2.20 0.50 -9.01 0.89 33.72 -1.915251 0
32 60 construction_vehicle 0 0 1.513819 1019.893967 461.342449 1103.976836 531.617468 2.93 3.34 6.32 10.97 1.66 57.14 1.705426 1
33 62 barrier 0 0 -2.701915 401.396042 501.219174 468.716977 547.788984 0.96 2.20 0.50 -8.34 1.18 27.80 -2.994303 0
33 50 car 0 0 1.257336 1297.134626 487.003144 1447.363678 556.425550 1.59 2.14 4.67 13.89 1.50 31.97 1.671021 1
33 61 barrier 0 0 2.417411 412.592733 502.217900 490.122045 545.991049 0.96 2.04 0.50 -8.52 1.22 29.53 2.136867 0
33 7 car 0 0 -1.509595 923.940997 500.447446 952.198446 519.620048 1.57 2.13 4.58 10.65 2.38 110.50 -1.413711 1
33 8 car 0 0 -1.493162 748.693750 482.072587 897.295742 591.793614 1.65 2.15 4.58 0.24 1.52 21.78 -1.487849 1
33 64 car 0 0 1.061112 1587.296691 498.856153 1600.000000 598.587415 1.60 2.02 4.53 16.56 1.76 23.39 1.611648 1
33 59 barrier 0 0 -1.584317 328.930045 497.679643 441.859783 544.888122 0.96 2.20 0.50 -8.97 1.10 26.40 -1.912261 0
33 60 construction_vehicle 0 0 1.486278 1052.043094 461.718379 1152.538469 542.400877 2.93 3.34 6.32 11.16 1.85 49.99 1.708404 1
34 65 car 0 0 1.315550 1165.433764 484.596806 1241.993353 527.711433 1.80 2.08 4.92 17.03 1.51 55.91 1.612447 1
34 62 barrier 0 0 -2.589345 218.769115 505.494534 330.174806 573.506940 0.96 2.20 0.50 -8.39 1.19 19.71 -2.993599 0
34 66 car 0 0 1.324035 1207.593623 489.412463 1274.420490 525.619136 1.68 2.03 4.83 20.89 1.60 62.49 1.647632 1
34 61 barrier 0 0 2.517024 260.691760 506.776806 362.093071 567.377313 0.96 2.04 0.50 -8.56 1.23 21.44 2.137670 0
34 7 car 0 0 -1.521178 940.376441 496.950538 967.468003 515.746159 1.57 2.13 4.58 12.23 2.08 112.33 -1.412907 1
34 8 car 0 0 -1.506005 768.462571 478.656375 912.091261 585.956300 1.65 2.15 4.58 0.54 1.44 21.90 -1.487049 1
34 59 barrier 0 0 -1.452119 103.260796 504.681343 276.346186 574.238122 0.96 2.20 0.50 -9.02 1.16 18.31 -1.911496 0
34 60 construction_vehicle 0 0 1.445973 1094.212756 444.901105 1220.891908 540.607280 2.93 3.34 6.32 11.19 1.48 42.15 1.709208 1
35 65 car 0 0 1.251606 1237.442366 479.548899 1350.820479 538.929371 1.80 2.08 4.92 15.80 1.43 42.16 1.612423 1
35 62 barrier 0 0 -2.435053 0.000000 497.142433 49.828120 610.495749 0.96 2.20 0.50 -8.51 1.03 12.31 -2.993562 0
35 66 car 0 0 1.259032 1286.093556 487.560566 1383.372243 536.519826 1.68 2.03 4.83 19.63 1.57 48.18 1.647612 1
35 61 barrier 0 0 2.680125 0.000000 498.038669 105.922021 594.211383 0.96 2.04 0.50 -8.68 1.05 14.04 2.137701 0
35 67 car 0 0 1.475184 1105.615987 495.352847 1130.685454 512.608287 1.61 2.05 4.44 30.54 2.05 128.23 1.709193 1
35 7 car 0 0 -1.528387 949.896746 491.544511 976.404018 510.430446 1.57 2.13 4.58 13.25 1.62 114.03 -1.412920 1
35 8 car 0 0 -1.514416 780.078645 470.534854 921.738655 579.036452 1.65 2.15 4.58 0.72 1.31 22.00 -1.487069 1
35 68 car 0 0 1.106724 1435.028438 479.797582 1600.000000 570.188153 1.58 1.95 4.68 14.43 1.38 25.34 1.612423 1
35 60 construction_vehicle 0 0 1.397343 1140.912765 430.910328 1308.127080 549.418068 2.93 3.34 6.32 11.08 1.38 35.06 1.709193 1
36 65 car 0 0 1.114783 1395.817424 488.764831 1599.826819 578.283980 1.80 2.08 4.92 15.09 1.76 28.42 1.608503 1
36 66 car 0 0 1.135765 1442.397940 499.453414 1600.000000 569.701894 1.68 2.03 4.83 18.89 1.93 34.05 1.643687 1
36 67 car 0 0 1.453374 1127.398582 507.790798 1156.966940 527.364172 1.61 2.05 4.44 28.94 3.10 112.56 1.705261 1
36 69 car 0 0 1.219148 1166.801665 502.011374 1232.975756 538.054384 1.69 1.80 4.43 19.39 2.26 64.19 1.513281 1
36 7 car 0 0 -1.537731 957.302585 507.877506 982.893309 526.526541 1.57 2.13 4.58 14.07 3.11 115.68 -1.416854 1
36 8 car 0 0 -1.524207 788.887428 484.861349 927.800007 592.342315 1.65 2.15 4.58 0.85 1.55 22.04 -1.490994 1
36 70 car 0 0 1.483178 1081.604025 510.998073 1109.498342 531.041792 1.76 2.20 4.84 26.63 3.68 120.87 1.700235 1
36 60 construction_vehicle 0 0 1.323188 1208.214600 429.745237 1442.059823 581.336019 2.93 3.34 6.32 10.91 1.72 27.93 1.705261 1
37 67 car 0 0 1.434252 1137.534424 499.450561 1172.407770 521.951600 1.61 2.05 4.44 26.40 2.28 98.81 1.695587 1
37 69 car 0 0 1.175008 1207.582277 490.518148 1288.492306 532.219839 1.69 1.80 4.43 18.92 1.68 55.71 1.503587 1
37 7 car 0 0 -1.544408 953.807059 498.874843 978.691530 517.360941 1.57 2.13 4.58 13.91 2.31 117.27 -1.426527 1
37 8 car 0 0 -1.535905 791.747506 478.960733 930.058290 586.754496 1.65 2.15 4.58 0.87 1.45 22.13 -1.500674 1
37 70 car 0 0 1.468505 1086.314197 498.669770 1118.078004 520.854882 1.76 2.20 4.84 24.62 2.43 109.19 1.690560 1
37 60 construction_vehicle 0 0 1.234492 1290.877939 398.873944 1600.000000 602.810602 2.93 3.34 6.32 10.60 1.55 21.55 1.695587 1
38 67 car 0 0 1.406788 1157.799800 497.591023 1201.028390 523.986465 1.61 2.05 4.44 23.89 2.05 83.44 1.686046 1
38 69 car 0 0 1.110558 1274.413649 491.304223 1380.054581 541.493367 1.69 1.80 4.43 18.57 1.71 46.25 1.494056 1
38 7 car 0 0 -1.550540 949.829602 504.347271 973.915108 522.600544 1.57 2.13 4.58 13.70 2.83 119.00 -1.436068 1
38 8 car 0 0 -1.544434 790.955562 480.532623 928.293711 587.067332 1.65 2.15 4.58 0.83 1.47 22.21 -1.510211 1
38 70 car 0 0 1.449096 1096.702872 500.049290 1134.019293 525.156227 1.76 2.20 4.84 22.67 2.45 96.13 1.681020 1
38 60 construction_vehicle 0 0 1.172941 1459.640642 351.823612 1600.000000 685.798649 2.93 3.34 6.32 10.33 1.66 14.45 1.686046 1
39 67 car 0 0 1.369854 1178.877585 504.201102 1235.040901 537.119062 1.61 2.05 4.44 20.99 2.34 68.20 1.669092 1
39 69 car 0 0 1.018308 1367.817386 499.558644 1515.802107 564.303700 1.69 1.80 4.43 18.08 1.97 36.85 1.477102 1
39 7 car 0 0 -1.562389 943.714911 509.968489 966.938449 528.159544 1.57 2.13 4.58 13.27 3.39 120.67 -1.453022 1
39 8 car 0 0 -1.548834 774.993809 486.358555 912.431967 593.968185 1.65 2.15 4.58 0.54 1.58 22.24 -1.527165 1
39 70 car 0 0 1.423448 1104.443708 504.180349 1149.576266 533.551744 1.76 2.20 4.84 20.35 2.65 83.13 1.664066 1
40 67 car 0 0 1.315955 1226.201082 493.400361 1305.301396 536.150172 1.61 2.05 4.44 18.66 1.74 52.78 1.657011 1
40 7 car 0 0 -1.565655 932.722140 503.148434 955.355896 521.147116 1.57 2.13 4.58 12.37 2.76 122.38 -1.465103 1
40 8 car 0 0 -1.563090 777.783789 486.534280 915.147331 596.098039 1.65 2.15 4.58 0.55 1.60 22.23 -1.539248 1
40 70 car 0 0 1.390809 1126.402159 492.063450 1183.107766 526.854936 1.76 2.20 4.84 18.66 1.84 70.03 1.651984 1
