189 12 Car 0 0 -1.709434 693.270081 181.734756 725.276733 201.044464 1.479167 1.355913 3.513019 7.428422 2.116909 53.921834 -1.572107  
190 12 Car 0 0 -1.706897 690.841064 182.261978 722.253418 201.776031 1.479167 1.355913 3.513019 7.236497 2.129581 54.522602 -1.573279  
191 12 Car 0 0 -1.705531 687.031799 182.531189 720.728333 201.770157 1.479167 1.355913 3.513019 7.044572 2.142254 55.123370 -1.575546  
192 12 Car 0 0 -1.706657 691.438416 182.264038 715.031311 200.164047 1.479167 1.355913 3.513019 6.852646 2.154927 55.724138 -1.577551  
193 12 Car 0 0 -1.697820 682.324524 181.731476 710.236023 201.589142 1.479167 1.355913 3.513019 6.596587 2.218150 56.259980 -1.578205  
194 12 Car 0 0 -1.696340 679.478271 183.412857 707.251343 202.193405 1.479167 1.355913 3.513019 6.340528 2.281373 56.795822 -1.580710  
195 12 Car 0 0 -1.692196 674.307068 183.217361 703.254822 201.932724 1.479167 1.355913 3.513019 6.084469 2.344596 57.331664 -1.582839  
196 12 Car 0 0 -1.694134 676.966492 184.489700 699.290649 202.324097 1.479167 1.355913 3.513019 5.828410 2.407819 57.867506 -1.585670  
197 12 Car 0 0 -1.686685 667.150574 183.197693 694.729431 204.079849 1.479167 1.355913 3.513019 5.572350 2.471042 58.403348 -1.588077  
198 12 Car 0 0 -1.685403 663.662354 186.345215 690.947510 205.051773 1.479167 1.355913 3.513019 5.352269 2.557153 58.837429 -1.591787  
199 12 Car 0 0 -1.682401 658.996704 185.828903 686.598328 205.896118 1.479167 1.355913 3.513019 5.132187 2.643265 59.271511 -1.594981  
200 12 Car 0 0 -1.681570 655.772156 185.047974 683.019470 206.146210 1.479167 1.355913 3.513019 4.803134 2.641210 59.630454 -1.598830  
201 12 Car 0 0 -1.679156 652.289734 184.765366 677.575256 205.613846 1.479167 1.355913 3.513019 4.474081 2.639155 59.989397 -1.602563  
202 12 Car 0 0 -1.677471 648.488220 183.910202 673.642273 204.206039 1.479167 1.355913 3.513019 4.144409 2.578512 60.348952 -1.606208  
203 12 Car 0 0 -1.676383 644.899414 183.651215 671.167053 202.150665 1.479167 1.355913 3.513019 3.889815 2.494837 60.739167 -1.609302  
204 12 Car 0 0 -1.673780 642.063904 183.525330 666.345764 201.498642 1.479167 1.355913 3.513019 3.635220 2.411161 61.129383 -1.611984  
205 12 Car 0 0 -1.671733 639.957520 181.925339 664.307678 200.011459 1.479167 1.355913 3.513019 3.464031 2.303113 61.451374 -1.612798  
206 12 Car 0 0 -1.669307 637.547546 180.033157 661.617676 199.137985 1.479167 1.355913 3.513019 3.292842 2.195064 61.773366 -1.613894  
207 12 Car 0 0 -1.667331 636.367737 180.465012 660.830200 198.156021 1.479167 1.355913 3.513019 3.271577 2.153473 62.075829 -1.613277  
208 12 Car 0 0 -1.666133 636.167542 179.294785 660.226196 198.139221 1.479167 1.355913 3.513019 3.250312 2.111882 62.378292 -1.612636  
209 12 Car 0 0 -1.664656 636.826843 178.594055 661.530396 196.801910 1.479167 1.355913 3.513019 3.305018 2.067039 62.201561 -1.609801  
210 12 Car 0 0 -1.663532 639.264526 178.280655 662.821838 196.885452 1.479167 1.355913 3.513019 3.359724 2.022196 62.024829 -1.606101  
211 12 Car 0 0 -1.662084 642.297852 178.460556 665.912842 196.757095 1.479167 1.355913 3.513019 3.774905 2.029905 62.428704 -1.600424  
212 12 Car 0 0 -1.659146 646.164246 178.316360 668.776733 196.122055 1.479167 1.355913 3.513019 4.262564 2.036808 62.832570 -1.592842  
213 12 Car 0 0 -1.657942 653.103516 178.479065 676.418762 196.475586 1.479167 1.355913 3.513019 4.750222 2.043711 63.236436 -1.581585  
214 12 Car 0 0 -1.656527 661.918396 179.814621 684.136108 196.591751 1.479167 1.355913 3.513019 5.616387 2.045659 63.761076 -1.568791  
215 12 Car 0 0 -1.654478 672.517578 178.684036 693.902832 195.786484 1.479167 1.355913 3.513019 6.482551 2.047607 64.285716 -1.552755  
216 12 Car 0 0 -1.654458 685.329590 177.639542 707.207520 195.604813 1.479167 1.355913 3.513019 7.711977 1.936693 64.399376 -1.534859  
217 12 Car 0 0 -1.653643 700.930908 177.426392 721.627991 193.546448 1.479167 1.355913 3.513019 9.021374 1.808054 64.514131 -1.513589  
218 12 Car 0 0 -1.652537 717.767212 176.523331 738.103760 193.307007 1.479167 1.355913 3.513019 10.710908 1.744865 64.623718 -1.489925  
219 12 Car 0 0 -1.650966 735.109375 173.763885 757.819580 192.033859 1.479167 1.355913 3.513019 12.472019 1.631921 64.731232 -1.463454  
220 12 Car 0 0 -1.652102 759.190735 172.238876 779.615479 189.678131 1.479167 1.355913 3.513019 14.233129 1.518977 64.838746 -1.434090  
