1 0 Car 0 0 -1.607003 600.257385 176.193390 677.598083 235.161575 1.609268 1.664986 3.204451 0.732622 1.675081 20.510245 -1.566323  
1 1 Car 0 0 -1.235094 336.683685 180.411575 386.163177 209.612854 1.502824 1.498215 3.098828 -13.606330 1.928482 39.388887 -1.566323  
1 2 Car 0 0 -1.329353 415.856659 179.243896 454.749390 206.145340 1.502447 1.674348 4.069765 -9.731982 1.928370 40.603879 -1.566323  
2 0 Car 0 0 -1.597912 596.446838 177.598190 674.719116 236.845474 1.609268 1.664986 3.204451 0.634679 1.722179 20.586932 -1.561860  
2 1 Car 0 0 -1.218224 325.746674 180.617004 376.991760 212.108917 1.502824 1.498215 3.098828 -13.394981 1.945416 37.193721 -1.561860  
2 2 Car 0 0 -1.317202 406.360962 180.904449 452.479584 210.366211 1.502447 1.674348 4.069765 -9.459463 1.936892 37.757782 -1.561860  
3 0 Car 0 0 -1.587600 592.229553 179.279984 670.378784 239.138840 1.609268 1.664986 3.204451 0.536736 1.769277 20.663618 -1.557472  
3 1 Car 0 0 -1.200247 312.290649 183.131653 368.217041 215.468643 1.502824 1.498215 3.098828 -13.169013 1.986418 35.046789 -1.557472  
3 2 Car 0 0 -1.299726 393.555786 182.546936 445.154694 213.954880 1.502447 1.674348 4.069765 -9.246863 1.977705 34.940158 -1.557472  
4 0 Car 0 0 -1.578507 591.217285 181.691376 665.366760 239.468979 1.609268 1.664986 3.204451 0.438793 1.816374 20.740305 -1.552551  
4 1 Car 0 0 -1.179585 297.166473 184.241531 357.306580 218.685455 1.502824 1.498215 3.098828 -12.943044 2.027421 32.899856 -1.552551  
4 2 Car 0 0 -1.278336 377.309052 184.039307 435.870544 218.835342 1.502447 1.674348 4.069765 -9.034263 2.018518 32.122534 -1.552551  
5 0 Car 0 0 -1.568863 587.928406 180.985168 662.033997 238.668427 1.609268 1.664986 3.204451 0.371723 1.832356 20.807325 -1.547493  
5 1 Car 0 0 -1.155627 277.026611 183.998749 345.758575 221.393707 1.502824 1.498215 3.098828 -12.750649 2.004377 30.689887 -1.547493  
5 2 Car 0 0 -1.254367 358.337555 183.846008 425.231995 224.234879 1.502447 1.674348 4.069765 -8.786516 1.974847 29.307385 -1.547493  
6 0 Car 0 0 -1.561190 585.957520 180.830872 660.576172 238.997467 1.609268 1.664986 3.204451 0.304653 1.848337 20.874345 -1.542195  
6 1 Car 0 0 -1.127138 255.408676 184.304855 327.808960 225.850372 1.502824 1.498215 3.098828 -12.558254 1.981334 28.479918 -1.542195  
6 2 Car 0 0 -1.225947 334.543976 184.736786 412.355713 227.543640 1.502447 1.674348 4.069765 -8.648719 1.978840 26.410437 -1.542195  
7 0 Car 0 0 -1.550730 583.592529 181.699631 655.621887 239.984421 1.609268 1.664986 3.204451 0.237583 1.864319 20.941365 -1.536805  
7 1 Car 0 1 -1.094942 228.153778 186.259888 308.306244 230.633286 1.502824 1.498215 3.098828 -12.397046 2.004723 26.249072 -1.536805  
7 2 Car 0 0 -1.187735 299.480164 187.825668 394.395050 235.779266 1.502447 1.674348 4.069765 -8.510922 1.982832 23.513488 -1.536805  
8 0 Car 0 0 -1.543850 581.858459 182.602890 655.454468 240.447937 1.609268 1.664986 3.204451 0.170513 1.880300 21.008384 -1.531243  
8 1 Car 0 1 -1.057301 192.286514 187.346558 286.628174 237.123199 1.502824 1.498215 3.098828 -12.235837 2.028111 24.018225 -1.531243  
8 2 Car 0 0 -1.141587 255.350952 190.105316 371.164734 245.382141 1.502447 1.674348 4.069765 -8.373125 1.986825 20.616541 -1.531243  
9 0 Car 0 0 -1.535926 582.101685 181.892838 651.172974 240.267746 1.609268 1.664986 3.204451 0.097173 1.866282 21.074876 -1.526116  
9 1 Car 0 2 -1.012590 149.248810 187.843781 255.978302 242.184799 1.502824 1.498215 3.098828 -12.133871 1.955290 21.718207 -1.526116  
9 2 Car 0 0 -1.083597 195.554642 190.794403 339.744751 256.652588 1.502447 1.674348 4.069765 -8.284945 1.940322 17.781239 -1.526116  
10 0 Car 0 0 -1.528622 578.843933 182.011826 649.804260 239.415634 1.609268 1.664986 3.204451 0.023833 1.852264 21.141367 -1.522018  
10 1 Car 0 2 -0.941533 92.852173 189.905365 179.807068 252.458679 1.502824 1.498215 3.098828 -12.060004 1.921390 19.464925 -1.522018  
10 2 Car 0 0 -1.005795 103.308815 189.334518 296.781189 271.881622 1.502447 1.674348 4.069765 -8.196765 1.893819 14.945937 -1.522018  
11 0 Car 0 0 -1.521833 576.778870 181.841980 646.631226 238.834320 1.609268 1.664986 3.204451 -0.060364 1.836117 21.192124 -1.518859  
11 2 Car 0 0 -0.917655 0.373306 191.781738 228.931824 296.347900 1.502447 1.674348 4.069765 -8.163218 1.847585 12.087231 -1.518859  
12 0 Car 0 0 -1.513612 573.535950 180.664322 642.051880 237.823883 1.609268 1.664986 3.204451 -0.144561 1.819969 21.242881 -1.516059  
12 1 Car 2 3 -0.874142 14.239270 193.092911 126.139801 254.277863 1.502824 1.498215 3.098828 -11.912271 1.853589 14.958360 -1.516059  
12 2 Car 1 0 -0.869258 2.073822 198.388672 127.278069 308.891968 1.502447 1.674348 4.069765 -8.129670 1.801352 9.228525 -1.516059  
13 0 Car 0 0 -1.508565 571.964844 180.108719 640.641907 237.935898 1.609268 1.664986 3.204451 -0.228758 1.803822 21.293638 -1.513077  
13 1 Car 2 0 -0.826206 0.925717 198.247650 34.740215 271.808411 1.502824 1.498215 3.098828 -11.838404 1.819688 12.705078 -1.513077  
14 0 Car 0 0 -1.500579 569.060364 179.697174 636.373840 236.320557 1.609268 1.664986 3.204451 -0.312955 1.787675 21.344396 -1.510062  
15 0 Car 0 0 -1.493588 567.416809 177.089951 632.069885 235.066849 1.609268 1.664986 3.204451 -0.397152 1.771527 21.395153 -1.507191  
16 0 Car 0 0 -1.487012 564.419495 176.852188 629.646912 233.692825 1.609268 1.664986 3.204451 -0.465800 1.744002 21.433341 -1.504371  
17 0 Car 0 0 -1.480457 563.154297 176.532455 625.260010 232.528748 1.609268 1.664986 3.204451 -0.534448 1.716477 21.471529 -1.501731  
18 0 Car 0 0 -1.476425 561.923096 177.484085 625.139221 233.155014 1.609268 1.664986 3.204451 -0.581963 1.728951 21.509622 -1.498635  
19 0 Car 0 0 -1.471138 560.997742 177.177063 623.390564 233.542999 1.609268 1.664986 3.204451 -0.629478 1.741425 21.547716 -1.495200  
20 0 Car 0 0 -1.466188 560.577332 178.700592 622.557251 234.444901 1.609268 1.664986 3.204451 -0.676993 1.753899 21.585809 -1.491118  
21 0 Car 0 0 -1.461667 561.066833 179.504929 622.157776 235.250381 1.609268 1.664986 3.204451 -0.670116 1.758328 21.621691 -1.486535  
22 0 Car 0 0 -1.456069 560.952881 180.410751 621.078796 235.227814 1.609268 1.664986 3.204451 -0.663240 1.762757 21.657573 -1.481763  
23 0 Car 0 0 -1.452069 561.416443 180.807922 621.373779 235.203827 1.609268 1.664986 3.204451 -0.656363 1.767186 21.693455 -1.477238  
24 0 Car 0 0 -1.447962 561.862793 179.875534 621.623474 234.347015 1.609268 1.664986 3.204451 -0.649487 1.771614 21.729336 -1.472649  
25 0 Car 0 0 -1.443829 561.755676 178.362625 621.865662 232.607834 1.609268 1.664986 3.204451 -0.626059 1.747573 21.771720 -1.468423  
26 0 Car 0 0 -1.439952 562.705994 176.547913 621.327820 232.370148 1.609268 1.664986 3.204451 -0.602632 1.723531 21.814104 -1.464260  
27 0 Car 0 0 -1.437206 563.687134 176.646286 623.007629 230.678207 1.609268 1.664986 3.204451 -0.579204 1.699489 21.856488 -1.459670  
28 0 Car 0 0 -1.434010 563.826111 177.050064 624.326782 229.272873 1.609268 1.664986 3.204451 -0.555777 1.675448 21.898871 -1.455464  
29 0 Car 0 0 -1.431361 564.987366 176.676498 625.828430 229.644592 1.609268 1.664986 3.204451 -0.514348 1.664307 21.945924 -1.450971  
30 0 Car 0 0 -1.427175 565.866089 174.463120 625.910889 230.124023 1.609268 1.664986 3.204451 -0.472919 1.653166 21.992977 -1.446120  
31 0 Car 0 0 -1.425178 567.843140 174.581360 627.048645 228.833817 1.609268 1.664986 3.204451 -0.406426 1.642274 22.040021 -1.441964  
32 0 Car 0 0 -1.422035 568.580994 175.902008 627.081238 232.318558 1.609268 1.664986 3.204451 -0.393894 1.687630 22.104905 -1.438288  
33 0 Car 0 0 -1.418956 569.176086 177.905869 627.811218 230.997253 1.609268 1.664986 3.204451 -0.356297 1.733234 22.169780 -1.434291  
34 0 Car 0 0 -1.418767 571.041992 179.078659 630.035034 232.532379 1.609268 1.664986 3.204451 -0.319209 1.730747 22.235158 -1.431268  
35 0 Car 0 0 -1.417629 572.566345 178.777542 631.827698 232.471344 1.609268 1.664986 3.204451 -0.282120 1.728261 22.300536 -1.427832  
36 0 Car 0 0 -1.415667 574.355530 177.301941 631.678833 231.006363 1.609268 1.664986 3.204451 -0.261256 1.716212 22.371758 -1.424734  
37 0 Car 0 0 -1.413208 574.150146 176.451065 632.882385 228.817245 1.609268 1.664986 3.204451 -0.240393 1.704163 22.442980 -1.421583  
38 0 Car 0 0 -1.412161 575.956787 175.118729 632.739014 228.752945 1.609268 1.664986 3.204451 -0.219529 1.692114 22.514202 -1.419383  
39 0 Car 0 0 -1.409981 575.242920 176.649826 633.701843 229.648941 1.609268 1.664986 3.204451 -0.208965 1.702109 22.602519 -1.417031  
40 0 Car 0 0 -1.408847 576.733337 177.241531 633.564453 228.850372 1.609268 1.664986 3.204451 -0.198401 1.712105 22.690836 -1.414959  
41 0 Car 0 0 -1.406566 575.701294 177.384872 633.295288 229.403168 1.609268 1.664986 3.204451 -0.187837 1.722100 22.779153 -1.413580  
42 0 Car 0 0 -1.406029 576.743958 178.501205 633.071472 228.431488 1.609268 1.664986 3.204451 -0.177273 1.732095 22.867470 -1.412475  
43 0 Car 0 0 -1.405119 577.026184 177.819107 633.118408 229.653442 1.609268 1.664986 3.204451 -0.166709 1.742090 22.955787 -1.411338  
44 0 Car 0 0 -1.403867 576.809143 179.485870 633.375977 230.630432 1.609268 1.664986 3.204451 -0.178938 1.755012 23.046583 -1.410057  
45 0 Car 0 0 -1.403505 578.472046 179.176926 631.918091 231.420776 1.609268 1.664986 3.204451 -0.191167 1.767933 23.137379 -1.409553  
46 0 Car 0 0 -1.402415 577.194092 179.805359 632.354553 230.006836 1.609268 1.664986 3.204451 -0.203395 1.780855 23.228175 -1.409046  
47 0 Car 0 0 -1.401915 575.694763 180.672501 632.530273 230.563217 1.609268 1.664986 3.204451 -0.197492 1.793938 23.325008 -1.409463  
48 0 Car 0 0 -1.401439 575.278198 179.098953 631.717651 228.183090 1.609268 1.664986 3.204451 -0.224642 1.774588 23.403612 -1.409839  
49 0 Car 0 0 -1.401197 575.194397 179.641937 631.809570 229.039810 1.609268 1.664986 3.204451 -0.227778 1.798060 23.487525 -1.409592  
50 0 Car 0 0 -1.400992 575.559448 180.903732 630.604248 231.092316 1.609268 1.664986 3.204451 -0.230915 1.821533 23.571438 -1.409969  
51 0 Car 0 0 -1.399635 573.728638 180.581131 629.102600 232.222229 1.609268 1.664986 3.204451 -0.234051 1.845006 23.655351 -1.410921  
52 0 Car 0 0 -1.400624 574.589111 178.764969 629.322266 231.953430 1.609268 1.664986 3.204451 -0.271124 1.821695 23.724127 -1.411162  
53 0 Car 0 0 -1.399497 573.773254 178.133957 628.021362 228.684311 1.609268 1.664986 3.204451 -0.308197 1.798384 23.792904 -1.411502  
54 0 Car 0 0 -1.399551 572.063477 179.408890 628.642395 228.002884 1.609268 1.664986 3.204451 -0.345270 1.775073 23.861681 -1.412310  
55 0 Car 0 0 -1.399009 571.719666 178.894409 626.591858 227.551926 1.609268 1.664986 3.204451 -0.382343 1.751762 23.930457 -1.413427  
56 0 Car 0 0 -1.397321 568.956299 178.252045 625.082642 225.335632 1.609268 1.664986 3.204451 -0.434424 1.724360 23.986001 -1.414699  
57 0 Car 0 0 -1.398106 569.601624 177.811874 623.770752 226.306183 1.609268 1.664986 3.204451 -0.486505 1.696959 24.041545 -1.415945  
58 0 Car 0 0 -1.397537 568.475159 179.925171 622.189148 227.422379 1.609268 1.664986 3.204451 -0.508800 1.780575 24.105223 -1.417252  
59 0 Car 0 0 -1.398433 568.763611 182.674667 621.436646 231.391281 1.609268 1.664986 3.204451 -0.523891 1.880821 24.168971 -1.418470  
60 0 Car 0 0 -1.397231 566.007507 184.911682 621.532959 234.971893 1.609268 1.664986 3.204451 -0.538983 1.981067 24.232719 -1.419110  
61 0 Car 0 0 -1.395269 563.314819 183.237000 619.601929 231.757645 1.609268 1.664986 3.204451 -0.587297 1.926565 24.297694 -1.420350  
62 0 Car 0 0 -1.394442 560.983887 177.822418 618.890320 223.875992 1.609268 1.664986 3.204451 -0.629926 1.663498 24.365459 -1.421631  
62 3 Car 0 0 -1.319252 526.250488 174.441895 544.608887 186.438629 1.398239 1.512299 3.701596 -7.939579 1.429235 78.012277 -1.421631  
63 0 Car 0 0 -1.394801 562.306763 172.857086 617.863159 219.348740 1.609268 1.664986 3.204451 -0.658457 1.628104 24.434438 -1.421785  
63 3 Car 0 0 -1.316413 524.287720 170.902298 542.205750 183.384293 1.398239 1.512299 3.701596 -7.925459 1.109644 74.944205 -1.421785  
64 0 Car 0 0 -1.394184 562.118835 175.998154 618.379517 221.658508 1.609268 1.664986 3.204451 -0.686989 1.592710 24.503416 -1.420940  
64 3 Car 0 0 -1.311112 519.824524 173.930710 540.163330 187.092300 1.398239 1.512299 3.701596 -7.904237 1.462393 71.869105 -1.420940  
65 0 Car 0 0 -1.394702 562.936829 179.669479 619.812622 226.022583 1.609268 1.664986 3.204451 -0.689690 1.713758 24.561327 -1.419899  
65 3 Car 0 0 -1.306811 517.254089 179.350449 537.970886 193.955200 1.398239 1.512299 3.701596 -7.803262 2.021005 68.793267 -1.419899  
66 0 Car 0 0 -1.393173 563.549622 181.413315 617.151306 228.241943 1.609268 1.664986 3.204451 -0.692392 1.834805 24.619238 -1.419789  
66 3 Car 0 0 -1.302239 513.791748 182.187347 534.908386 197.681396 1.398239 1.512299 3.701596 -7.735941 2.256726 65.754685 -1.419789  
66 4 Car 0 1 -1.355637 554.776672 179.679062 571.639465 193.753815 1.460673 1.657886 4.048741 -5.147139 2.307699 81.406680 -1.419789  
67 0 Car 0 0 -1.392540 563.023560 177.147736 616.684448 228.417007 1.609268 1.664986 3.204451 -0.731291 1.824234 24.667049 -1.419844  
67 3 Car 0 0 -1.297635 510.199554 181.895050 531.679810 198.222641 1.398239 1.512299 3.701596 -7.683034 2.147851 62.719474 -1.419844  
67 4 Car 0 1 -1.354059 552.813477 177.572479 571.235413 193.674118 1.460673 1.657886 4.048741 -5.083440 2.142107 77.899865 -1.419844  
68 0 Car 0 0 -1.392129 563.511414 178.031860 615.594971 226.287552 1.609268 1.664986 3.204451 -0.715610 1.761952 24.739147 -1.419849  
68 3 Car 0 0 -1.290999 504.354828 178.965210 527.788147 197.289276 1.398239 1.512299 3.701596 -7.630127 2.038976 59.684264 -1.419849  
68 4 Car 0 1 -1.351968 550.534119 175.541656 570.476501 192.045563 1.460673 1.657886 4.048741 -5.019741 1.976514 74.393049 -1.419849  
69 0 Car 0 0 -1.391596 564.203003 176.172775 616.066467 225.472610 1.609268 1.664986 3.204451 -0.699929 1.699670 24.811245 -1.418511  
69 3 Car 0 0 -1.285412 500.812897 179.084641 525.091492 196.852295 1.398239 1.512299 3.701596 -7.577221 1.930101 56.649054 -1.418511  
69 4 Car 0 1 -1.350488 549.195557 174.516678 571.610352 191.217392 1.460673 1.657886 4.048741 -4.956042 1.810922 70.886234 -1.418511  
70 0 Car 0 0 -1.390115 563.659363 175.112289 615.364319 222.581329 1.609268 1.664986 3.204451 -0.684248 1.637389 24.883343 -1.417892  
70 3 Car 0 0 -1.278232 494.616089 178.729294 521.641846 196.694839 1.398239 1.512299 3.701596 -7.524314 1.821226 53.613843 -1.417892  
70 4 Car 0 1 -1.346515 546.985474 174.276031 568.955383 189.894989 1.460673 1.657886 4.048741 -4.892343 1.645329 67.379419 -1.417892  
71 0 Car 0 0 -1.390232 563.852905 174.128708 615.768677 223.401443 1.609268 1.664986 3.204451 -0.687991 1.664491 24.948367 -1.417595  
71 3 Car 0 0 -1.269761 487.811462 177.674179 516.402893 198.409561 1.398239 1.512299 3.701596 -7.474368 1.764386 50.581559 -1.417595  
71 4 Car 0 1 -1.343036 544.207886 173.881714 567.116577 190.705978 1.460673 1.657886 4.048741 -4.800775 1.677657 63.951003 -1.417595  
72 0 Car 0 0 -1.390283 563.711487 177.221191 617.009033 225.053238 1.609268 1.664986 3.204451 -0.691734 1.691594 25.013391 -1.416885  
72 3 Car 0 0 -1.261864 481.117676 179.891724 512.483948 202.771393 1.398239 1.512299 3.701596 -7.427195 1.884277 47.547986 -1.416885  
72 4 Car 0 0 -1.339734 542.191040 175.821426 565.370850 193.716721 1.460673 1.657886 4.048741 -4.709207 1.709985 60.522587 -1.416885  
73 0 Car 0 0 -1.390141 565.773438 174.858582 616.653870 224.133057 1.609268 1.664986 3.204451 -0.695478 1.718697 25.078416 -1.415561  
73 3 Car 0 0 -1.251372 472.791107 179.882843 507.238159 205.366730 1.398239 1.512299 3.701596 -7.357683 1.911690 44.520971 -1.415561  
73 4 Car 0 0 -1.334916 540.013611 176.660141 562.474182 195.194122 1.460673 1.657886 4.048741 -4.617639 1.742313 57.094171 -1.415561  
74 0 Car 0 0 -1.389723 566.462341 175.292313 616.910706 223.714706 1.609268 1.664986 3.204451 -0.679797 1.687488 25.144292 -1.414488  
74 3 Car 0 0 -1.240653 464.890656 181.127625 500.813812 208.389984 1.398239 1.512299 3.701596 -7.288170 1.939103 41.493956 -1.414488  
74 4 Car 0 0 -1.330199 536.087341 176.635666 561.106689 197.166397 1.460673 1.657886 4.048741 -4.526071 1.774641 53.665756 -1.414488  
75 0 Car 0 0 -1.391308 565.987732 177.435226 620.267761 223.162506 1.609268 1.664986 3.204451 -0.663458 1.718686 25.209517 -1.414077  
75 3 Car 0 0 -1.227316 451.008301 183.343170 495.422394 211.455124 1.398239 1.512299 3.701596 -7.218657 1.966515 38.466941 -1.414077  
75 4 Car 0 0 -1.324453 531.228577 177.208633 558.208557 198.797653 1.460673 1.657886 4.048741 -4.434504 1.806969 50.237341 -1.414077  
76 0 Car 0 0 -1.390252 564.535095 177.631714 619.987061 224.114578 1.609268 1.664986 3.204451 -0.659783 1.671635 25.268502 -1.414222  
76 3 Car 0 0 -1.211899 439.277649 183.252243 483.824188 215.259430 1.398239 1.512299 3.701596 -7.222751 1.945464 35.376745 -1.414222  
76 4 Car 0 0 -1.319129 526.300659 177.213745 555.176270 200.299637 1.460673 1.657886 4.048741 -4.398929 1.793907 46.743592 -1.414222  
77 0 Car 0 0 -1.390638 565.489258 177.263657 620.629761 224.425125 1.609268 1.664986 3.204451 -0.655650 1.667960 25.327033 -1.413501  
77 3 Car 0 0 -1.193447 422.327087 183.391434 474.010529 218.857376 1.398239 1.512299 3.701596 -7.226846 1.924412 32.286549 -1.413501  
77 4 Car 0 0 -1.312169 520.359070 177.165024 552.027222 202.732178 1.460673 1.657886 4.048741 -4.363354 1.780844 43.249844 -1.413501  
78 0 Car 0 0 -1.388684 564.740784 180.532700 619.650330 226.615234 1.609268 1.664986 3.204451 -0.649780 1.828749 25.383846 -1.412744  
78 3 Car 0 0 -1.172193 403.680969 188.715118 461.449951 227.055786 1.398239 1.512299 3.701596 -7.192596 2.102159 29.217270 -1.412744  
78 4 Car 0 0 -1.304892 513.084473 182.030991 549.788879 210.208710 1.460673 1.657886 4.048741 -4.292585 2.033074 39.813456 -1.412744  
79 0 Car 0 0 -1.388402 567.307861 184.437317 617.575623 232.244308 1.609268 1.664986 3.204451 -0.630439 1.982646 25.443563 -1.412121  
79 3 Car 0 0 -1.146107 379.852783 195.968414 446.069214 239.785889 1.398239 1.512299 3.701596 -7.158347 2.279905 26.147991 -1.412121  
79 4 Car 0 0 -1.295013 504.731232 188.056778 544.615723 218.264282 1.460673 1.657886 4.048741 -4.221817 2.285305 36.377069 -1.412121  
80 0 Car 0 0 -1.389247 568.929077 186.458740 618.365540 232.775436 1.609268 1.664986 3.204451 -0.612811 1.974378 25.504975 -1.411296  
80 3 Car 0 0 -1.111522 344.371704 198.193741 428.708557 248.345078 1.398239 1.512299 3.701596 -7.108896 2.217138 23.112773 -1.411296  
80 4 Car 0 0 -1.284242 494.222565 185.865173 540.553223 223.436890 1.460673 1.657886 4.048741 -4.181240 2.197441 32.919079 -1.411296  
81 0 Car 0 0 -1.389299 568.762146 184.226074 620.468445 228.528915 1.609268 1.664986 3.204451 -0.595277 1.957263 25.566479 -1.410007  
81 3 Car 0 0 -1.067759 301.648315 198.455566 403.347839 255.590012 1.398239 1.512299 3.701596 -7.059445 2.154371 20.077556 -1.410007  
81 4 Car 0 0 -1.269742 481.720551 187.455063 533.646667 225.554260 1.460673 1.657886 4.048741 -4.140664 2.109578 29.461089 -1.410007  
82 0 Car 0 0 -1.388923 568.738342 183.907242 620.265259 228.616119 1.609268 1.664986 3.204451 -0.589514 1.899389 25.604220 -1.409789  
82 3 Car 0 0 -1.011107 241.974075 202.403336 369.263031 269.069244 1.398239 1.512299 3.701596 -7.009994 2.091605 17.042339 -1.409789  
82 4 Car 0 0 -1.253143 464.871948 187.773544 526.328491 232.147095 1.460673 1.657886 4.048741 -4.100087 2.021714 26.003099 -1.409789  
83 0 Car 0 0 -1.389947 570.563110 183.410599 620.250183 227.783051 1.609268 1.664986 3.204451 -0.583481 1.867219 25.641692 -1.409559  
83 3 Car 0 0 -0.930067 144.450333 206.234924 324.317352 290.769226 1.398239 1.512299 3.701596 -6.997708 2.030330 14.061573 -1.409559  
83 4 Car 0 0 -1.231337 443.159729 188.014145 516.012878 239.831833 1.460673 1.657886 4.048741 -4.076339 1.941578 22.595058 -1.409559  
84 0 Car 0 0 -1.389025 568.298828 180.430817 621.171143 225.371216 1.609268 1.664986 3.204451 -0.577737 1.807555 25.679452 -1.409568  
84 3 Car 0 0 -0.820877 2.297287 206.004272 253.335770 327.067780 1.398239 1.512299 3.701596 -6.985422 1.969055 11.080807 -1.409568  
84 4 Car 0 0 -1.199381 409.695801 186.549210 501.560242 249.181152 1.460673 1.657886 4.048741 -4.052591 1.861442 19.187016 -1.409568  
85 0 Car 0 0 -1.389156 569.148804 179.489532 620.739868 224.961945 1.609268 1.664986 3.204451 -0.571658 1.693383 25.697444 -1.409408  
85 3 Car 1 0 -0.769048 1.201098 216.482742 142.676071 339.819672 1.398239 1.512299 3.701596 -6.973136 1.907781 8.100041 -1.409408  
85 4 Car 0 0 -1.155315 362.319824 186.472366 482.022858 264.310516 1.460673 1.657886 4.048741 -4.028843 1.781306 15.778975 -1.409408  
86 0 Car 0 0 -1.387788 569.344299 178.844543 618.989075 224.245285 1.609268 1.664986 3.204451 -0.564017 1.727100 25.713890 -1.409117  
86 4 Car 0 0 -1.083049 278.662659 189.408707 452.496582 293.211426 1.460673 1.657886 4.048741 -4.005491 1.779074 12.492029 -1.409117  
87 0 Car 0 0 -1.388436 570.941528 179.021378 618.125549 224.062256 1.609268 1.664986 3.204451 -0.556311 1.766902 25.730272 -1.409257  
87 4 Car 0 0 -0.961032 126.758461 192.999710 398.430725 355.276886 1.460673 1.657886 4.048741 -3.982140 1.776841 9.205084 -1.409257  
88 0 Car 0 0 -1.388395 569.229919 180.208771 619.892456 225.201248 1.609268 1.664986 3.204451 -0.548706 1.797194 25.746754 -1.409178  
88 4 Car 1 0 -0.850191 0.000000 201.482117 316.417297 374.744629 1.460673 1.657886 4.048741 -3.958788 1.774608 5.918139 -1.409178  
89 0 Car 0 0 -1.388784 568.805481 179.689651 619.810486 224.694473 1.609268 1.664986 3.204451 -0.553521 1.789965 25.763425 -1.409918  
90 0 Car 0 0 -1.389553 568.568604 179.259171 621.030884 224.978226 1.609268 1.664986 3.204451 -0.558335 1.782736 25.780096 -1.410006  
91 0 Car 0 0 -1.388419 567.178711 180.124649 620.806274 224.854279 1.609268 1.664986 3.204451 -0.567119 1.759256 25.785294 -1.409990  
92 0 Car 0 0 -1.388883 567.889526 178.648468 619.965027 223.245895 1.609268 1.664986 3.204451 -0.575904 1.735776 25.790492 -1.410545  
93 0 Car 0 0 -1.388912 567.620056 178.236374 620.075134 223.068207 1.609268 1.664986 3.204451 -0.584688 1.712296 25.795690 -1.410684  
94 0 Car 0 0 -1.388571 569.901001 178.642181 616.517944 223.012100 1.609268 1.664986 3.204451 -0.604506 1.743757 25.759267 -1.411227  
95 0 Car 0 0 -1.387819 567.959656 179.942963 617.183655 224.261749 1.609268 1.664986 3.204451 -0.624324 1.775218 25.722845 -1.411358  
96 0 Car 0 0 -1.389354 567.098572 179.553513 619.379211 224.254929 1.609268 1.664986 3.204451 -0.652577 1.766954 25.686686 -1.411969  
97 0 Car 0 0 -1.387931 565.332031 179.112335 618.427063 224.747849 1.609268 1.664986 3.204451 -0.680830 1.758690 25.650527 -1.412429  
98 0 Car 0 0 -1.387833 566.612122 177.369400 615.563416 223.979828 1.609268 1.664986 3.204451 -0.709755 1.752958 25.604034 -1.413428  
99 0 Car 0 0 -1.387590 565.025879 177.675186 615.741699 224.084427 1.609268 1.664986 3.204451 -0.739321 1.686516 25.558174 -1.414159  
100 0 Car 0 0 -1.387606 564.000244 177.411896 615.647034 223.374496 1.609268 1.664986 3.204451 -0.767884 1.715018 25.511323 -1.414952  
101 0 Car 0 0 -1.386240 563.170288 179.366318 614.743164 225.001343 1.609268 1.664986 3.204451 -0.772631 1.805129 25.436929 -1.414786  
101 21 Car 0 1 -1.730227 826.424805 166.141403 863.622131 184.478378 1.360240 1.504688 4.208781 18.302736 1.146766 57.217194 -1.414786  
102 0 Car 0 0 -1.386210 562.685791 180.786194 614.773193 225.560913 1.609268 1.664986 3.204451 -0.778159 1.821404 25.363308 -1.415071  
103 0 Car 0 0 -1.384969 562.307617 179.282227 614.628784 226.501694 1.609268 1.664986 3.204451 -0.784091 1.799455 25.290086 -1.414192  
103 5 Car 0 0 -1.324227 536.085144 179.956680 552.855469 194.742584 1.658249 1.613142 3.456527 -7.208096 2.479610 79.951848 -1.414192  
103 21 Car 0 1 -1.736769 837.098328 169.902237 864.371948 185.026337 1.360240 1.504688 4.208781 18.277824 1.188945 54.082952 -1.414192  
104 0 Car 0 0 -1.384261 562.063110 177.615936 614.465942 224.860474 1.609268 1.664986 3.204451 -0.790181 1.762450 25.217021 -1.413765  
104 5 Car 0 0 -1.322874 533.672913 178.937500 553.920349 194.719955 1.658249 1.613142 3.456527 -7.153962 2.372181 76.736194 -1.413765  
104 21 Car 0 1 -1.753852 844.756775 166.921082 884.971985 186.023941 1.360240 1.504688 4.208781 18.312945 1.171952 52.492729 -1.413765  
105 0 Car 0 0 -1.383240 561.976318 177.604126 613.829102 225.240524 1.609268 1.664986 3.204451 -0.796213 1.731044 25.143898 -1.413246  
105 5 Car 0 0 -1.316306 529.074890 179.187988 549.711731 195.267700 1.658249 1.613142 3.456527 -7.099827 2.264752 73.520540 -1.413246  
105 21 Car 0 1 -1.756519 852.067200 168.513687 882.840271 184.633057 1.360240 1.504688 4.208781 18.348067 1.154959 50.902507 -1.413246  
106 0 Car 0 0 -1.383433 562.493225 177.519073 615.047058 225.288879 1.609268 1.664986 3.204451 -0.763159 1.729088 25.068041 -1.412237  
106 5 Car 0 0 -1.312973 526.971008 178.484695 548.429993 195.170288 1.658249 1.613142 3.456527 -7.024451 2.218464 70.212844 -1.412237  
106 21 Car 0 1 -1.775976 864.438171 167.893051 904.026672 187.671829 1.360240 1.504688 4.208781 18.383189 1.137967 49.312285 -1.412237  
107 0 Car 0 0 -1.381853 562.057190 178.655853 614.861267 224.958450 1.609268 1.664986 3.204451 -0.730105 1.727132 24.992184 -1.411088  
107 5 Car 0 0 -1.308915 524.726562 179.610947 546.432800 196.362793 1.658249 1.613142 3.456527 -6.949075 2.172175 66.905147 -1.411088  
107 21 Car 0 1 -1.791084 882.324646 166.821060 913.169678 187.089828 1.360240 1.504688 4.208781 18.418310 1.120974 47.722062 -1.411088  
108 0 Car 0 0 -1.380899 562.796692 178.922806 613.965759 224.895859 1.609268 1.664986 3.204451 -0.697052 1.725177 24.916326 -1.410242  
108 5 Car 0 0 -1.303704 519.492249 178.088043 545.300537 197.791519 1.658249 1.613142 3.456527 -6.873699 2.125887 63.597450 -1.410242  
108 21 Car 0 1 -1.787200 876.758972 168.773529 913.658569 184.385986 1.360240 1.504688 4.208781 18.453432 1.103981 46.131840 -1.410242  
109 0 Car 0 0 -1.381189 562.653870 177.739288 615.225464 225.205597 1.609268 1.664986 3.204451 -0.663998 1.723221 24.840469 -1.409759  
109 5 Car 0 0 -1.299400 516.757019 177.808029 542.456238 198.754990 1.658249 1.613142 3.456527 -6.798323 2.079599 60.289753 -1.409759  
109 21 Car 0 1 -1.799247 883.741211 168.321228 927.697327 186.678482 1.360240 1.504688 4.208781 18.492162 1.073597 44.569235 -1.409759  
110 0 Car 0 0 -1.380748 562.442017 177.886429 616.820557 224.025131 1.609268 1.664986 3.204451 -0.630944 1.721265 24.764612 -1.408360  
110 5 Car 0 0 -1.291437 510.450165 177.928101 539.167480 199.479202 1.658249 1.613142 3.456527 -6.722948 2.033311 56.982057 -1.408360  
110 21 Car 0 1 -1.810679 893.288879 167.757401 939.901245 185.799606 1.360240 1.504688 4.208781 18.530892 1.043213 43.006630 -1.408360  
111 0 Car 0 0 -1.379740 563.939087 177.514526 615.674072 225.787140 1.609268 1.664986 3.204451 -0.616938 1.741098 24.693477 -1.407109  
111 5 Car 0 0 -1.283906 506.052734 177.451218 534.369019 201.579971 1.658249 1.613142 3.456527 -6.653455 2.081699 53.700978 -1.407109  
111 21 Car 0 1 -1.825150 904.181824 166.591217 955.986755 184.886993 1.360240 1.504688 4.208781 18.569623 1.012829 41.444025 -1.407109  
112 0 Car 0 0 -1.380210 563.597778 177.600693 617.744385 225.956329 1.609268 1.664986 3.204451 -0.602932 1.760931 24.622342 -1.406382  
112 5 Car 0 0 -1.278065 501.799225 178.664841 531.124939 203.557480 1.658249 1.613142 3.456527 -6.583962 2.130086 50.419900 -1.406382  
112 6 Car 0 0 -1.321794 539.125732 176.519730 557.634521 191.288300 1.493113 1.666348 4.375908 -6.716523 2.024634 79.586180 -1.406382  
112 21 Car 0 1 -1.839793 914.895935 167.120499 972.014038 185.585526 1.360240 1.504688 4.208781 18.609388 1.071943 39.876477 -1.406382  
113 0 Car 0 0 -1.378475 563.468018 180.556290 616.968811 227.257538 1.609268 1.664986 3.204451 -0.588926 1.780764 24.551207 -1.405273  
113 5 Car 0 0 -1.269141 494.485352 180.798950 526.960999 207.156296 1.658249 1.613142 3.456527 -6.514469 2.178474 47.138821 -1.405273  
113 6 Car 0 0 -1.318639 536.532776 178.949127 557.252686 192.976028 1.493113 1.666348 4.375908 -6.639536 2.182800 76.451636 -1.405273  
113 21 Car 0 1 -1.855866 930.216064 169.123337 987.043335 188.964600 1.360240 1.504688 4.208781 18.649154 1.131057 38.308929 -1.405273  
114 0 Car 0 0 -1.379210 564.804138 180.944504 617.657654 228.240906 1.609268 1.664986 3.204451 -0.574920 1.800598 24.480072 -1.404606  
114 5 Car 0 0 -1.259159 486.095886 180.773636 521.639282 209.054291 1.658249 1.613142 3.456527 -6.466474 2.153082 43.814988 -1.404606  
114 6 Car 0 0 -1.316408 535.471436 179.478333 556.039062 194.332596 1.493113 1.666348 4.375908 -6.543397 2.075554 73.319999 -1.404606  
114 21 Car 0 1 -1.872698 941.597107 169.790298 1007.093689 191.986450 1.360240 1.504688 4.208781 18.688655 1.182165 36.749479 -1.404606  
115 0 Car 0 0 -1.379067 565.636353 177.537415 617.876770 225.223953 1.609268 1.664986 3.204451 -0.566477 1.720048 24.398643 -1.403735  
115 5 Car 0 0 -1.249383 478.615753 179.267487 515.975159 208.505371 1.658249 1.613142 3.456527 -6.419164 2.031712 40.588355 -1.403735  
115 6 Car 0 0 -1.313264 533.257019 176.776535 554.947693 192.699417 1.493113 1.666348 4.375908 -6.447258 1.968308 70.188362 -1.403735  
115 21 Car 0 1 -1.894019 957.578857 167.476913 1031.786255 190.251938 1.360240 1.504688 4.208781 18.726124 1.040910 35.192040 -1.403735  
116 0 Car 0 0 -1.380837 565.430176 175.344467 621.446411 224.309525 1.609268 1.664986 3.204451 -0.558033 1.639499 24.317213 -1.403176  
116 5 Car 0 0 -1.235195 466.399323 177.714508 508.004303 210.509857 1.658249 1.613142 3.456527 -6.371855 1.910343 37.361722 -1.403176  
116 6 Car 0 0 -1.309371 529.494385 177.005203 553.858887 192.105164 1.493113 1.666348 4.375908 -6.339067 1.742317 67.058004 -1.403176  
116 21 Car 0 1 -1.909902 972.536621 164.102310 1047.586670 187.641037 1.360240 1.504688 4.208781 18.756407 0.938016 33.655994 -1.403176  
117 0 Car 0 0 -1.381339 566.517761 175.205429 623.013733 225.369064 1.609268 1.664986 3.204451 -0.549104 1.642689 24.307118 -1.401839  
117 5 Car 0 0 -1.219915 452.990204 179.165359 500.664185 214.497543 1.658249 1.613142 3.456527 -6.312523 2.004389 34.119262 -1.401839  
117 6 Car 0 0 -1.303276 526.786560 176.391068 549.636719 192.578339 1.493113 1.666348 4.375908 -6.271653 1.907575 63.923375 -1.401839  
117 21 Car 0 1 -1.929477 987.523621 162.135757 1072.546387 187.119263 1.360240 1.504688 4.208781 18.786690 0.835123 32.119947 -1.401839  
118 0 Car 0 0 -1.379218 568.359741 177.303055 619.894165 227.140961 1.609268 1.664986 3.204451 -0.529236 1.705287 24.237169 -1.400603  
118 5 Car 0 0 -1.201496 437.168243 182.940109 490.766571 222.960876 1.658249 1.613142 3.456527 -6.253191 2.098436 30.876801 -1.400603  
118 6 Car 0 0 -1.299256 523.195679 178.573669 549.168518 196.431366 1.493113 1.666348 4.375908 -6.204238 2.072833 60.788747 -1.400603  
118 21 Car 0 1 -1.954247 1010.194519 163.107880 1100.931763 188.870422 1.360240 1.504688 4.208781 18.806460 0.900632 30.524757 -1.400603  
119 0 Car 0 0 -1.378504 567.054382 181.908127 621.491943 230.635864 1.609268 1.664986 3.204451 -0.509368 1.767886 24.167221 -1.399686  
119 5 Car 0 0 -1.177960 415.515411 186.679901 478.287567 231.977921 1.658249 1.613142 3.456527 -6.230214 2.193119 27.612405 -1.399686  
119 6 Car 0 0 -1.294467 519.196411 182.617767 547.520752 201.166855 1.493113 1.666348 4.375908 -6.130729 2.261335 57.665725 -1.399686  
119 21 Car 0 1 -1.982169 1040.158203 169.070541 1129.547241 197.082809 1.360240 1.504688 4.208781 18.863526 1.150360 28.928048 -1.399686  
120 0 Car 0 0 -1.379462 568.072144 181.227982 621.239014 229.457520 1.609268 1.664986 3.204451 -0.489501 1.830484 24.097273 -1.400114  
120 5 Car 0 0 -1.149816 388.016479 186.903000 462.165894 239.331207 1.658249 1.613142 3.456527 -6.240640 2.161168 24.349210 -1.400114  
120 6 Car 0 0 -1.288840 514.714355 183.084732 543.160278 202.535324 1.493113 1.666348 4.375908 -6.124006 2.268450 54.544480 -1.400114  
120 21 Car 0 2 -2.006371 1054.301392 169.119537 1165.390259 203.269958 1.360240 1.504688 4.208781 18.899639 1.208308 27.477432 -1.400114  
121 0 Car 0 0 -1.379026 567.200012 175.130417 621.237183 224.883942 1.609268 1.664986 3.204451 -0.483284 1.821515 24.033076 -1.400283  
121 5 Car 0 0 -1.110696 349.945587 184.435745 439.188995 242.452728 1.658249 1.613142 3.456527 -6.241281 1.945366 21.148889 -1.400283  
121 6 Car 0 0 -1.280922 508.017273 176.807678 538.031433 199.560944 1.493113 1.666348 4.375908 -6.075226 1.848021 51.427762 -1.400283  
121 21 Car 0 1 -2.032486 1076.991699 165.999222 1199.170044 203.466248 1.360240 1.504688 4.208781 18.898069 1.106031 25.932089 -1.400283  
122 0 Car 0 0 -1.379066 568.790955 172.322144 620.401245 222.991974 1.609268 1.664986 3.204451 -0.477068 1.812545 23.968879 -1.399801  
122 5 Car 0 0 -1.060297 297.908173 182.230652 411.547058 254.833557 1.658249 1.613142 3.456527 -6.240227 1.889866 17.946893 -1.399801  
122 6 Car 0 0 -1.274954 503.146606 175.475464 534.867004 199.093674 1.493113 1.666348 4.375908 -6.113383 1.700536 48.308074 -1.399801  
122 21 Car 0 0 -2.058053 1098.940186 163.264908 1236.120117 203.936798 1.360240 1.504688 4.208781 18.896499 1.003754 24.386745 -1.399801  
123 0 Car 0 0 -1.379393 567.624451 172.843597 623.137634 221.531006 1.609268 1.664986 3.204451 -0.470852 1.803576 23.904681 -1.399040  
123 5 Car 0 0 -0.987486 220.475891 188.210266 368.768616 275.394806 1.658249 1.613142 3.456527 -6.231749 1.920798 14.764089 -1.399040  
123 6 Car 0 0 -1.264744 495.590149 176.547791 528.554871 201.222504 1.493113 1.666348 4.375908 -6.149643 1.732662 45.186509 -1.399040  
123 7 Car 0 1 -1.442830 633.583618 168.578384 648.766968 184.552628 1.428985 1.496953 3.384498 3.307681 1.124859 73.641867 -1.399040  
123 21 Car 0 0 -2.078158 1141.973511 159.604233 1242.000000 200.895828 1.360240 1.504688 4.208781 18.898762 0.896448 22.860328 -1.399040  
124 0 Car 0 0 -1.379421 568.636780 172.461853 622.982239 223.186386 1.609268 1.664986 3.204451 -0.464636 1.794606 23.840484 -1.398475  
124 5 Car 0 0 -0.881420 89.216599 194.056503 309.284851 318.209930 1.658249 1.613142 3.456527 -6.223270 1.951731 11.581285 -1.398475  
124 6 Car 0 0 -1.253670 485.768158 177.688599 522.912842 203.576187 1.493113 1.666348 4.375908 -6.091245 1.785229 42.017375 -1.398475  
124 7 Car 0 1 -1.443461 634.082947 168.339874 649.997009 184.366348 1.428985 1.496953 3.384498 3.317776 1.272801 72.149264 -1.398475  
124 21 Car 1 0 -2.087164 1166.089600 153.060532 1240.873901 199.562805 1.360240 1.504688 4.208781 18.901026 0.789141 21.333910 -1.398475  
125 0 Car 0 0 -1.378898 568.640564 174.001556 622.513306 226.004639 1.609268 1.664986 3.204451 -0.458420 1.785637 23.776287 -1.398274  
125 5 Car 0 0 -0.788432 0.000000 203.305832 210.864822 371.398407 1.658249 1.613142 3.456527 -6.214792 1.982663 8.398482 -1.398274  
125 6 Car 0 0 -1.244383 475.372711 179.979111 519.898560 210.318680 1.493113 1.666348 4.375908 -6.067057 1.923350 38.917598 -1.398274  
125 7 Car 0 1 -1.445679 635.772095 172.461945 651.806152 186.355988 1.428985 1.496953 3.384498 3.327871 1.420743 70.656660 -1.398274  
125 21 Car 2 0 -2.103804 1206.914062 169.770630 1241.395630 201.627792 1.360240 1.504688 4.208781 18.900911 0.788056 19.806398 -1.398274  
126 0 Car 0 0 -1.378759 568.700867 176.626938 623.274597 228.057495 1.609268 1.664986 3.204451 -0.452203 1.776667 23.712090 -1.397566  
126 6 Car 0 0 -1.228144 463.111237 184.847305 509.151917 214.007385 1.493113 1.666348 4.375908 -6.042868 2.061471 35.817821 -1.397566  
126 7 Car 0 1 -1.445684 634.887207 173.516739 653.721924 191.366623 1.428985 1.496953 3.384498 3.337966 1.568685 69.164056 -1.397566  
127 0 Car 0 0 -1.378177 568.607361 179.619263 623.009888 228.286835 1.609268 1.664986 3.204451 -0.445987 1.767698 23.647892 -1.397232  
127 6 Car 0 0 -1.212739 449.104858 186.626740 500.714630 221.035919 1.493113 1.666348 4.375908 -6.095111 2.085390 32.684555 -1.397232  
127 7 Car 0 1 -1.446073 635.878967 176.085251 653.776367 192.345917 1.428985 1.496953 3.384498 3.348061 1.716628 67.671453 -1.397232  
128 0 Car 0 0 -1.380152 569.439453 178.371765 623.883423 227.627655 1.609268 1.664986 3.204451 -0.439771 1.758729 23.583695 -1.398026  
128 6 Car 0 0 -1.192253 428.226868 187.653870 489.683167 225.827805 1.493113 1.666348 4.375908 -6.147353 2.109309 29.551290 -1.398026  
128 7 Car 0 1 -1.447794 635.410339 175.967743 655.586670 193.050613 1.428985 1.496953 3.384498 3.358155 1.864570 66.178849 -1.398026  
129 0 Car 0 0 -1.378220 567.854126 177.532959 623.295288 227.533310 1.609268 1.664986 3.204451 -0.440370 1.752270 23.511287 -1.397599  
129 6 Car 0 0 -1.168321 404.442444 187.471588 477.888641 231.011459 1.493113 1.666348 4.375908 -6.160183 2.064537 26.446042 -1.397599  
129 7 Car 0 1 -1.448025 636.818176 174.318207 655.131104 191.861664 1.428985 1.496953 3.384498 3.347555 1.837130 64.665751 -1.397599  
130 0 Car 0 0 -1.378280 566.998901 176.783920 622.724426 226.332367 1.609268 1.664986 3.204451 -0.440970 1.745812 23.438880 -1.398647  
130 6 Car 0 0 -1.136857 374.670135 188.115417 457.792084 240.090607 1.493113 1.666348 4.375908 -6.173013 2.019765 23.340793 -1.398647  
130 7 Car 0 1 -1.450682 637.721497 173.734406 656.554199 190.803955 1.428985 1.496953 3.384498 3.336954 1.809690 63.152652 -1.398647  
131 0 Car 0 0 -1.378261 567.202698 175.920364 622.717590 226.136566 1.609268 1.664986 3.204451 -0.441569 1.739353 23.366472 -1.398492  
131 6 Car 0 0 -1.098691 334.776917 189.748001 438.261047 251.669449 1.493113 1.666348 4.375908 -6.185843 1.974993 20.235545 -1.398492  
131 7 Car 0 1 -1.450786 637.707031 171.685944 656.945190 191.003052 1.428985 1.496953 3.384498 3.326353 1.782250 61.639553 -1.398492  
132 0 Car 0 0 -1.377325 566.606873 176.210632 621.732056 228.372025 1.609268 1.664986 3.204451 -0.442168 1.732895 23.294065 -1.398651  
132 6 Car 0 0 -1.043332 273.841675 195.263596 409.798492 269.359070 1.493113 1.666348 4.375908 -6.193344 2.002045 17.077330 -1.398651  
132 7 Car 0 1 -1.452856 639.273254 174.568436 658.143616 192.587585 1.428985 1.496953 3.384498 3.315753 1.754811 60.126455 -1.398651  
133 0 Car 0 0 -1.378253 566.590271 178.297928 622.869568 229.043076 1.609268 1.664986 3.204451 -0.442767 1.726436 23.221657 -1.398802  
133 6 Car 0 0 -0.969481 186.208908 201.497696 372.270294 295.888306 1.493113 1.666348 4.375908 -6.199550 2.040836 14.075310 -1.398802  
133 7 Car 0 1 -1.454541 638.952393 175.206726 660.685059 193.968399 1.428985 1.496953 3.384498 3.305152 1.727371 58.613356 -1.398802  
134 0 Car 0 0 -1.377218 565.719116 179.200241 622.284058 231.119263 1.609268 1.664986 3.204451 -0.449929 1.759789 23.161456 -1.398777  
134 6 Car 0 0 -0.855247 30.879208 208.180847 316.278748 342.109161 1.493113 1.666348 4.375908 -6.205756 2.079628 11.073289 -1.398777  
134 7 Car 0 1 -1.455817 639.693970 176.504440 661.828003 196.735779 1.428985 1.496953 3.384498 3.285586 1.851779 57.135128 -1.398777  
134 18 Car 0 1 -1.684698 806.452637 167.932648 836.895569 183.267227 1.413191 1.686496 4.095490 18.985459 1.331184 65.215430 -1.398777  
134 19 Car 0 0 -1.698547 811.023438 165.003677 854.126648 182.911346 1.796592 1.670859 3.616551 18.911305 1.216677 59.656409 -1.398777  
135 0 Car 0 0 -1.376604 565.102234 181.193680 621.669556 233.771683 1.609268 1.664986 3.204451 -0.457091 1.793141 23.101255 -1.399015  
135 6 Car 1 0 -0.795935 5.709416 221.898468 219.609924 371.926300 1.493113 1.666348 4.375908 -6.211659 2.061092 8.058500 -1.399015  
135 7 Car 0 1 -1.458195 641.125305 180.178436 663.494629 200.080399 1.428985 1.496953 3.384498 3.266021 1.976187 55.656900 -1.399015  
135 18 Car 0 1 -1.693221 813.509583 170.160309 842.858826 186.546051 1.413191 1.686496 4.095490 18.987110 1.441950 63.744202 -1.399015  
135 19 Car 0 0 -1.712864 824.790039 166.759018 862.717102 185.064011 1.796592 1.670859 3.616551 18.920223 1.302823 58.154142 -1.399015  
136 0 Car 0 0 -1.377278 565.530457 180.421066 621.973572 235.177505 1.609268 1.664986 3.204451 -0.464253 1.826494 23.041054 -1.399182  
136 7 Car 0 1 -1.460218 642.021851 180.817932 665.286743 200.921158 1.428985 1.496953 3.384498 3.246456 2.100595 54.178672 -1.399182  
136 18 Car 0 1 -1.700982 816.316467 169.641708 852.045532 188.375595 1.413191 1.686496 4.095490 18.988761 1.552717 62.272973 -1.399182  
136 19 Car 0 0 -1.719230 828.119995 167.871231 869.295227 188.844833 1.796592 1.670859 3.616551 18.929141 1.388970 56.651875 -1.399182  
137 0 Car 0 0 -1.377616 565.501648 179.059143 623.673645 232.806625 1.609268 1.664986 3.204451 -0.437816 1.782578 22.980697 -1.398362  
137 7 Car 0 1 -1.461516 643.294189 178.146667 667.081055 199.341446 1.428985 1.496953 3.384498 3.289451 1.949842 52.703089 -1.398362  
138 0 Car 0 0 -1.379749 566.874268 178.052139 626.417908 230.317902 1.609268 1.664986 3.204451 -0.411379 1.738663 22.920340 -1.397644  
138 7 Car 0 1 -1.463114 643.805176 177.826782 669.926086 198.436417 1.428985 1.496953 3.384498 3.332446 1.799090 51.227505 -1.397644  
138 18 Car 0 1 -1.718610 826.395569 166.064346 872.489624 188.848541 1.413191 1.686496 4.095490 19.042344 1.349417 59.333866 -1.397644  
138 19 Car 0 0 -1.734062 849.655029 166.182892 874.123169 187.907135 1.796592 1.670859 3.616551 18.988170 1.319554 53.678365 -1.397644  
139 0 Car 0 0 -1.378256 568.043030 174.528091 623.939514 228.289337 1.609268 1.664986 3.204451 -0.384942 1.694748 22.859983 -1.397058  
139 7 Car 0 1 -1.465973 647.251770 175.275482 671.473938 196.526245 1.428985 1.496953 3.384498 3.375442 1.648337 49.751921 -1.397058  
139 18 Car 0 1 -1.712119 832.266052 169.669571 857.175720 184.528717 1.413191 1.686496 4.095490 19.060514 1.253555 57.864423 -1.397058  
140 0 Car 0 0 -1.379038 569.198975 173.746155 625.291992 226.564301 1.609268 1.664986 3.204451 -0.358505 1.650833 22.799626 -1.396103  
140 7 Car 0 1 -1.467147 648.283020 172.966629 673.530762 195.736023 1.428985 1.496953 3.384498 3.433950 1.599058 48.275203 -1.396103  
140 18 Car 0 1 -1.729327 844.656006 166.406937 873.955811 184.189728 1.413191 1.686496 4.095490 19.103623 1.145956 56.364682 -1.396103  
140 19 Car 0 0 -1.754165 860.953186 161.413895 898.153503 185.593262 1.796592 1.670859 3.616551 19.090491 1.080558 50.735112 -1.396103  
141 0 Car 0 0 -1.378954 570.077759 173.961334 626.415527 226.642502 1.609268 1.664986 3.204451 -0.332068 1.606917 22.739269 -1.394631  
141 7 Car 0 1 -1.469602 649.470703 173.325317 678.039368 196.927551 1.428985 1.496953 3.384498 3.492459 1.549780 46.798485 -1.394631  
141 19 Car 0 0 -1.765431 871.138672 162.120132 909.023987 182.951279 1.796592 1.670859 3.616551 19.143335 1.057237 49.262475 -1.394631  
142 0 Car 0 0 -1.381498 571.528381 174.900040 630.975159 226.505371 1.609268 1.664986 3.204451 -0.281642 1.646554 22.684868 -1.393011  
142 7 Car 0 1 -1.472301 652.648315 175.526260 681.131958 199.358948 1.428985 1.496953 3.384498 3.563491 1.592357 45.320730 -1.393011  
142 18 Car 0 1 -1.735401 851.039795 167.265930 882.431519 183.728485 1.413191 1.686496 4.095490 19.224840 1.082810 53.362839 -1.393011  
142 19 Car 0 0 -1.774072 875.310364 161.593765 921.966614 184.661865 1.796592 1.670859 3.616551 19.196180 1.033917 47.789838 -1.393011  
143 0 Car 0 0 -1.380875 573.135254 175.071899 630.548828 230.241440 1.609268 1.664986 3.204451 -0.231079 1.699146 22.630330 -1.391570  
143 7 Car 0 1 -1.474860 655.147339 176.357788 684.444092 200.861557 1.428985 1.496953 3.384498 3.634523 1.634935 43.842975 -1.391570  
143 18 Car 0 1 -1.743933 857.793396 168.726089 891.956848 186.554733 1.413191 1.686496 4.095490 19.302949 1.127262 51.860737 -1.391570  
143 19 Car 0 0 -1.786400 882.790039 162.302582 937.675354 187.652893 1.796592 1.670859 3.616551 19.243582 1.067271 46.313440 -1.391570  
144 0 Car 0 0 -1.383624 574.846130 174.872452 634.611938 231.910980 1.609268 1.664986 3.204451 -0.180902 1.715125 22.576176 -1.390318  
144 7 Car 0 1 -1.476593 656.427979 176.698608 687.501587 202.311829 1.428985 1.496953 3.384498 3.654020 1.654190 42.383009 -1.390318  
144 18 Car 0 1 -1.753223 866.024963 168.678406 901.062317 185.775406 1.413191 1.686496 4.095490 19.381058 1.171714 50.358635 -1.390318  
144 19 Car 0 0 -1.797937 894.934875 162.955780 947.308655 187.776703 1.796592 1.670859 3.616551 19.290983 1.100625 44.837043 -1.390318  
145 0 Car 0 0 -1.385543 575.684753 176.089233 637.859863 230.286453 1.609268 1.664986 3.204451 -0.130787 1.725382 22.522081 -1.389406  
145 7 Car 0 1 -1.479917 658.456970 177.800491 691.634949 204.588409 1.428985 1.496953 3.384498 3.673516 1.673444 40.923044 -1.389406  
145 18 Car 0 1 -1.763007 873.622253 169.661102 911.199890 189.547607 1.413191 1.686496 4.095490 19.411966 1.213612 48.917137 -1.389406  
145 19 Car 0 0 -1.808663 906.373169 162.907242 955.899109 191.016159 1.796592 1.670859 3.616551 19.338385 1.133980 43.360645 -1.389406  
146 0 Car 0 0 -1.386020 577.967896 176.910431 637.116333 230.065811 1.609268 1.664986 3.204451 -0.080857 1.717979 22.468172 -1.388816  
146 7 Car 0 1 -1.483033 659.636292 178.712891 695.848206 205.858078 1.428985 1.496953 3.384498 3.693013 1.692699 39.463078 -1.388816  
146 19 Car 0 0 -1.823724 918.647278 162.290344 970.888489 191.931366 1.796592 1.670859 3.616551 19.385787 1.167334 41.884248 -1.388816  
147 0 Car 0 0 -1.387206 578.937195 177.142792 637.956116 230.201706 1.609268 1.664986 3.204451 -0.031512 1.725093 22.416756 -1.388748  
147 7 Car 0 1 -1.486621 662.174744 179.305405 698.634338 207.436142 1.428985 1.496953 3.384498 3.712510 1.711954 38.003112 -1.388748  
147 18 Car 0 1 -1.777906 890.017761 170.400787 920.862793 191.810776 1.413191 1.686496 4.095490 19.473782 1.297407 46.034139 -1.388748  
147 19 Car 0 1 -1.839430 932.981323 163.128342 984.434998 193.293854 1.796592 1.670859 3.616551 19.433189 1.200688 40.407851 -1.388748  
148 0 Car 0 0 -1.388830 579.773987 177.174713 639.669556 231.839890 1.609268 1.664986 3.204451 0.017833 1.732208 22.365340 -1.388605  
148 7 Car 0 1 -1.492673 667.149292 179.715851 702.692627 208.182526 1.428985 1.496953 3.384498 3.732006 1.731209 36.543147 -1.388605  
148 18 Car 0 1 -1.797662 899.470032 170.616760 945.238037 193.040436 1.413191 1.686496 4.095490 19.504691 1.339304 44.592641 -1.388605  
148 19 Car 0 1 -1.849809 940.494751 163.445282 995.759766 195.453278 1.796592 1.670859 3.616551 19.437286 1.275056 38.945191 -1.388605  
149 0 Car 0 0 -1.392018 581.432983 177.166931 642.699402 233.028503 1.609268 1.664986 3.204451 0.067178 1.739323 22.313924 -1.388544  
149 7 Car 0 1 -1.496443 668.200684 180.749634 707.231750 210.807938 1.428985 1.496953 3.384498 3.751503 1.750464 35.083181 -1.388544  
149 18 Car 0 1 -1.809408 907.054871 171.503326 957.998108 195.038208 1.413191 1.686496 4.095490 19.535599 1.381201 43.151142 -1.388544  
149 19 Car 0 0 -1.871771 952.770874 164.196686 1023.556885 198.818909 1.796592 1.670859 3.616551 19.441383 1.349424 37.482532 -1.388544  
150 0 Car 0 0 -1.393006 582.857178 180.139404 643.079529 234.318314 1.609268 1.664986 3.204451 0.116523 1.746437 22.262508 -1.388281  
150 7 Car 0 1 -1.500508 671.357910 184.176941 710.395020 215.279572 1.428985 1.496953 3.384498 3.709411 1.772120 33.623759 -1.388281  
150 18 Car 0 1 -1.824014 918.222778 176.318466 972.759705 199.886093 1.413191 1.686496 4.095490 19.542785 1.658280 41.697013 -1.388281  
150 19 Car 0 0 -1.882446 966.276001 168.814651 1030.299927 204.888962 1.796592 1.670859 3.616551 19.434480 1.520453 36.019168 -1.388281  
151 0 Car 0 0 -1.395583 584.384644 178.179733 644.049866 232.565765 1.609268 1.664986 3.204451 0.165868 1.753552 22.211092 -1.389128  
151 7 Car 0 1 -1.507168 674.331726 181.695145 715.924194 215.114960 1.428985 1.496953 3.384498 3.667318 1.793777 32.164337 -1.389128  
151 18 Car 0 1 -1.838515 927.704041 174.088715 987.410278 198.535553 1.413191 1.686496 4.095490 19.567933 1.449350 40.247313 -1.389128  
151 19 Car 0 0 -1.901395 979.907166 164.890808 1050.710205 202.291031 1.796592 1.670859 3.616551 19.428558 1.370780 34.585790 -1.389128  
152 0 Car 0 0 -1.397191 585.358948 173.196609 645.521790 228.293304 1.609268 1.664986 3.204451 0.205495 1.742359 22.160606 -1.389041  
152 7 Car 0 1 -1.512951 677.854431 177.011246 720.997253 212.134872 1.428985 1.496953 3.384498 3.685330 1.582465 30.740418 -1.389041  
152 18 Car 0 1 -1.853235 939.411133 168.225616 1002.231201 195.108246 1.413191 1.686496 4.095490 19.581111 1.200419 38.798357 -1.389041  
152 19 Car 0 0 -1.917737 993.574768 159.108093 1068.541748 198.166382 1.796592 1.670859 3.616551 19.422636 1.221107 33.152412 -1.389041  
153 0 Car 0 0 -1.398937 587.735962 174.121109 646.519958 226.897339 1.609268 1.664986 3.204451 0.245123 1.731165 22.110120 -1.388448  
153 7 Car 0 1 -1.516753 678.640564 175.554153 726.655090 213.463562 1.428985 1.496953 3.384498 3.673323 1.564770 29.314806 -1.388448  
153 18 Car 0 1 -1.868855 952.392395 166.898422 1018.753662 193.613754 1.413191 1.686496 4.095490 19.595509 1.067000 37.348193 -1.388448  
153 19 Car 0 0 -1.938801 1011.619751 156.845001 1092.955933 197.498291 1.796592 1.670859 3.616551 19.416713 1.071435 31.719034 -1.388448  
154 0 Car 0 0 -1.400495 588.951660 176.818314 648.076355 229.242554 1.609268 1.664986 3.204451 0.284751 1.719972 22.059634 -1.388085  
154 7 Car 0 1 -1.523691 682.849243 177.946396 733.167236 218.029953 1.428985 1.496953 3.384498 3.679954 1.616273 27.865085 -1.388085  
154 18 Car 0 1 -1.889149 971.694336 165.998413 1037.775513 191.912201 1.413191 1.686496 4.095490 19.611859 1.118401 35.896097 -1.388085  
154 19 Car 0 0 -1.961594 1030.551758 154.705231 1120.693726 199.727798 1.796592 1.670859 3.616551 19.418730 1.070594 30.268618 -1.388085  
155 0 Car 0 0 -1.402478 590.527222 176.847061 649.670532 231.222748 1.609268 1.664986 3.204451 0.324378 1.708779 22.009148 -1.387872  
155 7 Car 0 1 -1.531565 686.898560 179.538910 741.018494 223.100555 1.428985 1.496953 3.384498 3.686584 1.667777 26.415364 -1.387872  
155 18 Car 0 1 -1.901732 978.218140 166.406235 1055.425049 192.987015 1.413191 1.686496 4.095490 19.603940 1.118172 34.484423 -1.387872  
155 19 Car 0 0 -1.981364 1047.205933 156.003738 1145.446655 200.231766 1.796592 1.670859 3.616551 19.420747 1.069753 28.818203 -1.387872  
156 0 Car 0 0 -1.404417 591.642944 176.720795 651.265198 232.320282 1.609268 1.664986 3.204451 0.364006 1.697585 21.958662 -1.387933  
156 7 Car 0 1 -1.539336 690.672485 180.242020 748.617371 225.193878 1.428985 1.496953 3.384498 3.678637 1.663164 24.987990 -1.387933  
156 18 Car 0 1 -1.921839 991.508423 167.402008 1080.721191 195.225952 1.413191 1.686496 4.095490 19.596020 1.117942 33.072749 -1.387933  
156 19 Car 0 1 -2.022249 1106.101074 156.488174 1174.754272 201.481049 1.796592 1.670859 3.616551 19.424030 1.072130 27.395769 -1.387933  
157 0 Car 0 0 -1.406216 593.051880 176.511963 652.450439 230.844955 1.609268 1.664986 3.204451 0.403633 1.686392 21.908176 -1.387935  
157 7 Car 0 1 -1.548545 696.219421 180.762909 756.683777 228.082230 1.428985 1.496953 3.384498 3.670691 1.658551 23.560616 -1.387935  
157 18 Car 0 1 -1.941600 1009.695862 167.435699 1101.471802 197.813354 1.413191 1.686496 4.095490 19.588101 1.117713 31.661075 -1.387935  
157 19 Car 0 1 -2.041199 1089.347168 154.508423 1234.253784 207.604279 1.796592 1.670859 3.616551 19.427313 1.074508 25.973335 -1.387935  
158 0 Car 0 0 -1.408794 593.696777 175.979797 654.293518 230.834412 1.609268 1.664986 3.204451 0.443261 1.675198 21.857690 -1.388790  
158 7 Car 0 1 -1.558959 699.392334 181.106476 767.692261 230.613449 1.428985 1.496953 3.384498 3.662744 1.653938 22.133243 -1.388790  
158 18 Car 0 0 -1.963021 1027.682007 166.109772 1125.040161 197.904297 1.413191 1.686496 4.095490 19.580182 1.117483 30.249401 -1.388790  
158 19 Car 0 0 -2.055555 1117.509033 153.194733 1237.313599 206.684341 1.796592 1.670859 3.616551 19.430596 1.076885 24.550901 -1.388790  
159 0 Car 0 0 -1.410933 595.331177 175.993774 655.386536 231.060181 1.609268 1.664986 3.204451 0.481970 1.684542 21.815092 -1.389039  
159 7 Car 0 1 -1.570682 706.417053 180.723221 777.747864 235.072327 1.428985 1.496953 3.384498 3.660000 1.649074 20.726683 -1.389039  
159 18 Car 0 1 -1.982025 1041.809937 159.700027 1149.781128 199.469040 1.413191 1.686496 4.095490 19.576488 1.112198 28.825044 -1.389039  
159 19 Car 0 0 -2.069363 1147.822144 149.792435 1239.029297 208.681274 1.796592 1.670859 3.616551 19.429098 1.067924 23.129892 -1.389039  
160 0 Car 0 0 -1.412329 597.130127 175.943314 655.968262 232.923019 1.609268 1.664986 3.204451 0.520679 1.693885 21.772494 -1.388787  
160 7 Car 0 1 -1.585226 714.157410 180.637222 792.141235 241.173935 1.428985 1.496953 3.384498 3.657257 1.644210 19.320123 -1.388787  
160 18 Car 0 1 -1.993769 1067.138062 164.285507 1149.831421 198.548111 1.413191 1.686496 4.095490 19.572795 1.106912 27.400686 -1.388787  
160 19 Car 2 1 -2.091244 1198.678833 148.614487 1242.000000 205.907425 1.796592 1.670859 3.616551 19.427600 1.058962 21.708883 -1.388787  
161 0 Car 0 0 -1.415623 599.023499 177.204681 658.391663 233.126587 1.609268 1.664986 3.204451 0.559388 1.703228 21.729897 -1.389091  
161 7 Car 0 1 -1.598163 718.902466 181.081650 806.395630 248.670090 1.428985 1.496953 3.384498 3.654513 1.639346 17.913563 -1.389091  
161 18 Car 0 1 -2.033552 1089.962158 165.128906 1213.627441 203.843323 1.413191 1.686496 4.095490 19.569102 1.101627 25.976329 -1.389091  
162 0 Car 0 0 -1.417339 599.286011 178.605438 659.405396 233.262650 1.609268 1.664986 3.204451 0.598097 1.712572 21.687299 -1.389924  
162 7 Car 0 1 -1.617486 727.710571 184.455902 825.585876 254.659424 1.428985 1.496953 3.384498 3.637118 1.637626 16.471296 -1.389924  
162 18 Car 0 1 -2.054739 1116.310425 165.205368 1233.962524 206.451645 1.413191 1.686496 4.095490 19.565409 1.096342 24.551972 -1.389924  
163 0 Car 0 0 -1.420824 600.312683 177.540558 661.063660 232.088898 1.609268 1.664986 3.204451 0.613524 1.734559 21.632868 -1.391549  
163 7 Car 0 1 -1.638819 735.871948 185.527725 847.529968 261.748596 1.428985 1.496953 3.384498 3.619723 1.635905 15.029028 -1.391549  
163 18 Car 0 1 -2.070180 1142.898560 164.122971 1239.914062 209.612778 1.413191 1.686496 4.095490 19.529320 1.040951 23.150083 -1.391549  
164 0 Car 0 0 -1.421414 598.986511 177.911850 661.759155 233.411926 1.609268 1.664986 3.204451 0.628952 1.756546 21.578437 -1.392576  
164 7 Car 0 1 -1.664683 746.731323 184.575378 875.045471 270.923584 1.428985 1.496953 3.384498 3.602328 1.634185 13.586760 -1.392576  
164 18 Car 2 1 -2.084301 1173.229736 163.447220 1241.101440 205.056747 1.413191 1.686496 4.095490 19.493232 0.985559 21.748194 -1.392576  
165 0 Car 0 0 -1.424693 600.904114 180.566666 661.837891 235.259552 1.609268 1.664986 3.204451 0.644379 1.778533 21.524006 -1.394473  
165 7 Car 0 1 -1.697216 760.701294 190.548737 909.153015 287.503326 1.428985 1.496953 3.384498 3.584936 1.632460 12.171809 -1.394473  
166 0 Car 0 0 -1.425243 599.609985 181.513901 661.357544 235.889328 1.609268 1.664986 3.204451 0.659806 1.800520 21.469574 -1.396252  
166 7 Car 0 1 -1.735576 777.279907 191.740677 951.211182 303.790070 1.428985 1.496953 3.384498 3.567545 1.630735 10.756858 -1.396252  
167 0 Car 0 0 -1.428598 600.185181 179.621887 662.477905 236.332001 1.609268 1.664986 3.204451 0.642896 1.799073 21.395304 -1.398432  
167 7 Car 0 1 -1.783567 794.023438 192.566406 1010.087585 328.604187 1.428985 1.496953 3.384498 3.550153 1.629009 9.341907 -1.398432  
168 0 Car 0 0 -1.431006 600.714966 180.084534 661.451050 234.981979 1.609268 1.664986 3.204451 0.625986 1.797627 21.321034 -1.401184  
168 7 Car 0 1 -1.846031 824.484619 192.710587 1082.570068 346.665497 1.428985 1.496953 3.384498 3.532761 1.627284 7.926955 -1.401184  
169 0 Car 0 0 -1.432984 600.255798 180.267517 661.837219 234.322464 1.609268 1.664986 3.204451 0.609076 1.796180 21.246763 -1.403213  
169 7 Car 0 1 -1.942177 853.636536 196.474960 1228.472534 363.501129 1.428985 1.496953 3.384498 3.506440 1.614245 6.523519 -1.403213  
170 0 Car 0 0 -1.435052 599.931946 180.742783 662.773438 236.243561 1.609268 1.664986 3.204451 0.616327 1.793548 21.172500 -1.404857  
170 7 Car 1 1 -1.974679 905.595825 199.702042 1238.125732 370.452728 1.428985 1.496953 3.384498 3.480120 1.601207 5.120082 -1.404857  
171 0 Car 0 0 -1.436453 601.043274 181.178772 662.313843 238.161362 1.609268 1.664986 3.204451 0.627698 1.801742 21.098017 -1.405807  
171 7 Car 1 1 -2.016745 988.150330 218.853531 1241.575317 370.089874 1.428985 1.496953 3.384498 3.453799 1.588168 3.716646 -1.405807  
172 0 Car 0 0 -1.438248 601.726074 182.396240 662.141357 239.285828 1.609268 1.664986 3.204451 0.639070 1.809935 21.023534 -1.407248  
173 0 Car 0 0 -1.439719 601.886963 182.189819 662.500916 239.177017 1.609268 1.664986 3.204451 0.650442 1.818129 20.949051 -1.408359  
174 0 Car 0 0 -1.441665 601.337769 180.973602 663.059937 239.101715 1.609268 1.664986 3.204451 0.661814 1.826323 20.874569 -1.410299  
175 0 Car 0 0 -1.443680 600.795471 181.846268 664.435486 239.453217 1.609268 1.664986 3.204451 0.652264 1.802882 20.773662 -1.411736  
176 0 Car 0 0 -1.445154 599.312744 180.638931 664.621338 239.590851 1.609268 1.664986 3.204451 0.642714 1.779441 20.672756 -1.414108  
177 0 Car 0 0 -1.447558 599.991272 181.199402 664.829407 239.546875 1.609268 1.664986 3.204451 0.633163 1.756001 20.571849 -1.415898  
178 0 Car 0 0 -1.448933 599.817200 180.260864 664.793030 238.548065 1.609268 1.664986 3.204451 0.623613 1.732560 20.470943 -1.417419  
179 0 Car 0 0 -1.449940 598.683838 179.344757 664.668579 239.084244 1.609268 1.664986 3.204451 0.604150 1.727842 20.383501 -1.419297  
180 0 Car 0 0 -1.451610 598.866089 179.737610 664.286621 239.089966 1.609268 1.664986 3.204451 0.584687 1.723123 20.296059 -1.421105  
181 0 Car 0 0 -1.452126 596.673340 179.075378 665.089172 239.288101 1.609268 1.664986 3.204451 0.565224 1.718405 20.208618 -1.422584  
182 0 Car 0 0 -1.454568 598.344666 177.807907 664.576721 238.956024 1.609268 1.664986 3.204451 0.567824 1.674901 20.132034 -1.424224  
183 0 Car 0 0 -1.454012 597.450867 175.776520 662.704346 236.585068 1.609268 1.664986 3.204451 0.570423 1.631397 20.055451 -1.425583  
184 0 Car 0 0 -1.454007 595.805359 173.730698 662.151978 235.277847 1.609268 1.664986 3.204451 0.573023 1.587892 19.978867 -1.427100  
185 0 Car 0 0 -1.455300 595.977539 171.894363 661.742493 233.888397 1.609268 1.664986 3.204451 0.545843 1.585806 19.895815 -1.428557  
186 0 Car 0 0 -1.456452 594.840149 172.629700 661.873169 235.429810 1.609268 1.664986 3.204451 0.518663 1.583720 19.812762 -1.430406  
187 0 Car 0 0 -1.457731 596.104248 173.718216 660.543152 232.858948 1.609268 1.664986 3.204451 0.515840 1.594153 19.773057 -1.431731  
188 0 Car 0 0 -1.459670 595.403748 173.243301 662.178345 234.262009 1.609268 1.664986 3.204451 0.513016 1.604586 19.733351 -1.433023  
189 0 Car 0 0 -1.461251 595.554565 174.215820 662.551636 236.664200 1.609268 1.664986 3.204451 0.510193 1.615019 19.693646 -1.434241  
190 0 Car 0 0 -1.460374 594.394165 172.783783 660.925354 236.870239 1.609268 1.664986 3.204451 0.507370 1.625453 19.653941 -1.435293  
191 0 Car 0 0 -1.463850 596.215393 175.688370 662.189514 236.873978 1.609268 1.664986 3.204451 0.509250 1.635523 19.631472 -1.436633  
192 0 Car 0 0 -1.465251 596.293762 177.470657 662.491577 238.765442 1.609268 1.664986 3.204451 0.511130 1.645593 19.609002 -1.437770  
193 0 Car 0 0 -1.466724 596.068359 177.946259 662.926025 239.862305 1.609268 1.664986 3.204451 0.513009 1.655663 19.586533 -1.439099  
194 0 Car 0 0 -1.468162 595.762573 177.962891 663.283447 239.909637 1.609268 1.664986 3.204451 0.508325 1.665823 19.582275 -1.440501  
195 0 Car 0 0 -1.469806 595.700867 177.730072 663.473206 240.806808 1.609268 1.664986 3.204451 0.503641 1.675983 19.578018 -1.442056  
196 0 Car 0 0 -1.470717 595.703979 177.455063 663.566467 240.727066 1.609268 1.664986 3.204451 0.498957 1.686143 19.573760 -1.442900  
197 0 Car 0 0 -1.472208 595.672058 177.830505 663.889282 240.939667 1.609268 1.664986 3.204451 0.494273 1.696303 19.569502 -1.444190  
198 0 Car 0 0 -1.473547 595.142639 177.083008 664.315735 240.284058 1.609268 1.664986 3.204451 0.503119 1.692453 19.583745 -1.445600  
199 0 Car 0 0 -1.475277 596.152771 176.988632 664.194824 238.424438 1.609268 1.664986 3.204451 0.511964 1.688604 19.597988 -1.446715  
200 0 Car 0 0 -1.476543 596.411011 175.316757 663.880188 237.122711 1.609268 1.664986 3.204451 0.520809 1.684754 19.612231 -1.448020  
201 0 Car 0 0 -1.476756 595.261719 176.865417 663.363342 239.849426 1.609268 1.664986 3.204451 0.529655 1.680905 19.626474 -1.449386  
202 0 Car 0 0 -1.479905 596.097656 176.192703 664.470825 238.181747 1.609268 1.664986 3.204451 0.527832 1.682927 19.652832 -1.451189  
203 0 Car 0 0 -1.481607 595.861206 176.903259 663.978149 239.011475 1.609268 1.664986 3.204451 0.526009 1.684949 19.679190 -1.453396  
204 0 Car 0 0 -1.483301 595.776794 177.430130 663.804321 239.993591 1.609268 1.664986 3.204451 0.524187 1.686972 19.705548 -1.455269  
205 0 Car 0 0 -1.484950 595.682617 178.317398 663.988953 240.754959 1.609268 1.664986 3.204451 0.522364 1.688994 19.731906 -1.456856  
206 0 Car 0 0 -1.486649 595.689148 177.933075 664.301453 240.145523 1.609268 1.664986 3.204451 0.520542 1.691016 19.758263 -1.458334  
207 0 Car 0 0 -1.488679 595.323914 177.341476 664.440369 240.022095 1.609268 1.664986 3.204451 0.518719 1.693039 19.784621 -1.460520  
208 0 Car 0 0 -1.488630 593.476440 177.735062 663.442139 239.010147 1.609268 1.664986 3.204451 0.516897 1.695061 19.810979 -1.462442  
209 0 Car 0 0 -1.492028 595.016724 177.288589 663.228638 239.410339 1.609268 1.664986 3.204451 0.484560 1.697693 19.864326 -1.464921  
210 0 Car 0 0 -1.494088 593.808777 179.587021 662.294983 240.008850 1.609268 1.664986 3.204451 0.452224 1.700325 19.917672 -1.468465  
211 0 Car 0 0 -1.494504 591.897949 177.373703 659.768311 238.651459 1.609268 1.664986 3.204451 0.419888 1.702957 19.971019 -1.471953  
212 0 Car 0 0 -1.496111 590.563660 177.927475 657.511475 237.424652 1.609268 1.664986 3.204451 0.381410 1.702493 20.026612 -1.476048  
213 0 Car 0 0 -1.497006 588.070740 177.865067 655.968140 238.609573 1.609268 1.664986 3.204451 0.342931 1.702030 20.082206 -1.479739  
214 0 Car 0 0 -1.499725 588.595703 178.141510 654.923279 238.244827 1.609268 1.664986 3.204451 0.304453 1.701566 20.137800 -1.482818  
215 0 Car 0 0 -1.501107 586.935913 177.853500 652.751526 237.035934 1.609268 1.664986 3.204451 0.271372 1.700987 20.210117 -1.486855  
216 0 Car 0 0 -1.502712 585.390442 176.880798 651.789368 236.035049 1.609268 1.664986 3.204451 0.238292 1.700408 20.282435 -1.490197  
217 0 Car 0 0 -1.504267 584.382263 177.205032 650.187683 235.446457 1.609268 1.664986 3.204451 0.205211 1.699829 20.354753 -1.493560  
218 0 Car 0 0 -1.505123 582.990662 177.569305 648.731384 235.787277 1.609268 1.664986 3.204451 0.178257 1.699167 20.449834 -1.496390  
219 0 Car 0 0 -1.506348 581.915649 178.090164 647.089172 237.117081 1.609268 1.664986 3.204451 0.151303 1.698506 20.544915 -1.499498  
220 0 Car 0 0 -1.506568 580.972168 178.338943 645.884094 236.675919 1.609268 1.664986 3.204451 0.124348 1.697844 20.639996 -1.501206  
221 0 Car 0 0 -1.507382 580.140747 178.011200 645.141846 235.477982 1.609268 1.664986 3.204451 0.097394 1.697183 20.735077 -1.503110  
222 0 Car 0 0 -1.508838 579.153809 177.704193 643.580078 235.834976 1.609268 1.664986 3.204451 0.095832 1.708578 20.846680 -1.506332  
223 0 Car 0 0 -1.512192 580.478149 178.085205 644.443359 236.703659 1.609268 1.664986 3.204451 0.094270 1.719973 20.958283 -1.508171  
224 0 Car 0 0 -1.512621 579.248230 178.641968 642.716370 237.322586 1.609268 1.664986 3.204451 0.092708 1.731367 21.069886 -1.510649  
225 0 Car 0 0 -1.514937 579.742371 178.291626 641.795105 236.419174 1.609268 1.664986 3.204451 0.091147 1.742762 21.181490 -1.513261  
226 0 Car 0 0 -1.516691 579.793274 178.125748 639.423279 236.175415 1.609268 1.664986 3.204451 0.073327 1.754383 21.289842 -1.516623  
227 0 Car 0 0 -1.518627 578.335388 177.561462 638.303467 236.126038 1.609268 1.664986 3.204451 0.055507 1.766004 21.398195 -1.520346  
228 0 Car 0 0 -1.521156 578.329712 178.979080 637.248657 237.597763 1.609268 1.664986 3.204451 0.037687 1.777625 21.506547 -1.523609  
229 0 Car 0 0 -1.524206 577.061646 180.255951 637.922729 236.674667 1.609268 1.664986 3.204451 0.019868 1.789246 21.614900 -1.527071  
230 0 Car 0 0 -1.526692 576.254639 180.358963 637.332397 236.371811 1.609268 1.664986 3.204451 0.002048 1.800866 21.723253 -1.530525  
231 0 Car 0 0 -1.530217 576.078735 180.551895 636.630920 235.851685 1.609268 1.664986 3.204451 -0.015772 1.812487 21.831605 -1.534658  
232 0 Car 0 0 -1.532410 576.206360 180.264893 634.674988 235.909561 1.609268 1.664986 3.204451 -0.027356 1.808824 21.921446 -1.538118  
233 0 Car 0 0 -1.535760 575.879700 180.306641 634.637939 233.924149 1.609268 1.664986 3.204451 -0.038941 1.805162 22.011287 -1.541720  
234 0 Car 0 0 -1.537301 574.022583 180.331863 633.958740 235.578171 1.609268 1.664986 3.204451 -0.050526 1.801499 22.101128 -1.545018  
235 0 Car 0 0 -1.540711 574.012085 180.025436 634.191895 233.468552 1.609268 1.664986 3.204451 -0.062111 1.797836 22.190969 -1.548274  
236 0 Car 0 0 -1.543701 573.819153 180.162735 633.742371 234.101089 1.609268 1.664986 3.204451 -0.066419 1.790862 22.295503 -1.551710  
237 0 Car 0 0 -1.546481 573.946045 179.950150 633.452637 233.215073 1.609268 1.664986 3.204451 -0.070727 1.783889 22.400037 -1.554602  
238 0 Car 0 0 -1.549968 574.467224 179.102081 633.261108 232.953369 1.609268 1.664986 3.204451 -0.075035 1.776915 22.504572 -1.557861  
239 0 Car 0 0 -1.554058 574.851562 177.964600 634.586975 231.314621 1.609268 1.664986 3.204451 -0.079343 1.769941 22.609106 -1.560766  
240 0 Car 0 0 -1.557147 574.967834 177.601913 634.215332 229.194214 1.609268 1.664986 3.204451 -0.083651 1.762967 22.713640 -1.564032  
241 0 Car 0 0 -1.560216 574.559326 177.781891 634.581848 229.182510 1.609268 1.664986 3.204451 -0.087958 1.755994 22.818175 -1.567130  
242 0 Car 0 0 -1.564501 576.755371 177.331604 634.264771 229.665207 1.609268 1.664986 3.204451 -0.073563 1.740589 22.886161 -1.570113  
243 0 Car 0 0 -1.567916 576.160461 178.013565 635.723389 229.863861 1.609268 1.664986 3.204451 -0.059168 1.725185 22.954147 -1.572930  
244 0 Car 0 0 -1.571224 576.002747 177.068268 636.187439 229.272919 1.609268 1.664986 3.204451 -0.044773 1.709781 23.022133 -1.576025  
245 0 Car 0 0 -1.575394 578.324829 176.714523 636.110352 227.840149 1.609268 1.664986 3.204451 -0.030378 1.694376 23.090119 -1.578639  
246 0 Car 0 0 -1.578378 578.401917 177.452988 636.602356 228.143967 1.609268 1.664986 3.204451 -0.005030 1.695627 23.147538 -1.581229  
247 0 Car 0 0 -1.583369 580.134949 176.474518 637.751587 227.899216 1.609268 1.664986 3.204451 0.020317 1.696878 23.204958 -1.584223  
248 0 Car 0 0 -1.586931 579.717041 176.787460 638.907654 228.514664 1.609268 1.664986 3.204451 0.045664 1.698129 23.262378 -1.587273  
249 0 Car 0 0 -1.591562 581.412170 176.928696 639.351807 227.807556 1.609268 1.664986 3.204451 0.071011 1.699381 23.319798 -1.590422  
250 0 Car 0 0 -1.596376 583.416382 176.438354 639.566833 227.943970 1.609268 1.664986 3.204451 0.096359 1.700632 23.377217 -1.593698  
251 0 Car 0 0 -1.599178 584.161438 177.047546 639.104553 227.940018 1.609268 1.664986 3.204451 0.121706 1.701883 23.434637 -1.596304  
252 0 Car 0 0 -1.603593 583.645813 176.331818 641.682556 226.871033 1.609268 1.664986 3.204451 0.166506 1.713896 23.477482 -1.599290  
253 0 Car 0 0 -1.608422 584.858215 177.233810 643.562866 227.824554 1.609268 1.664986 3.204451 0.211305 1.725909 23.520327 -1.601976  
254 0 Car 0 0 -1.612072 587.007751 178.588852 643.250427 230.211349 1.609268 1.664986 3.204451 0.256105 1.737923 23.563171 -1.604353  
255 0 Car 0 0 -1.616946 588.106750 177.813309 644.946411 229.659286 1.609268 1.664986 3.204451 0.300905 1.749936 23.606016 -1.607290  
256 0 Car 0 0 -1.621240 589.219666 179.326889 645.925598 227.414337 1.609268 1.664986 3.204451 0.345705 1.761950 23.648861 -1.610134  
257 0 Car 0 0 -1.625344 591.151733 177.993011 646.375488 228.396286 1.609268 1.664986 3.204451 0.381015 1.755943 23.675336 -1.612588  
258 0 Car 0 0 -1.630556 592.607727 179.043900 648.805847 227.038422 1.609268 1.664986 3.204451 0.416326 1.749936 23.701810 -1.615108  
259 0 Car 0 0 -1.633370 592.880859 177.431610 649.132080 229.546661 1.609268 1.664986 3.204451 0.451636 1.743930 23.728285 -1.617507  
260 0 Car 0 0 -1.637378 593.964417 178.099243 649.372009 230.247803 1.609268 1.664986 3.204451 0.486946 1.737923 23.754760 -1.620597  
261 0 Car 0 0 -1.641588 595.794617 177.839905 650.192444 229.357681 1.609268 1.664986 3.204451 0.522257 1.731917 23.781235 -1.622971  
262 0 Car 0 0 -1.645722 596.915466 176.841202 651.533569 229.066895 1.609268 1.664986 3.204451 0.557567 1.725910 23.807709 -1.625400  
263 0 Car 0 0 -1.650460 597.507690 178.473175 654.091919 228.774475 1.609268 1.664986 3.204451 0.588424 1.739559 23.826565 -1.627956  
264 0 Car 0 0 -1.654604 598.835999 178.485733 654.984924 229.447174 1.609268 1.664986 3.204451 0.619281 1.753208 23.845421 -1.630561  
264 10 Car 0 1 -1.613818 587.989746 176.084457 606.964905 192.176682 1.405559 1.534839 3.368124 -1.081761 2.001910 77.099286 -1.630561  
265 0 Car 0 0 -1.657746 600.616394 177.505585 654.517944 229.753433 1.609268 1.664986 3.204451 0.650137 1.766858 23.864277 -1.632794  
265 10 Car 0 0 -1.612333 584.456421 176.613922 605.131287 193.127884 1.405559 1.534839 3.368124 -1.450902 1.988679 74.150167 -1.632794  
266 0 Car 0 0 -1.660804 600.141968 178.295609 655.950989 229.961411 1.609268 1.664986 3.204451 0.676834 1.764516 23.871975 -1.635188  
266 9 Car 2 2 -1.642111 601.318420 174.061554 627.791687 196.091278 1.437378 1.606182 3.660790 0.610259 1.848311 69.503058 -1.635188  
266 10 Car 0 0 -1.607737 578.416565 175.968109 601.079224 193.009506 1.405559 1.534839 3.368124 -1.820043 1.975448 71.201047 -1.635188  
267 0 Car 0 0 -1.664556 601.701660 178.754395 656.150452 228.785004 1.609268 1.664986 3.204451 0.703530 1.762175 23.879674 -1.637722  
267 9 Car 0 2 -1.644743 597.889038 174.386948 631.361389 194.956680 1.437378 1.606182 3.660790 0.236587 1.840923 66.367807 -1.637722  
267 10 Car 0 0 -1.605365 573.704956 176.242905 598.704224 193.264984 1.405559 1.534839 3.368124 -2.189184 1.962217 68.251927 -1.637722  
268 0 Car 0 0 -1.667344 601.473877 179.665298 657.141602 228.455841 1.609268 1.664986 3.204451 0.730227 1.759834 23.887373 -1.639981  
268 9 Car 0 2 -1.632684 594.201355 178.450439 614.387756 195.649918 1.437378 1.606182 3.660790 -0.137085 1.833535 63.232557 -1.639981  
268 10 Car 0 0 -1.600184 567.473999 177.428131 594.185364 195.230988 1.405559 1.534839 3.368124 -2.558325 1.948986 65.302807 -1.639981  
269 0 Car 0 0 -1.671797 603.952148 179.283234 657.211304 229.132172 1.609268 1.664986 3.204451 0.756923 1.757493 23.895072 -1.642669  
269 9 Car 0 1 -1.630668 589.042419 177.456299 612.756348 195.901352 1.437378 1.606182 3.660790 -0.510757 1.826147 60.097306 -1.642669  
269 10 Car 0 0 -1.594086 562.297974 177.837921 586.655640 196.303146 1.405559 1.534839 3.368124 -2.927466 1.935755 62.353688 -1.642669  
270 0 Car 0 0 -1.675670 604.956848 178.172470 658.377747 228.432755 1.609268 1.664986 3.204451 0.783619 1.755151 23.902771 -1.645039  
270 9 Car 0 1 -1.628043 584.515198 177.161942 610.073486 196.758331 1.437378 1.606182 3.660790 -0.884430 1.818760 56.962055 -1.645039  
270 10 Car 0 0 -1.587037 555.046448 178.285736 580.276367 197.027924 1.405559 1.534839 3.368124 -3.296607 1.922524 59.404568 -1.645039  
271 0 Car 0 0 -1.678929 605.848145 177.391342 658.861938 229.087601 1.609268 1.664986 3.204451 0.810316 1.752810 23.910470 -1.647347  
271 9 Car 0 0 -1.622844 576.775635 177.384628 606.976562 198.245026 1.437378 1.606182 3.660790 -1.258102 1.811372 53.826805 -1.647347  
271 10 Car 0 0 -1.581317 547.347107 177.701492 576.347046 197.927841 1.405559 1.534839 3.368124 -3.665748 1.909293 56.455449 -1.647347  
272 0 Car 0 0 -1.682574 606.152893 178.748993 660.253784 229.223190 1.609268 1.664986 3.204451 0.817816 1.750080 23.927209 -1.649817  
272 9 Car 0 0 -1.618157 571.125610 177.635712 602.290771 199.387924 1.437378 1.606182 3.660790 -1.555869 1.791929 50.642378 -1.649817  
272 10 Car 0 0 -1.573480 540.019226 178.202820 568.724792 199.582031 1.405559 1.534839 3.368124 -3.980781 1.888015 53.457444 -1.649817  
273 0 Car 0 0 -1.685525 606.794006 177.194962 660.331543 229.050217 1.609268 1.664986 3.204451 0.825316 1.747350 23.943949 -1.652270  
273 9 Car 0 0 -1.612031 564.229980 177.246719 596.789917 202.192047 1.437378 1.606182 3.660790 -1.853636 1.772487 47.457952 -1.652270  
273 10 Car 0 0 -1.565648 531.058228 179.389420 562.745117 200.936310 1.405559 1.534839 3.368124 -4.295814 1.866737 50.459439 -1.652270  
274 0 Car 0 0 -1.688558 606.798645 177.056656 660.830750 227.995819 1.609268 1.664986 3.204451 0.832816 1.744619 23.960689 -1.654954  
274 9 Car 0 0 -1.605629 556.527466 178.395325 591.353699 203.505081 1.437378 1.606182 3.660790 -2.151403 1.753044 44.273525 -1.654954  
274 10 Car 0 0 -1.556112 520.779663 180.007477 555.236206 203.071625 1.405559 1.534839 3.368124 -4.610847 1.845459 47.461434 -1.654954  
275 0 Car 0 0 -1.691515 607.343140 176.981705 661.666992 228.544250 1.609268 1.664986 3.204451 0.869553 1.714159 23.972064 -1.656956  
275 9 Car 0 0 -1.596745 546.607788 178.599762 585.517090 205.055618 1.437378 1.606182 3.660790 -2.449170 1.733602 41.089098 -1.656956  
275 10 Car 0 1 -1.544880 510.433441 179.968948 546.271240 204.753098 1.405559 1.534839 3.368124 -4.925881 1.824181 44.463429 -1.656956  
276 0 Car 0 0 -1.694616 606.985840 176.383041 662.742859 227.350327 1.609268 1.664986 3.204451 0.906291 1.683699 23.983440 -1.659560  
276 9 Car 0 0 -1.587027 535.508606 178.452072 578.755066 206.963974 1.437378 1.606182 3.660790 -2.746937 1.714159 37.904672 -1.659560  
276 10 Car 0 1 -1.533709 498.537750 178.944458 538.004211 206.150055 1.405559 1.534839 3.368124 -5.240914 1.802904 41.465425 -1.659560  
277 0 Car 0 0 -1.698762 609.165894 175.930679 663.718567 227.063736 1.609268 1.664986 3.204451 0.943029 1.653239 23.994816 -1.661522  
277 9 Car 0 0 -1.577590 525.978271 178.276108 571.735779 209.532394 1.437378 1.606182 3.660790 -2.936233 1.715961 34.754886 -1.661522  
277 10 Car 0 1 -1.518375 483.963440 179.022400 527.160950 208.108414 1.405559 1.534839 3.368124 -5.472104 1.796643 38.386141 -1.661522  
278 0 Car 0 0 -1.701612 610.058105 176.120300 663.211731 226.728348 1.609268 1.664986 3.204451 0.937719 1.676918 24.009032 -1.664104  
278 9 Car 0 0 -1.563813 510.527740 179.070267 563.375000 213.526184 1.437378 1.606182 3.660790 -3.125529 1.717763 31.605100 -1.664104  
278 10 Car 0 1 -1.504044 467.394135 180.337158 518.752747 211.293396 1.405559 1.534839 3.368124 -5.703295 1.790382 35.306858 -1.664104  
279 0 Car 0 0 -1.705686 610.178833 176.150101 665.802124 226.125381 1.609268 1.664986 3.204451 0.962987 1.677655 24.034512 -1.666302  
279 9 Car 0 0 -1.548372 494.441223 179.371628 553.701233 218.064514 1.437378 1.606182 3.660790 -3.314825 1.719565 28.455314 -1.666302  
279 10 Car 0 1 -1.484414 448.785767 180.342163 504.920959 214.888565 1.405559 1.534839 3.368124 -5.934485 1.784122 32.227575 -1.666302  
280 0 Car 0 0 -1.707795 609.837463 177.873215 665.831177 226.876724 1.609268 1.664986 3.204451 0.988255 1.678393 24.059992 -1.668628  
280 9 Car 0 0 -1.528015 472.043457 181.299088 542.811829 224.876328 1.437378 1.606182 3.660790 -3.475309 1.727683 25.246563 -1.668628  
280 10 Car 0 1 -1.460384 427.663391 182.448654 486.523254 219.445862 1.405559 1.534839 3.368124 -6.094313 1.791508 29.123846 -1.668628  
281 0 Car 0 0 -1.712039 612.190674 177.530457 666.157471 227.228256 1.609268 1.664986 3.204451 1.013523 1.679130 24.085472 -1.671018  
281 9 Car 0 0 -1.504328 446.945160 182.692169 529.374268 232.309174 1.437378 1.606182 3.660790 -3.635793 1.735801 22.037811 -1.671018  
281 10 Car 0 1 -1.429542 396.614532 183.553497 467.100616 226.540894 1.405559 1.534839 3.368124 -6.254142 1.798894 26.020117 -1.671018  
282 0 Car 0 0 -1.715195 612.016052 176.706528 667.137390 228.251144 1.609268 1.664986 3.204451 1.038790 1.679868 24.110951 -1.673617  
282 9 Car 0 0 -1.475112 416.254852 184.463608 512.583435 244.006454 1.437378 1.606182 3.660790 -3.744439 1.726409 18.885707 -1.673617  
282 10 Car 0 1 -1.387538 359.090027 185.633499 435.552917 234.238327 1.405559 1.534839 3.368124 -6.413970 1.806281 22.916387 -1.673617  
283 0 Car 0 0 -1.718680 613.367981 176.903244 667.983215 228.277298 1.609268 1.664986 3.204451 1.060809 1.680645 24.152691 -1.675582  
283 9 Car 0 0 -1.429154 366.034607 185.714386 490.092316 260.527313 1.437378 1.606182 3.660790 -3.853085 1.717017 15.733603 -1.675582  
283 10 Car 0 2 -1.338685 314.650574 186.839859 399.031738 243.978363 1.405559 1.534839 3.368124 -6.573798 1.813667 19.812658 -1.675582  
284 0 Car 0 0 -1.722347 616.009949 176.571945 667.462830 226.498215 1.609268 1.664986 3.204451 1.082827 1.681423 24.194431 -1.677782  
284 9 Car 0 0 -1.359755 287.051025 190.121521 457.005341 286.735352 1.437378 1.606182 3.660790 -3.961731 1.707625 12.581499 -1.677782  
284 10 Car 0 2 -1.273914 246.417862 190.571228 355.987701 260.360443 1.405559 1.534839 3.368124 -6.665186 1.788682 16.733858 -1.677782  
285 0 Car 0 0 -1.726221 615.364746 177.090454 669.581543 226.748276 1.609268 1.664986 3.204451 1.104845 1.682200 24.236171 -1.680637  
285 9 Car 0 0 -1.248890 150.799057 196.169403 403.442108 327.361725 1.437378 1.606182 3.660790 -4.027496 1.697554 9.483366 -1.680637  
285 10 Car 0 2 -1.176027 146.976929 190.741745 275.126678 270.096954 1.405559 1.534839 3.368124 -6.756575 1.763698 13.655058 -1.680637  
286 0 Car 0 0 -1.729366 615.919006 177.190872 669.587891 226.363388 1.609268 1.664986 3.204451 1.126863 1.682977 24.277912 -1.683393  
286 9 Car 1 0 -1.124158 0.000000 199.092529 315.920013 374.346832 1.437378 1.606182 3.660790 -4.093262 1.687483 6.385233 -1.683393  
287 0 Car 0 0 -1.733262 617.816895 176.821228 670.554810 226.254349 1.609268 1.664986 3.204451 1.148882 1.683755 24.319652 -1.685309  
287 9 Car 1 0 -1.039950 0.119189 240.342606 132.497437 373.592987 1.437378 1.606182 3.660790 -4.118555 1.676257 3.489400 -1.685309  
287 10 Car 1 3 -1.050665 0.077817 207.722290 156.574722 299.441193 1.405559 1.534839 3.368124 -6.813152 1.767312 8.331286 -1.685309  
288 0 Car 0 0 -1.737626 618.643127 176.361618 672.410645 225.999237 1.609268 1.664986 3.204451 1.170900 1.684532 24.361392 -1.687819  
289 0 Car 0 0 -1.740891 618.408813 177.019104 672.443970 225.581375 1.609268 1.664986 3.204451 1.166132 1.685861 24.436432 -1.691222  
290 0 Car 0 0 -1.744797 619.139954 176.457214 672.060974 225.736618 1.609268 1.664986 3.204451 1.161364 1.687190 24.511473 -1.694888  
291 0 Car 0 0 -1.748338 618.343567 176.046661 672.011597 225.811096 1.609268 1.664986 3.204451 1.156596 1.688520 24.586513 -1.699013  
292 0 Car 0 0 -1.751734 617.221558 176.221786 671.936523 226.105988 1.609268 1.664986 3.204451 1.151828 1.689849 24.661554 -1.703237  
293 0 Car 0 0 -1.755524 617.810181 176.410416 670.728149 225.735397 1.609268 1.664986 3.204451 1.147060 1.691178 24.736594 -1.707455  
