1 0 Car 1 0 -2.142811 897.921753 216.579208 1242.000000 374.500153 1.271084 1.531925 3.951362 3.288779 1.605986 4.728607 -1.574858  
2 0 Car 1 0 -2.163424 932.468567 230.577530 1241.874023 371.303528 1.271084 1.531925 3.951362 3.272525 1.605202 4.026252 -1.578704  
3 0 Car 1 0 -2.187259 979.157715 255.403854 1238.390869 375.000000 1.271084 1.531925 3.951362 3.256271 1.604419 3.323897 -1.582006  
83 67 Car 0 2 -1.527829 451.700104 175.069138 497.755585 200.790298 1.436607 1.615587 3.914116 -8.968148 1.680401 44.614436 -1.712565  
84 67 Car 0 0 -1.519147 440.975342 176.407730 492.033539 201.827301 1.436607 1.615587 3.914116 -8.971200 1.721222 43.903968 -1.714873  
85 67 Car 0 1 -1.523532 445.982483 177.277481 489.507141 203.224106 1.436607 1.615587 3.914116 -9.084517 1.806096 43.214761 -1.717603  
86 67 Car 0 1 -1.520364 439.533783 177.407196 486.537811 203.209381 1.436607 1.615587 3.914116 -9.337330 1.767020 42.555038 -1.720711  
87 67 Car 0 2 -1.514636 430.154022 177.408478 483.035797 203.666122 1.436607 1.615587 3.914116 -9.442880 1.715771 41.865398 -1.723541  
88 67 Car 0 2 -1.512450 427.591003 176.623993 478.711975 202.919479 1.436607 1.615587 3.914116 -9.548431 1.664522 41.175757 -1.725917  
89 67 Car 0 1 -1.509130 423.137665 176.502975 473.545135 203.087524 1.436607 1.615587 3.914116 -9.651439 1.639518 40.501796 -1.728955  
90 67 Car 0 0 -1.504849 417.076263 176.682617 468.768341 204.307770 1.436607 1.615587 3.914116 -9.790520 1.678115 39.835277 -1.731816  
91 67 Car 0 1 -1.500925 412.490417 176.932114 463.278381 204.730286 1.436607 1.615587 3.914116 -9.929601 1.716713 39.168758 -1.734511  
92 67 Car 0 2 -1.491298 403.661011 179.259293 453.866882 209.100601 1.436607 1.615587 3.914116 -10.041309 1.764110 38.494716 -1.736813  
93 67 Car 0 2 -1.491404 400.930206 180.148117 452.476288 210.639435 1.436607 1.615587 3.914116 -10.153018 1.811508 37.820674 -1.739604  
94 67 Car 0 1 -1.488562 396.451691 180.006500 448.287872 211.549942 1.436607 1.615587 3.914116 -10.229056 1.827930 37.154067 -1.742397  
95 67 Car 0 1 -1.481434 389.953796 181.163925 439.833801 211.250183 1.436607 1.615587 3.914116 -10.305094 1.844352 36.487461 -1.744952  
96 67 Car 0 1 -1.476364 385.234375 181.042450 433.367615 212.099655 1.436607 1.615587 3.914116 -10.381132 1.860774 35.820854 -1.747094  
97 67 Car 0 1 -1.468009 376.132080 180.948746 425.286438 211.471359 1.436607 1.615587 3.914116 -10.571928 1.839926 35.173863 -1.749760  
98 67 Car 0 1 -1.463843 371.006622 181.204163 419.836853 212.969864 1.436607 1.615587 3.914116 -10.762725 1.819077 34.526872 -1.752342  
100 67 Car 0 1 -1.428761 337.222595 182.363434 389.278046 216.815277 1.436607 1.615587 3.914116 -10.843602 1.881621 33.198751 -1.757724  
129 67 Car 2 3 -1.195358 0.562596 180.582748 49.703686 244.818466 1.436607 1.615587 3.914116 -13.404558 1.598690 14.458063 -1.876150  
