22 0 Car 0 0 -1.418513 510.885773 163.965866 560.918640 195.192352 1.500000 1.589289 3.603515 -3.488020 0.637369 33.119668 -1.514643  
22 15 Car 0 2 -1.432921 528.847412 164.776855 563.494080 188.896240 1.355712 1.569157 4.063350 -3.427879 0.405795 41.948646 -1.514643  
22 16 Car 0 1 -1.481799 570.018127 164.140518 591.683594 180.886520 1.500000 1.697545 4.453753 -2.344281 0.078920 69.546662 -1.514643  
23 0 Car 0 0 -1.418876 515.586182 163.855270 565.343445 195.139832 1.500000 1.589289 3.603515 -3.284676 0.648573 32.625381 -1.508609  
23 15 Car 0 1 -1.440636 545.865234 165.666229 566.028625 187.795074 1.355712 1.569157 4.063350 -3.161764 0.473050 41.366137 -1.508609  
23 16 Car 0 1 -1.480655 574.524719 164.706497 594.098511 181.215881 1.500000 1.697545 4.453753 -1.950833 0.069994 69.517080 -1.508609  
24 0 Car 0 0 -1.417991 517.938354 163.482773 569.622681 197.025620 1.500000 1.589289 3.603515 -3.081333 0.659778 32.131093 -1.503070  
24 15 Car 0 0 -1.438485 544.706909 165.347916 571.998291 189.951202 1.355712 1.569157 4.063350 -2.895649 0.540305 40.783628 -1.503070  
24 16 Car 0 0 -1.480687 576.954712 164.426987 599.549988 182.962982 1.500000 1.697545 4.453753 -1.557386 0.061068 69.487499 -1.503070  
25 0 Car 0 0 -1.416236 521.579956 164.435562 571.470032 197.641251 1.500000 1.589289 3.603515 -2.877989 0.670982 31.636806 -1.497461  
25 16 Car 0 0 -1.479974 579.687378 164.779633 603.744934 182.635406 1.500000 1.697545 4.453753 -1.211399 0.052302 69.560633 -1.497461  
26 0 Car 0 0 -1.416507 524.778381 163.427734 575.526306 197.948227 1.500000 1.589289 3.603515 -2.674646 0.682186 31.142519 -1.492633  
26 15 Car 0 2 -1.435753 548.873352 163.100037 578.769409 188.722656 1.355712 1.569157 4.063350 -2.446121 0.538403 39.645123 -1.492633  
26 16 Car 0 0 -1.481003 583.090027 163.461716 608.625977 182.941986 1.500000 1.697545 4.453753 -0.865412 0.043537 69.633766 -1.492633  
27 0 Car 0 0 -1.416903 527.980042 163.530655 581.173706 196.189804 1.500000 1.589289 3.603515 -2.524259 0.714898 30.639650 -1.486805  
27 16 Car 0 0 -1.478761 585.867798 165.002716 610.919678 181.425278 1.500000 1.697545 4.453753 -0.754645 0.058735 69.619899 -1.486805  
28 0 Car 0 0 -1.415893 528.490784 162.646332 582.448792 197.213531 1.500000 1.589289 3.603515 -2.373872 0.747610 30.136781 -1.484538  
28 16 Car 0 0 -1.479705 588.940613 164.623978 612.388855 181.800735 1.500000 1.697545 4.453753 -0.643878 0.073933 69.606031 -1.484538  
29 0 Car 0 0 -1.413545 527.721191 165.224304 579.595703 200.234009 1.500000 1.589289 3.603515 -2.405546 0.783566 29.511427 -1.484739  
29 16 Car 0 0 -1.479521 589.727966 165.735855 611.055481 183.110413 1.500000 1.697545 4.453753 -0.938633 0.229782 69.616368 -1.484739  
30 0 Car 0 0 -1.411895 524.535339 166.839111 576.088135 202.879318 1.500000 1.589289 3.603515 -2.437220 0.819522 28.886074 -1.487797  
30 15 Car 0 2 -1.427082 543.967773 166.806763 578.232727 195.031082 1.355712 1.569157 4.063350 -2.272691 0.741279 37.412110 -1.487797  
30 16 Car 0 0 -1.475934 582.901123 167.655426 608.485229 185.647705 1.500000 1.697545 4.453753 -1.233388 0.385631 69.626705 -1.487797  
31 0 Car 0 0 -1.409860 519.890442 168.624969 571.474304 204.775253 1.500000 1.589289 3.603515 -2.612031 0.834956 28.265734 -1.492268  
31 15 Car 0 2 -1.428656 545.663269 168.676056 572.424011 188.472778 1.355712 1.569157 4.063350 -2.480812 0.761596 36.794899 -1.492268  
31 16 Car 0 0 -1.475910 581.848145 168.998367 603.180908 186.155685 1.500000 1.697545 4.453753 -1.826428 0.468011 69.626540 -1.492268  
32 0 Car 0 0 -1.409112 512.466003 168.414886 566.448120 205.253754 1.500000 1.589289 3.603515 -2.786841 0.850389 27.645395 -1.500259  
32 15 Car 0 2 -1.433866 545.667786 168.909561 568.470337 191.006729 1.355712 1.569157 4.063350 -2.688934 0.781912 36.177687 -1.500259  
32 16 Car 0 0 -1.476184 576.519226 169.056015 597.591614 185.926697 1.500000 1.697545 4.453753 -2.419467 0.550390 69.626375 -1.500259  
33 0 Car 0 0 -1.403404 502.913605 167.179230 553.152710 206.039322 1.500000 1.589289 3.603515 -3.055003 0.865863 27.016330 -1.510550  
33 15 Car 0 2 -1.427199 531.284851 167.544846 558.737976 195.120865 1.355712 1.569157 4.063350 -3.082137 0.737789 35.552900 -1.510550  
33 16 Car 0 0 -1.472643 566.051697 168.054642 588.482056 185.399033 1.500000 1.697545 4.453753 -3.385868 0.431143 69.575370 -1.510550  
34 0 Car 0 0 -1.405938 492.740540 166.039062 550.234863 204.118698 1.500000 1.589289 3.603515 -3.323164 0.881337 26.387266 -1.522226  
34 15 Car 0 2 -1.421104 514.118286 166.000641 550.559265 195.517914 1.355712 1.569157 4.063350 -3.475341 0.693666 34.928112 -1.522226  
34 16 Car 0 0 -1.469179 554.195618 167.094116 578.883911 184.581207 1.500000 1.697545 4.453753 -4.352268 0.311896 69.524365 -1.522226  
35 0 Car 0 0 -1.400761 480.802490 166.099518 535.824219 206.334274 1.500000 1.589289 3.603515 -3.672206 0.912625 25.657592 -1.535389  
35 15 Car 0 2 -1.421234 504.390411 166.437332 541.639709 194.985809 1.355712 1.569157 4.063350 -4.006387 0.818127 34.294678 -1.535389  
35 16 Car 0 1 -1.466541 543.323364 167.773804 567.327454 184.594620 1.500000 1.697545 4.453753 -5.591805 0.386152 69.315605 -1.535389  
36 0 Car 0 0 -1.399626 466.566956 166.077698 527.087280 208.769836 1.500000 1.589289 3.603515 -4.021248 0.943913 24.927919 -1.550171  
36 15 Car 0 2 -1.425091 500.722351 168.048645 529.637695 197.567108 1.355712 1.569157 4.063350 -4.420904 0.842661 33.603537 -1.550171  
37 0 Car 0 0 -1.390816 450.436096 166.661835 506.603119 210.619293 1.500000 1.589289 3.603515 -4.370290 0.975200 24.198246 -1.566570  
37 15 Car 0 2 -1.421261 486.154388 167.812820 515.068481 198.147568 1.355712 1.569157 4.063350 -5.016000 0.806748 32.897690 -1.566570  
38 0 Car 0 0 -1.389389 434.209534 166.304871 493.852234 211.710968 1.500000 1.589289 3.603515 -4.761723 0.950442 23.359816 -1.584935  
38 15 Car 0 2 -1.412483 462.809479 165.519623 499.042969 197.181702 1.355712 1.569157 4.063350 -5.611096 0.770835 32.191843 -1.584935  
38 16 Car 0 2 -1.451367 496.026306 169.829361 522.126526 188.268829 1.500000 1.697545 4.453753 -9.879791 0.336157 68.564444 -1.584935  
39 0 Car 0 0 -1.389470 416.186371 163.319077 482.427094 210.521317 1.500000 1.589289 3.603515 -5.153155 0.925684 22.521386 -1.604973  
39 15 Car 0 2 -1.410690 445.458618 164.900894 484.460175 194.408707 1.355712 1.569157 4.063350 -6.272322 0.735247 31.476014 -1.604973  
40 0 Car 0 0 -1.377963 394.494263 163.928925 454.795837 212.362198 1.500000 1.589289 3.603515 -5.544588 0.900925 21.682956 -1.626498  
40 15 Car 0 2 -1.417526 442.005249 165.137802 466.271851 195.903534 1.355712 1.569157 4.063350 -6.933548 0.699660 30.760185 -1.626498  
40 16 Car 0 1 -1.447808 465.142700 164.719711 487.609711 181.845917 1.500000 1.697545 4.453753 -13.093170 0.064483 67.688748 -1.626498  
41 0 Car 0 0 -1.374266 372.727386 165.007324 436.371826 217.053009 1.500000 1.589289 3.603515 -5.969055 0.961265 20.738379 -1.649317  
41 15 Car 0 2 -1.390195 388.954010 162.926987 444.356567 199.569855 1.355712 1.569157 4.063350 -7.620081 0.767465 29.929933 -1.649317  
42 0 Car 0 0 -1.367836 345.165344 164.639343 414.228516 222.615814 1.500000 1.589289 3.603515 -6.393523 1.021604 19.793802 -1.675136  
42 15 Car 0 2 -1.402806 385.276978 164.881836 427.973389 199.651474 1.355712 1.569157 4.063350 -8.306613 0.835270 29.099681 -1.675136  
42 16 Car 0 2 -1.425431 410.235901 165.242569 437.292023 187.115982 1.500000 1.697545 4.453753 -17.086128 0.381082 66.617171 -1.675136  
43 0 Car 0 0 -1.364368 316.231659 168.759628 390.062469 226.945923 1.500000 1.589289 3.603515 -6.817990 1.081943 18.849225 -1.705405  
43 15 Car 0 2 -1.403752 370.436096 169.043777 397.732208 202.332489 1.355712 1.569157 4.063350 -9.162427 0.910885 28.215960 -1.705405  
44 0 Car 0 0 -1.359613 282.425140 169.485275 363.230377 232.105255 1.500000 1.589289 3.603515 -7.246616 1.143074 17.801172 -1.738209  
44 15 Car 0 1 -1.384062 318.255707 167.982254 367.064911 204.777756 1.355712 1.569157 4.063350 -10.018241 0.986500 27.332238 -1.738209  
45 0 Car 0 0 -1.351630 242.886856 169.302612 328.728027 235.949509 1.500000 1.589289 3.603515 -7.675242 1.204205 16.753119 -1.774604  
45 15 Car 0 2 -1.366736 262.770538 168.663528 334.361572 211.448944 1.355712 1.569157 4.063350 -10.983422 1.008312 26.260868 -1.774604  
46 0 Car 0 0 -1.342621 196.894119 172.226440 289.522888 242.194809 1.500000 1.589289 3.603515 -8.103869 1.265336 15.705067 -1.814548  
46 15 Car 0 2 -1.376102 245.429276 170.519379 299.684814 206.974838 1.355712 1.569157 4.063350 -12.116592 1.069861 25.288817 -1.814548  
47 0 Car 0 0 -1.331390 137.823257 171.806137 249.474594 251.150284 1.500000 1.589289 3.603515 -8.526868 1.288985 14.620228 -1.857338  
47 15 Car 0 2 -1.366573 198.784866 171.556442 253.724197 209.582260 1.355712 1.569157 4.063350 -13.249761 1.131411 24.316766 -1.857338  
48 0 Car 0 0 -1.321156 75.235809 175.885483 202.770615 259.611969 1.500000 1.589289 3.603515 -8.949867 1.312634 13.535390 -1.902976  
48 15 Car 0 2 -1.358984 146.898666 176.222275 205.919754 215.682373 1.355712 1.569157 4.063350 -14.382930 1.192960 23.344716 -1.902976  
49 0 Car 0 0 -1.312643 7.673161 174.715973 149.878937 268.759735 1.500000 1.589289 3.603515 -9.251218 1.336623 12.401710 -1.951619  
49 15 Car 0 2 -1.347229 77.779160 173.329758 153.804779 210.066528 1.355712 1.569157 4.063350 -15.613829 1.200844 22.327561 -1.951619  
50 0 Car 0 0 -1.333564 1.065371 178.057449 91.987129 273.581268 1.500000 1.589289 3.603515 -9.442102 1.361330 11.275874 -2.001294  
50 15 Car 0 3 -1.336488 10.694021 171.462708 89.050591 205.569595 1.355712 1.569157 4.063350 -16.844727 1.208728 21.310406 -2.001294  
55 6 Car 0 0 -2.947871 1169.280762 168.194794 1221.680420 195.257111 1.851562 1.682812 4.109375 39.857675 1.021821 47.870851 -2.251306  
56 6 Car 0 0 -2.944906 1108.861328 169.611023 1157.419922 197.037781 1.851562 1.682812 4.109375 36.383560 1.206765 48.574284 -2.302517  
57 6 Car 0 0 -2.942615 1052.746704 172.382278 1098.343750 199.579010 1.851562 1.682812 4.109375 32.909444 1.391708 49.277716 -2.354517  
58 6 Car 0 0 -2.941716 1000.576843 176.271866 1044.630615 201.529266 1.851562 1.682812 4.109375 29.500971 1.568572 49.896839 -2.407253  
59 6 Car 0 0 -2.938502 947.835022 178.350677 991.670776 204.388184 1.851562 1.682812 4.109375 26.092498 1.745436 50.515961 -2.461206  
60 4 Car 1 1 3.071019 1168.462280 195.029266 1222.498779 289.988190 1.398438 1.495312 3.718750 10.746310 1.659662 12.212304 -2.515602  
60 6 Car 0 0 -2.935261 898.876587 178.451172 940.204590 204.659683 1.851562 1.682812 4.109375 22.740164 1.734851 51.079335 -2.515602  
61 4 Car 0 1 3.035133 1122.223877 190.760712 1224.000000 292.394745 1.398438 1.495312 3.718750 10.031837 1.645935 12.339061 -2.570394  
61 6 Car 0 0 -2.932041 850.637756 175.916306 892.457336 201.191040 1.851562 1.682812 4.109375 19.231162 1.472851 50.615325 -2.570394  
62 4 Car 0 1 3.007853 1074.153931 190.905273 1207.998047 290.017761 1.398438 1.495312 3.718750 9.317364 1.632208 12.465817 -2.625787  
62 5 Car 2 2 3.033887 1072.031128 185.459854 1153.183594 241.278656 1.523438 1.635937 4.406250 12.648187 1.629148 17.337380 -2.625787  
62 6 Car 0 0 -2.927987 803.799805 174.478134 845.205872 200.357498 1.851562 1.682812 4.109375 15.814505 1.504321 50.364945 -2.625787  
63 4 Car 0 1 2.989433 1029.911377 190.408340 1172.332153 291.837952 1.398438 1.495312 3.718750 8.607042 1.642090 12.425868 -2.681031  
63 5 Car 2 2 3.009734 1030.594604 192.382797 1129.350952 257.978882 1.523438 1.635937 4.406250 11.581465 1.660749 17.357376 -2.681031  
63 6 Car 0 0 -2.923894 759.317322 175.585815 799.193726 202.314011 1.851562 1.682812 4.109375 12.397848 1.535790 50.114565 -2.681031  
63 8 Car 0 1 3.065523 998.808105 182.532684 1050.544800 225.841232 1.539062 1.573243 3.523438 16.786841 1.601377 28.482340 -2.681031  
64 4 Car 0 1 2.974503 991.945496 194.737076 1129.861816 285.982666 1.398438 1.495312 3.718750 7.896720 1.651972 12.385918 -2.735056  
64 5 Car 2 2 3.003542 989.370117 189.090469 1075.288330 256.167236 1.523438 1.635937 4.406250 10.514743 1.692349 17.377372 -2.735056  
64 6 Car 0 0 -2.918210 715.846924 175.997375 754.250122 201.691299 1.851562 1.682812 4.109375 9.202661 1.498654 49.119559 -2.735056  
64 8 Car 0 1 3.061237 954.485046 184.172409 1002.306335 225.154053 1.539062 1.573243 3.523438 15.205561 1.580050 28.754308 -2.735056  
65 4 Car 0 1 2.954811 957.301941 196.638000 1098.878052 287.099457 1.398438 1.495312 3.718750 7.186399 1.661854 12.345969 -2.788185  
65 5 Car 0 2 2.992548 954.022583 190.715790 1031.174927 253.957214 1.523438 1.635937 4.406250 9.604423 1.638604 17.449306 -2.788185  
65 6 Car 0 0 -2.912417 671.792847 175.833237 712.955811 201.489532 1.851562 1.682812 4.109375 6.007475 1.461517 48.124554 -2.788185  
65 8 Car 0 1 3.055654 913.751831 184.421463 959.013489 225.136490 1.539062 1.573243 3.523438 13.661862 1.559095 29.006379 -2.788185  
66 4 Car 0 1 2.939345 924.705383 193.896851 1064.039062 289.147034 1.398438 1.495312 3.718750 6.636752 1.627354 12.062792 -2.839463  
66 5 Car 0 2 2.985945 912.244080 186.550690 992.621216 243.968353 1.523438 1.635937 4.406250 8.694102 1.584860 17.521240 -2.839463  
66 6 Car 0 0 -2.907038 631.334351 174.762192 672.532349 201.502670 1.851562 1.682812 4.109375 3.137154 1.406394 47.085142 -2.839463  
66 8 Car 0 1 3.049275 876.594849 181.613892 920.204468 222.843185 1.539062 1.573243 3.523438 12.166387 1.538839 29.236042 -2.839463  
67 4 Car 0 1 2.925677 893.336487 194.285172 1036.242920 284.948181 1.398438 1.495312 3.718750 6.087105 1.592854 11.779615 -2.885766  
67 5 Car 0 2 2.971389 882.897705 180.937363 967.018127 243.467438 1.523438 1.635937 4.406250 7.926392 1.534332 17.432485 -2.885766  
67 6 Car 0 0 -2.901029 592.206604 172.176392 637.541077 200.314316 1.851562 1.682812 4.109375 0.602811 1.292601 45.866915 -2.885766  
67 8 Car 0 1 3.045184 841.164246 179.266724 886.770630 220.991211 1.539062 1.573243 3.523438 10.735930 1.445198 29.180189 -2.885766  
68 4 Car 0 1 2.904774 872.109253 189.873215 1022.666809 285.350861 1.398438 1.495312 3.718750 5.537458 1.558354 11.496438 -2.926391  
68 5 Car 0 2 2.965623 851.183472 179.430237 940.187683 246.121857 1.523438 1.635937 4.406250 7.158683 1.483805 17.343729 -2.926391  
68 6 Car 0 0 -2.892851 557.659607 169.666183 603.056030 199.145401 1.851562 1.682812 4.109375 -1.541825 1.188506 44.506027 -2.926391  
68 8 Car 0 1 3.041074 811.953186 175.341568 858.119751 217.880478 1.539062 1.573243 3.523438 9.508736 1.352717 29.040799 -2.926391  
69 4 Car 0 1 2.885296 850.109619 189.955139 1015.246460 292.904602 1.398438 1.495312 3.718750 4.987811 1.523854 11.213260 -2.962843  
69 5 Car 0 2 2.954353 833.046082 178.775391 917.079956 250.516022 1.523438 1.635937 4.406250 6.502911 1.459340 17.049334 -2.962843  
69 6 Car 0 0 -2.881554 523.207275 168.188263 569.751343 197.658386 1.851562 1.682812 4.109375 -3.434991 1.107673 43.111682 -2.962843  
69 8 Car 0 0 3.034677 787.981262 173.774475 835.500977 216.640808 1.539062 1.573243 3.523438 8.428425 1.260338 28.849140 -2.962843  
70 4 Car 0 1 2.858879 838.961792 188.979721 1020.192383 295.560059 1.398438 1.495312 3.718750 4.694079 1.526006 10.715368 -2.992873  
70 5 Car 0 2 2.944856 812.664673 176.453751 904.414978 249.148483 1.523438 1.635937 4.406250 6.023598 1.437611 16.606671 -2.992873  
70 6 Car 0 0 -2.874343 496.324921 166.243774 543.435120 196.988037 1.851562 1.682812 4.109375 -4.992218 1.003900 41.609796 -2.992873  
70 8 Car 0 0 3.030217 767.703613 173.132294 816.783936 215.952530 1.539062 1.573243 3.523438 7.596927 1.251087 28.470117 -2.992873  
70 9 Car 2 2 3.041393 764.181824 171.568985 803.432251 204.329697 1.500000 1.629932 3.570312 8.655841 1.163466 33.428592 -2.992873  
71 4 Car 0 1 2.842236 825.937012 188.404068 1019.177002 301.672852 1.398438 1.495312 3.718750 4.400347 1.528158 10.217476 -3.017739  
71 5 Car 0 1 2.934695 799.854797 177.109741 893.860168 252.764297 1.523438 1.635937 4.406250 5.544284 1.415883 16.164008 -3.017739  
71 6 Car 0 0 -2.863926 469.169739 167.235275 519.755127 198.893417 1.851562 1.682812 4.109375 -6.266252 1.022683 40.103944 -3.017739  
71 8 Car 0 0 3.026187 751.401978 173.018753 801.704346 215.756897 1.539062 1.573243 3.523438 6.887833 1.242168 28.055189 -3.017739  
71 10 Car 2 2 3.043693 745.297180 171.604431 781.690308 200.815018 1.473047 1.586718 3.640625 8.663737 1.216952 38.867466 -3.017739  
72 4 Car 0 0 2.819280 818.805359 193.834549 1027.876221 311.857635 1.398438 1.495312 3.718750 4.106615 1.530309 9.719584 -3.039774  
72 5 Car 0 1 2.925550 785.942383 177.359360 887.483704 256.914886 1.523438 1.635937 4.406250 5.212591 1.438439 15.635822 -3.039774  
72 6 Car 0 0 -2.851734 442.436859 170.325180 496.640167 203.739380 1.851562 1.682812 4.109375 -7.275879 1.273502 38.531216 -3.039774  
72 8 Car 0 0 3.020659 738.984192 175.147842 789.488403 219.497910 1.539062 1.573243 3.523438 6.209412 1.233232 27.631293 -3.039774  
72 10 Car 2 2 3.040274 732.964905 173.325912 766.471802 204.075912 1.473047 1.586718 3.640625 7.717809 1.248523 38.421607 -3.039774  
73 4 Car 0 0 2.794274 818.973877 193.136200 1037.370605 321.555878 1.398438 1.495312 3.718750 3.933840 1.533663 9.188306 -3.059118  
73 5 Car 0 1 2.915055 776.741028 178.580246 882.856995 264.983002 1.523438 1.635937 4.406250 4.880898 1.460995 15.107637 -3.059118  
73 6 Car 0 0 -2.839280 417.101196 172.954468 475.082367 209.147644 1.851562 1.682812 4.109375 -8.215968 1.443061 36.943098 -3.059118  
73 8 Car 0 0 3.017374 726.851196 178.191299 777.830750 222.286057 1.539062 1.573243 3.523438 5.720600 1.310298 27.079490 -3.059118  
73 10 Car 2 2 3.040367 719.933899 176.194107 750.961853 207.685837 1.473047 1.586718 3.640625 7.068748 1.323877 37.924776 -3.059118  
73 13 Car 0 2 3.066845 705.320374 176.082794 727.020630 203.608734 1.443888 1.577430 3.280850 8.849748 1.265533 54.452404 -3.059118  
74 4 Car 0 0 2.764007 819.344116 196.968628 1063.135376 333.477386 1.398438 1.495312 3.718750 3.761065 1.537016 8.657028 -3.074219  
74 5 Car 0 1 2.901888 773.414307 181.440445 883.171509 268.582733 1.523438 1.635937 4.406250 4.659010 1.481618 14.526330 -3.074219  
74 6 Car 0 0 -2.825722 394.574432 173.657928 454.772705 210.556854 1.851562 1.682812 4.109375 -8.863036 1.443476 35.408113 -3.074219  
74 8 Car 0 0 3.011388 720.480042 180.494751 770.770874 223.039185 1.539062 1.573243 3.523438 5.231787 1.387364 26.527688 -3.074219  
74 10 Car 2 2 3.036715 711.797791 178.634689 742.382690 209.452744 1.473047 1.586718 3.640625 6.419687 1.399230 37.427946 -3.074219  
74 13 Car 0 2 3.057131 702.963562 177.856918 721.574463 203.404022 1.443888 1.577430 3.280850 8.082815 1.277511 53.886998 -3.074219  
75 4 Car 0 0 2.732167 821.164246 196.801132 1094.404907 345.706421 1.398438 1.495312 3.718750 3.645946 1.540537 8.028782 -3.087169  
75 5 Car 0 1 2.884366 772.362854 180.279877 891.349915 267.960968 1.523438 1.635937 4.406250 4.437122 1.502241 13.945023 -3.087169  
75 6 Car 0 0 -2.810898 371.487671 172.423080 435.749268 211.303253 1.851562 1.682812 4.109375 -9.447134 1.443178 33.861008 -3.087169  
75 8 Car 0 0 3.008407 711.768738 177.446823 764.849792 223.789062 1.539062 1.573243 3.523438 4.929500 1.356145 25.939276 -3.087169  
75 9 Car 2 2 3.021884 705.209595 175.905197 751.714050 211.777802 1.500000 1.629932 3.570312 5.516433 1.472860 30.963751 -3.087169  
75 10 Car 2 2 3.036630 705.319641 177.722656 730.159607 208.839279 1.473047 1.586718 3.640625 6.115799 1.390082 36.887580 -3.087169  
75 13 Car 0 2 3.064591 686.575745 176.898071 708.513550 201.783340 1.443888 1.577430 3.280850 7.315882 1.289490 53.321593 -3.087169  
76 4 Car 0 0 2.687178 827.954895 195.261292 1146.695923 359.828094 1.398438 1.495312 3.718750 3.530826 1.544059 7.400537 -3.099302  
76 5 Car 0 1 2.873829 767.799011 180.268661 893.424377 275.000397 1.523438 1.635937 4.406250 4.316425 1.507828 13.302105 -3.099302  
76 6 Car 0 0 -2.796047 346.593811 172.888519 419.089630 213.457458 1.851562 1.682812 4.109375 -10.031233 1.442881 32.313904 -3.099302  
76 8 Car 0 0 3.003350 707.158875 178.601868 759.105957 224.798553 1.539062 1.573243 3.523438 4.637774 1.386106 25.303371 -3.099302  
76 9 Car 2 2 3.023092 701.704041 179.726196 735.813599 214.587051 1.500000 1.629932 3.570312 5.183133 1.475789 30.311325 -3.099302  
76 10 Car 0 2 3.035346 697.853760 179.063690 721.914124 210.896912 1.473047 1.586718 3.640625 5.497443 1.481445 36.267824 -3.099302  
76 13 Car 0 2 3.062241 679.850708 177.645355 701.179688 204.601044 1.443888 1.577430 3.280850 6.581149 1.345074 52.750753 -3.099302  
77 4 Car 0 0 2.645696 830.155823 200.277313 1200.119873 366.731567 1.398438 1.495312 3.718750 3.460790 1.547371 6.741791 -3.110882  
77 5 Car 0 1 2.850339 769.109680 182.465988 910.754395 280.367126 1.523438 1.635937 4.406250 4.195727 1.513415 12.659188 -3.110882  
77 6 Car 0 0 -2.777715 321.115234 173.340134 397.674286 217.278122 1.851562 1.682812 4.109375 -10.615331 1.442583 30.766800 -3.110882  
77 7 Car 0 0 -3.022567 527.520569 177.313156 555.430481 195.061203 1.492914 1.580329 3.843750 -5.515104 1.329599 62.473739 -3.110882  
77 8 Car 0 0 2.998682 700.541138 179.305878 755.636108 226.581543 1.539062 1.573243 3.523438 4.346049 1.416067 24.667467 -3.110882  
77 10 Car 0 2 3.028873 689.890320 178.093170 722.498901 211.745468 1.473047 1.586718 3.640625 5.122650 1.485805 35.617445 -3.110882  
77 13 Car 0 2 3.059718 672.690369 176.618103 695.354187 203.327393 1.443888 1.577430 3.280850 6.065542 1.390206 52.156801 -3.110882  
78 4 Car 0 0 2.619830 849.744324 202.005051 1211.260864 367.691650 1.398438 1.495312 3.718750 3.390754 1.550683 6.083046 -3.120660  
78 5 Car 0 1 2.830933 768.088806 182.124863 926.955933 284.778473 1.523438 1.635937 4.406250 4.075029 1.519002 12.016271 -3.120660  
78 6 Car 0 0 -2.759209 297.021393 174.297592 376.527039 220.831345 1.851562 1.682812 4.109375 -10.959731 1.455306 29.201760 -3.120660  
78 7 Car 0 0 -3.019000 518.984802 178.355515 544.923645 194.325455 1.492914 1.580329 3.843750 -6.236802 1.298036 60.886790 -3.120660  
78 8 Car 0 0 2.993063 697.151550 180.058792 752.968933 229.799011 1.539062 1.573243 3.523438 4.054324 1.446028 24.031562 -3.120660  
78 9 Car 2 2 3.016805 687.386475 177.374695 728.310303 213.578293 1.500000 1.629932 3.570312 4.552873 1.517358 29.002631 -3.120660  
78 10 Car 0 2 3.030510 685.527710 179.612198 710.410278 212.396988 1.473047 1.586718 3.640625 4.747857 1.490164 34.967065 -3.120660  
78 13 Car 0 2 3.061220 664.861511 178.327927 687.049927 205.572128 1.443888 1.577430 3.280850 5.549935 1.435338 51.562849 -3.120660  
79 4 Car 1 0 2.601054 864.761047 204.230103 1218.152588 370.000000 1.398438 1.495312 3.718750 3.320717 1.553996 5.424301 -3.128153  
79 5 Car 0 1 2.810615 765.686279 181.949661 949.734863 293.521790 1.523438 1.635937 4.406250 3.954332 1.524589 11.373353 -3.128153  
79 6 Car 0 0 -2.738320 270.021973 174.356750 357.145050 225.001404 1.851562 1.682812 4.109375 -11.304130 1.468029 27.636721 -3.128153  
79 7 Car 0 0 -3.013881 507.054901 177.780045 538.808105 195.766235 1.492914 1.580329 3.843750 -6.958501 1.266473 59.299841 -3.128153  
79 8 Car 0 0 2.987049 693.020020 179.014221 754.947144 228.223099 1.539062 1.573243 3.523438 3.917487 1.411230 23.343930 -3.128153  
79 9 Car 2 2 3.003638 692.102966 179.843063 731.796448 217.647949 1.500000 1.629932 3.570312 4.336867 1.464357 28.342733 -3.128153  
79 10 Car 0 2 3.019496 685.524780 178.153290 715.481506 215.440506 1.473047 1.586718 3.640625 4.540183 1.460183 34.300230 -3.128153  
79 13 Car 0 2 3.049730 669.458374 178.917114 688.165344 207.745544 1.443888 1.577430 3.280850 5.269089 1.386547 50.851434 -3.128153  
80 4 Car 1 0 2.574535 900.058838 206.669479 1224.000000 370.000000 1.398438 1.495312 3.718750 3.274092 1.557072 4.727450 -3.133901  
80 5 Car 0 1 2.784502 767.449463 182.357254 980.717773 297.047089 1.523438 1.635937 4.406250 3.833634 1.530177 10.730436 -3.133901  
80 6 Car 0 0 -2.715324 243.940491 174.836166 335.136749 225.366653 1.851562 1.682812 4.109375 -11.505810 1.477169 26.165615 -3.133901  
80 7 Car 0 0 -3.012228 499.458344 177.377457 535.792786 196.168091 1.492914 1.580329 3.843750 -7.367194 1.222119 57.657647 -3.133901  
80 8 Car 0 0 2.981460 692.718872 177.783493 755.017700 230.516525 1.539062 1.573243 3.523438 3.780651 1.376432 22.656297 -3.133901  
80 9 Car 0 2 3.001219 687.769104 178.970856 731.315613 217.050659 1.500000 1.629932 3.570312 4.120861 1.411356 27.682836 -3.133901  
80 10 Car 0 2 3.020330 681.330322 177.421082 710.203552 214.174652 1.473047 1.586718 3.640625 4.332510 1.430201 33.633394 -3.133901  
80 13 Car 0 2 3.050978 665.309265 175.699890 682.317932 198.779633 1.443888 1.577430 3.280850 4.988242 1.337755 50.140019 -3.133901  
81 4 Car 1 0 2.560860 918.785889 211.480011 1224.000000 370.000000 1.398438 1.495312 3.718750 3.227467 1.560149 4.030598 -3.138304  
81 5 Car 0 1 2.755451 782.877625 181.109055 1005.615662 305.111664 1.523438 1.635937 4.406250 3.781765 1.527138 9.977347 -3.138304  
81 6 Car 0 0 -2.692623 213.616852 172.391159 318.975250 227.178772 1.851562 1.682812 4.109375 -11.707491 1.486309 24.694510 -3.138304  
81 7 Car 0 0 -3.001452 489.395996 175.338028 524.027771 193.388809 1.492914 1.580329 3.843750 -7.775888 1.177766 56.015453 -3.138304  
81 8 Car 0 0 2.977336 691.751953 176.533829 755.579651 230.712311 1.539062 1.573243 3.523438 3.643814 1.341635 21.968664 -3.138304  
81 9 Car 0 2 2.996765 682.587341 176.011810 736.571777 216.866013 1.500000 1.629932 3.570312 4.009729 1.408268 26.946791 -3.138304  
81 10 Car 0 2 3.015852 680.319885 175.833832 711.322754 214.238098 1.473047 1.586718 3.640625 4.188044 1.407072 32.886171 -3.138304  
81 13 Car 0 2 3.054964 654.982361 175.107025 680.677246 204.623779 1.443888 1.577430 3.280850 4.707396 1.288964 49.428604 -3.138304  
82 4 Car 2 0 2.513703 1006.718933 224.448807 1224.000000 370.000000 1.398438 1.495312 3.718750 3.180841 1.563226 3.333747 3.139775  
82 5 Car 0 0 2.724209 792.584900 181.702957 1039.568237 315.175781 1.523438 1.635937 4.406250 3.729895 1.524099 9.224258 3.139775  
82 6 Car 0 0 -2.661488 176.932632 172.112152 291.575958 231.205643 1.851562 1.682812 4.109375 -11.909171 1.495449 23.223404 3.139775  
82 7 Car 0 0 -2.992309 480.230072 175.063065 512.618042 194.050690 1.492914 1.580329 3.843750 -8.135251 1.276865 54.366373 3.139775  
82 8 Car 0 0 2.969251 692.061646 176.741257 759.602661 233.303268 1.539062 1.573243 3.523438 3.555290 1.353295 21.229610 3.139775  
82 9 Car 0 2 2.990564 685.775146 177.248779 734.966614 219.745865 1.500000 1.629932 3.570312 3.898597 1.405179 26.210746 3.139775  
82 10 Car 0 2 3.011270 678.816895 175.118683 712.071167 215.678162 1.473047 1.586718 3.640625 4.043578 1.383943 32.138947 3.139775  
82 13 Car 0 2 3.050851 653.340210 173.657089 680.901611 205.560562 1.443888 1.577430 3.280850 4.426549 1.240172 48.717189 3.139775  
83 4 Car 1 0 2.508815 1007.325378 195.493835 1224.000000 365.332001 1.398438 1.495312 3.718750 3.199454 1.570329 2.525177 3.135168  
83 5 Car 0 0 2.681721 802.550476 181.762741 1094.720459 327.722351 1.523438 1.635937 4.406250 3.678026 1.521061 8.471169 3.135168  
83 6 Car 0 0 -2.633241 141.613098 170.495438 266.669128 234.153458 1.851562 1.682812 4.109375 -12.056450 1.528318 21.725977 3.135168  
83 7 Car 0 0 -2.986684 471.740967 175.195908 506.280182 195.462921 1.492914 1.580329 3.843750 -8.607946 1.188105 52.712564 3.135168  
83 8 Car 0 0 2.962333 695.992676 176.948318 759.038818 233.952774 1.539062 1.573243 3.523438 3.466767 1.364956 20.490557 3.135168  
83 9 Car 0 2 2.997020 674.794312 175.593613 729.975769 219.382294 1.500000 1.629932 3.570312 3.787465 1.402091 25.474702 3.135168  
83 10 Car 0 2 3.007857 680.061523 176.297562 709.110107 217.581802 1.473047 1.586718 3.640625 3.899111 1.360814 31.391723 3.135168  
83 11 Car 0 2 3.036828 652.346191 173.957611 695.329346 209.301132 1.492188 1.742578 4.085938 3.968020 1.281831 36.627241 3.135168  
83 13 Car 0 2 3.050895 650.354675 175.432678 677.261292 206.980301 1.443888 1.577430 3.280850 4.145702 1.191381 48.005775 3.135168  
84 5 Car 0 0 2.641560 814.269836 180.833878 1148.978882 350.930786 1.523438 1.635937 4.406250 3.665208 1.517237 7.718650 3.132012  
84 6 Car 0 0 -2.598532 101.604111 170.902893 234.421494 241.259491 1.851562 1.682812 4.109375 -12.203729 1.561187 20.228550 3.132012  
84 7 Car 0 0 -2.978881 462.799896 174.934219 499.285645 197.087769 1.492914 1.580329 3.843750 -8.843782 1.183595 51.023302 3.132012  
84 8 Car 0 0 2.954488 696.336914 177.068298 765.533508 236.842163 1.539062 1.573243 3.523438 3.378243 1.376616 19.751503 3.132012  
84 9 Car 0 2 2.992364 677.082581 175.113419 729.850891 221.002655 1.500000 1.629932 3.570312 3.691546 1.360183 24.678824 3.132012  
84 10 Car 0 2 3.011049 674.242126 174.988724 705.814575 215.508072 1.473047 1.586718 3.640625 3.754645 1.337684 30.644500 3.132012  
84 11 Car 0 2 3.021843 671.007874 175.978790 693.578735 212.066376 1.492188 1.742578 4.085938 3.890013 1.275912 35.838160 3.132012  
84 13 Car 0 2 3.046103 649.931885 173.875809 680.015381 207.776382 1.443888 1.577430 3.280850 4.035548 1.153022 47.217108 3.132012  
85 5 Car 0 0 2.597301 827.438416 175.887192 1214.560425 361.703949 1.523438 1.635937 4.406250 3.652390 1.513412 6.966130 3.130082  
85 6 Car 0 0 -2.560704 45.194031 170.800003 211.229355 251.194550 1.851562 1.682812 4.109375 -12.268848 1.591951 18.770455 3.130082  
85 7 Car 0 0 -2.971486 455.594879 174.709457 492.882111 197.580719 1.492914 1.580329 3.843750 -9.079619 1.179084 49.334040 3.130082  
85 8 Car 0 0 2.947244 698.214172 176.354141 771.420105 238.308838 1.539062 1.573243 3.523438 3.356657 1.368475 18.948340 3.130082  
85 9 Car 0 2 2.983362 681.774536 173.963181 735.365967 222.182678 1.500000 1.629932 3.570312 3.650024 1.356148 23.881860 3.130082  
85 11 Car 0 2 3.018507 671.858276 174.072403 694.740601 213.180954 1.492188 1.742578 4.085938 3.812007 1.269992 35.049079 3.130082  
85 13 Car 0 2 3.039381 657.276978 174.917801 679.498657 208.310043 1.443888 1.577430 3.280850 3.925394 1.114662 46.428441 3.130082  
86 5 Car 1 0 2.580516 859.316467 184.254822 1213.087036 365.266876 1.523438 1.635937 4.406250 3.644203 1.516669 6.131274 3.129101  
86 6 Car 0 0 -2.526180 1.768669 172.510376 179.887009 256.308655 1.851562 1.682812 4.109375 -12.333968 1.622715 17.312360 3.129101  
86 7 Car 0 0 -2.961991 446.766479 175.430573 486.365692 199.679977 1.492914 1.580329 3.843750 -9.223434 1.237041 47.631750 3.129101  
86 8 Car 0 0 2.938706 702.277649 176.203613 778.423218 243.201096 1.539062 1.573243 3.523438 3.335072 1.360334 18.145178 3.129101  
86 9 Car 0 2 2.980460 685.979309 174.487366 733.938965 223.537750 1.500000 1.629932 3.570312 3.608502 1.352113 23.084895 3.129101  
86 10 Car 0 2 3.002990 666.391724 172.708115 721.056152 212.099792 1.473047 1.586718 3.640625 3.597739 1.332334 29.081224 3.129101  
86 11 Car 0 2 3.015588 673.130310 175.803787 696.244080 213.540298 1.492188 1.742578 4.085938 3.775991 1.312656 34.258169 3.129101  
86 13 Car 0 2 3.049154 647.490234 174.890091 673.967468 208.160812 1.443888 1.577430 3.280850 3.850743 1.138303 45.638626 3.129101  
87 5 Car 1 0 2.558226 889.766357 186.050247 1224.000000 370.000000 1.523438 1.635937 4.406250 3.636016 1.519925 5.296417 3.127830  
87 6 Car 0 0 -2.510210 0.578867 174.775742 143.373230 260.954437 1.851562 1.682812 4.109375 -12.377910 1.665572 15.835456 3.127830  
87 7 Car 0 0 -2.954282 439.460724 176.652679 480.470245 200.926605 1.492914 1.580329 3.843750 -9.367250 1.294998 45.929460 3.127830  
87 8 Car 0 0 2.925600 708.393433 175.884048 789.706116 248.629166 1.539062 1.573243 3.523438 3.313486 1.352192 17.342015 3.127830  
87 9 Car 0 2 2.976775 685.298950 175.632019 738.110657 225.380280 1.500000 1.629932 3.570312 3.587687 1.399913 22.288029 3.127830  
87 10 Car 0 2 2.997358 670.512146 174.122955 723.206299 218.527710 1.473047 1.586718 3.640625 3.585299 1.350113 28.265171 3.127830  
87 11 Car 0 2 3.027201 658.523438 174.909027 692.421814 211.737839 1.492188 1.742578 4.085938 3.739975 1.355321 33.467259 3.127830  
87 13 Car 0 2 3.041513 648.200012 173.908966 682.328125 209.282150 1.443888 1.577430 3.280850 3.776093 1.161943 44.848811 3.127830  
88 5 Car 1 0 2.543538 920.109314 189.263962 1224.000000 368.949768 1.523438 1.635937 4.406250 3.627829 1.523182 4.461561 3.128211  
88 6 Car 1 0 -2.491087 0.000000 177.795853 101.838486 262.992798 1.851562 1.682812 4.109375 -12.421852 1.708429 14.358552 3.128211  
88 7 Car 0 0 -2.944546 431.061157 178.532333 475.064026 203.679276 1.492914 1.580329 3.843750 -9.494411 1.366250 44.231769 3.128211  
88 8 Car 0 0 2.918050 712.954346 177.053482 796.851196 251.549683 1.539062 1.573243 3.523438 3.312227 1.367755 16.522038 3.128211  
88 9 Car 0 2 2.969304 688.569763 175.750717 746.213867 228.582397 1.500000 1.629932 3.570312 3.569934 1.391691 21.464408 3.128211  
88 10 Car 0 2 3.003663 667.382507 175.702469 717.820312 219.858124 1.473047 1.586718 3.640625 3.572860 1.367893 27.449118 3.128211  
88 11 Car 0 2 3.010520 674.163940 177.827850 701.198364 217.405106 1.492188 1.742578 4.085938 3.740138 1.409077 32.674755 3.128211  
88 13 Car 0 2 3.045252 648.366760 174.784042 677.378357 208.836456 1.443888 1.577430 3.280850 3.676802 1.138114 44.059702 3.128211  
89 5 Car 1 0 2.522600 964.871338 196.567368 1221.709839 370.000000 1.523438 1.635937 4.406250 3.619641 1.526438 3.626705 3.127871  
89 6 Car 1 0 -2.466715 0.058328 175.310165 44.324238 270.054230 1.851562 1.682812 4.109375 -12.465794 1.751287 12.881648 3.127871  
89 7 Car 0 0 -2.931724 420.921143 177.753632 465.686066 206.273865 1.492914 1.580329 3.843750 -9.621572 1.437501 42.534078 3.127871  
89 8 Car 0 0 2.905973 720.563721 178.617203 806.639038 256.352570 1.539062 1.573243 3.523438 3.310967 1.383318 15.702061 3.127871  
89 9 Car 0 2 2.964304 695.058960 176.112686 746.489258 231.258194 1.500000 1.629932 3.570312 3.552180 1.383469 20.640788 3.127871  
89 10 Car 0 2 2.988894 686.991882 178.318512 718.973694 226.226959 1.473047 1.586718 3.640625 3.560420 1.385672 26.633066 3.127871  
89 11 Car 0 2 3.003836 678.871460 178.065186 705.593506 219.873688 1.492188 1.742578 4.085938 3.698561 1.385205 31.827957 3.127871  
89 13 Car 0 2 3.046895 649.020203 174.619629 673.901978 202.073532 1.443888 1.577430 3.280850 3.733512 1.207845 43.228060 3.127871  
90 5 Car 1 0 2.491947 1028.796631 237.942825 1222.295654 370.000000 1.523438 1.635937 4.406250 3.611454 1.529695 2.791848 3.127415  
90 7 Car 0 0 -2.921235 411.232483 178.836945 459.056427 207.071823 1.492914 1.580329 3.843750 -9.723613 1.478058 40.843110 3.127415  
90 8 Car 0 0 2.890399 723.455322 178.174210 826.290771 263.472198 1.539062 1.573243 3.523438 3.309708 1.398881 14.882085 3.127415  
90 9 Car 0 2 2.959787 694.740601 175.816895 752.709534 233.834686 1.500000 1.629932 3.570312 3.534427 1.375247 19.817167 3.127415  
90 11 Car 0 2 2.999992 679.836609 178.635986 709.496338 220.667084 1.492188 1.742578 4.085938 3.656983 1.361332 30.981159 3.127415  
90 13 Car 0 2 3.045843 649.295837 175.699036 674.473450 202.080124 1.443888 1.577430 3.280850 3.739372 1.216752 42.397990 3.127415  
91 7 Car 0 0 -2.910333 401.323700 178.742966 451.948029 208.051575 1.492914 1.580329 3.843750 -9.825654 1.518614 39.152142 3.126965  
91 8 Car 0 0 2.879969 727.828308 177.040421 836.891602 269.824219 1.539062 1.573243 3.523438 3.310503 1.412517 14.003876 3.126965  
91 9 Car 0 2 2.953922 697.368408 176.418365 757.965820 237.967087 1.500000 1.629932 3.570312 3.516673 1.367025 18.993547 3.126965  
91 10 Car 0 2 2.993050 683.391418 178.101227 715.279907 223.971024 1.473047 1.586718 3.640625 3.531569 1.355607 24.866581 3.126965  
91 11 Car 0 2 3.014180 661.490173 177.305939 706.840576 219.088821 1.492188 1.742578 4.085938 3.615406 1.337459 30.134361 3.126965  
91 13 Car 0 2 3.042564 651.347595 176.069061 676.450195 204.385620 1.443888 1.577430 3.280850 3.745233 1.225658 41.567921 3.126965  
92 7 Car 0 0 -2.897735 390.522461 179.886887 442.889191 209.073624 1.492914 1.580329 3.843750 -9.951719 1.543845 37.464361 3.126394  
92 8 Car 0 0 2.856837 738.886353 177.598984 859.965942 277.773254 1.539062 1.573243 3.523438 3.311299 1.426154 13.125666 3.126394  
92 9 Car 0 2 2.940622 702.898621 176.848297 771.028809 240.609558 1.500000 1.629932 3.570312 3.503744 1.368743 18.061238 3.126394  
92 10 Car 0 2 2.986770 685.786865 180.056961 721.112061 227.175507 1.473047 1.586718 3.640625 3.517144 1.340575 23.983338 3.126394  
92 11 Car 0 2 3.013542 669.657593 179.665939 698.770813 214.990341 1.492188 1.742578 4.085938 3.573828 1.313586 29.287563 3.126394  
92 13 Car 0 2 3.040533 651.378235 176.430496 678.500488 204.911087 1.443888 1.577430 3.280850 3.719213 1.247506 40.739068 3.126394  
93 7 Car 0 0 -2.882634 375.528687 180.909286 434.069611 211.090210 1.492914 1.580329 3.843750 -10.075451 1.536964 35.830277 3.125828  
93 8 Car 0 0 2.833049 751.025024 177.304840 883.405640 285.355133 1.539062 1.573243 3.523438 3.312095 1.439791 12.247458 3.125828  
93 9 Car 0 1 2.933999 706.703491 177.149658 776.100586 245.400696 1.500000 1.629932 3.570312 3.490815 1.370462 17.128928 3.125828  
93 10 Car 0 2 2.961915 673.940002 175.327820 768.110229 229.660950 1.473047 1.586718 3.640625 3.502718 1.325543 23.100095 3.125828  
93 11 Car 0 2 3.006689 670.692017 179.003372 706.746704 217.817291 1.492188 1.742578 4.085938 3.532251 1.289714 28.440765 3.125828  
93 13 Car 0 2 3.038698 652.670654 176.068954 679.014771 203.356888 1.443888 1.577430 3.280850 3.693194 1.269354 39.910214 3.125828  
94 7 Car 0 0 -2.867977 362.531555 181.913666 424.559937 212.098801 1.492914 1.580329 3.843750 -10.199182 1.530084 34.196193 3.125802  
94 8 Car 0 0 2.823038 755.044434 176.998505 894.835632 289.699127 1.539062 1.573243 3.523438 3.304474 1.453720 11.331265 3.125802  
94 9 Car 0 1 2.923653 712.084656 174.905563 785.895203 250.380554 1.500000 1.629932 3.570312 3.477886 1.372180 16.196619 3.125802  
94 10 Car 0 2 2.973588 691.854309 177.720139 733.231689 229.165375 1.473047 1.586718 3.640625 3.500784 1.332654 22.197498 3.125802  
94 11 Car 0 2 3.006970 669.932251 177.396194 707.065674 219.079758 1.492188 1.742578 4.085938 3.531109 1.300781 27.547985 3.125802  
94 13 Car 0 2 3.037531 652.641602 175.046707 680.670349 205.422256 1.443888 1.577430 3.280850 3.664879 1.271693 38.942250 3.125802  
95 7 Car 0 0 -2.852707 348.790619 181.437241 414.167908 213.919907 1.492914 1.580329 3.843750 -10.300631 1.402201 32.558272 3.125469  
95 8 Car 0 0 2.797380 767.282532 175.239716 922.228271 297.514771 1.539062 1.573243 3.523438 3.296853 1.467649 10.415072 3.125469  
95 9 Car 0 1 2.908131 718.588257 176.652176 801.845093 253.593323 1.500000 1.629932 3.570312 3.464956 1.373899 15.264310 3.125469  
95 10 Car 0 2 2.967714 696.403320 178.515030 736.710266 231.878296 1.473047 1.586718 3.640625 3.498850 1.339765 21.294900 3.125469  
95 11 Car 0 2 3.002941 672.040894 177.832199 710.260925 219.877487 1.492188 1.742578 4.085938 3.529967 1.311848 26.655206 3.125469  
95 13 Car 0 2 3.035279 653.388733 175.398849 682.659912 205.683640 1.443888 1.577430 3.280850 3.636565 1.274032 37.974286 3.125469  
96 7 Car 0 0 -2.835741 332.327271 181.934052 402.272583 218.418411 1.492914 1.580329 3.843750 -10.390273 1.515435 30.916416 3.124296  
96 8 Car 0 0 2.768619 779.388733 178.480621 954.076660 312.532684 1.539062 1.573243 3.523438 3.289232 1.481578 9.498880 3.124296  
96 9 Car 0 1 2.894486 723.819946 175.936859 815.160583 258.962677 1.500000 1.629932 3.570312 3.459558 1.389169 14.335229 3.124296  
96 10 Car 0 1 2.956989 700.134766 180.650482 746.848511 235.600616 1.473047 1.586718 3.640625 3.496917 1.346876 20.392303 3.124296  
96 11 Car 0 2 2.995182 673.641052 178.188950 718.122986 224.583313 1.492188 1.742578 4.085938 3.528825 1.322915 25.762427 3.124296  
96 13 Car 0 2 3.032629 655.677124 175.936249 682.476318 207.461365 1.443888 1.577430 3.280850 3.608250 1.276370 37.006322 3.124296  
97 7 Car 0 0 -2.814256 310.382172 182.163315 388.963257 221.765320 1.492914 1.580329 3.843750 -10.483872 1.527206 29.274336 3.123535  
97 8 Car 0 0 2.731051 794.660706 178.957169 998.885620 326.537994 1.539062 1.573243 3.523438 3.278918 1.495815 8.562030 3.123535  
97 9 Car 0 1 2.877169 729.829529 178.485611 833.944092 264.784698 1.500000 1.629932 3.570312 3.454159 1.404439 13.406148 3.123535  
97 10 Car 0 1 2.946858 705.821716 179.583649 754.812561 239.857773 1.473047 1.586718 3.640625 3.494983 1.353987 19.489705 3.123535  
97 11 Car 0 2 2.992182 674.509155 179.007828 720.475525 223.699066 1.492188 1.742578 4.085938 3.527682 1.333982 24.869647 3.123535  
97 13 Car 0 2 3.028058 656.487305 176.990723 687.101379 209.238846 1.443888 1.577430 3.280850 3.584045 1.286630 36.038290 3.123535  
98 7 Car 0 0 -2.794022 289.164154 182.040131 376.587524 223.435913 1.492914 1.580329 3.843750 -10.577471 1.538976 27.632257 3.122897  
98 8 Car 0 0 2.677631 812.920288 177.768555 1070.092896 352.737488 1.539062 1.573243 3.523438 3.268604 1.510052 7.625180 3.122897  
98 9 Car 0 1 2.853776 740.755615 176.139618 857.431946 278.600922 1.500000 1.629932 3.570312 3.448760 1.419710 12.477067 3.122897  
98 10 Car 0 1 2.940432 705.703613 180.480103 763.384155 240.161133 1.473047 1.586718 3.640625 3.474067 1.357456 18.524456 3.122897  
98 11 Car 0 2 2.984006 677.159912 177.382523 728.680847 228.569717 1.492188 1.742578 4.085938 3.508923 1.343116 23.922901 3.122897  
98 13 Car 0 2 3.026730 656.339783 176.074448 688.233276 210.168549 1.443888 1.577430 3.280850 3.559839 1.296890 35.070258 3.122897  
99 7 Car 0 0 -2.771159 266.613617 181.741287 359.791870 225.538818 1.492914 1.580329 3.843750 -10.671069 1.550747 25.990177 3.121733  
99 8 Car 0 0 2.621920 834.136963 180.137909 1146.208374 363.339874 1.539062 1.573243 3.523438 3.258291 1.524289 6.688331 3.121733  
99 9 Car 0 1 2.829876 749.104370 177.121811 883.905701 285.541748 1.500000 1.629932 3.570312 3.443361 1.434980 11.547986 3.121733  
99 10 Car 0 1 2.929990 710.782654 180.500763 771.897278 246.510834 1.473047 1.586718 3.640625 3.453151 1.360925 17.559207 3.121733  
99 11 Car 0 2 2.976085 679.742249 178.679230 735.850708 229.705414 1.492188 1.742578 4.085938 3.490163 1.352251 22.976155 3.121733  
99 13 Car 0 2 3.022749 657.448181 176.088593 691.146790 211.348389 1.443888 1.577430 3.280850 3.523077 1.265398 34.102356 3.121733  
100 7 Car 0 0 -2.744279 238.671692 181.891434 342.107452 227.783340 1.492914 1.580329 3.843750 -10.770902 1.528997 24.372767 3.121334  
100 8 Car 0 0 2.564649 871.851135 183.032700 1216.363403 368.350922 1.539062 1.573243 3.523438 3.261542 1.539026 5.689905 3.121334  
100 9 Car 0 1 2.799319 759.449768 177.238312 920.495605 297.997498 1.500000 1.629932 3.570312 3.437962 1.450250 10.618906 3.121334  
100 10 Car 0 1 2.916881 715.834351 179.391205 785.542542 251.359634 1.473047 1.586718 3.640625 3.432234 1.364394 16.593957 3.121334  
100 11 Car 0 2 2.973209 680.248352 178.081619 738.923767 231.681427 1.492188 1.742578 4.085938 3.471403 1.361385 22.029408 3.121334  
100 13 Car 0 2 3.022883 656.387817 176.384048 691.447021 211.875153 1.443888 1.577430 3.280850 3.486315 1.233907 33.134453 3.121334  
101 7 Car 0 0 -2.715492 207.897430 181.636612 320.853485 231.571838 1.492914 1.580329 3.843750 -10.870734 1.507248 22.755356 3.119803  
101 8 Car 1 0 2.542323 908.400391 179.233505 1221.150146 366.441315 1.539062 1.573243 3.523438 3.264793 1.553763 4.691479 3.119803  
101 9 Car 0 1 2.763317 773.277466 175.360443 961.489807 310.286194 1.500000 1.629932 3.570312 3.431168 1.457547 9.626276 3.119803  
101 10 Car 0 1 2.899947 723.426758 179.037476 800.741943 257.790192 1.473047 1.586718 3.640625 3.411318 1.367864 15.628708 3.119803  
101 11 Car 0 2 2.961430 685.785278 177.417282 748.222900 230.626465 1.492188 1.742578 4.085938 3.462261 1.383591 21.025735 3.119803  
101 13 Car 0 2 3.018349 658.502930 174.929581 693.620178 212.306534 1.443888 1.577430 3.280850 3.449553 1.202416 32.166550 3.119803  
101 14 Car 0 0 -3.126622 565.839355 173.002319 590.317322 192.931381 1.403808 1.535471 4.500000 -2.466850 0.613923 67.317107 3.119803  
102 7 Car 0 0 -2.680878 170.796143 181.590576 296.284790 236.743454 1.492914 1.580329 3.843750 -10.970567 1.485498 21.137946 3.119592  
102 8 Car 1 0 2.512136 967.158569 198.069901 1224.000000 369.720398 1.539062 1.573243 3.523438 3.268044 1.568500 3.693053 3.119592  
102 9 Car 0 1 2.719179 790.068237 173.831345 1016.655090 326.687195 1.500000 1.629932 3.570312 3.424374 1.464843 8.633646 3.119592  
102 10 Car 0 1 2.887912 724.591614 178.544647 817.180664 259.266876 1.473047 1.586718 3.640625 3.403734 1.400429 14.610623 3.119592  
102 11 Car 0 1 2.953310 691.686096 176.638840 753.807434 235.641495 1.492188 1.742578 4.085938 3.453119 1.405797 20.022061 3.119592  
102 12 Car 0 2 2.973541 680.578430 175.917526 735.595398 224.104919 1.483311 1.712267 4.046875 3.765466 1.282422 26.508943 3.119592  
102 13 Car 0 2 3.014666 659.629456 174.682968 697.456177 212.244965 1.443888 1.577430 3.280850 3.412791 1.170925 31.198648 3.119592  
103 7 Car 0 0 -2.646021 128.376129 182.844528 271.136658 244.662338 1.492914 1.580329 3.843750 -11.051066 1.521624 19.539593 3.117702  
103 8 Car 1 0 2.470525 1052.880493 222.099243 1224.000000 369.382080 1.539062 1.573243 3.523438 3.271295 1.583236 2.694627 3.117702  
103 9 Car 0 1 2.667600 808.356323 172.080933 1083.072021 350.600525 1.500000 1.629932 3.570312 3.417580 1.472140 7.641016 3.117702  
103 10 Car 0 1 2.868393 730.262756 180.695480 837.937012 268.695435 1.473047 1.586718 3.640625 3.396149 1.432995 13.592538 3.117702  
103 11 Car 0 1 2.943792 693.990051 177.201050 762.608215 237.541168 1.492188 1.742578 4.085938 3.443977 1.428003 19.018387 3.117702  
103 12 Car 0 2 2.980122 677.918457 178.718475 726.032593 224.464661 1.483311 1.712267 4.046875 3.745845 1.323917 25.503463 3.117702  
103 13 Car 0 2 3.014435 658.078369 175.907639 696.635620 214.794037 1.443888 1.577430 3.280850 3.382925 1.211197 30.228472 3.117702  
103 14 Car 0 0 -3.118255 557.387390 176.012680 583.940369 193.976166 1.403808 1.535471 4.500000 -2.858072 0.670817 61.983081 3.117702  
104 7 Car 0 0 -2.605598 79.052666 183.950195 242.665787 251.054901 1.492914 1.580329 3.843750 -11.131565 1.557750 17.941240 3.117650  
104 9 Car 0 1 2.594472 828.923828 180.936264 1194.875610 362.194275 1.500000 1.629932 3.570312 3.410786 1.479436 6.648386 3.117650  
104 10 Car 0 1 2.844889 739.036194 180.908905 864.697388 279.983917 1.473047 1.586718 3.640625 3.388565 1.465560 12.574453 3.117650  
104 11 Car 0 1 2.931227 700.600891 178.799469 774.279846 241.867859 1.492188 1.742578 4.085938 3.434835 1.450209 18.014713 3.117650  
104 12 Car 0 2 2.960947 688.621582 179.415909 742.966370 232.163330 1.483311 1.712267 4.046875 3.726223 1.365411 24.497984 3.117650  
104 13 Car 0 2 3.011228 662.072632 177.086365 697.152222 214.328842 1.443888 1.577430 3.280850 3.353060 1.251469 29.258297 3.117650  
105 7 Car 0 0 -2.558399 17.257786 184.937241 205.412659 261.056335 1.492914 1.580329 3.843750 -11.212064 1.593876 16.342887 3.116140  
105 9 Car 1 1 2.563724 862.001160 178.243713 1217.861450 368.821106 1.500000 1.629932 3.570312 3.403992 1.486733 5.655756 3.116140  
105 10 Car 0 1 2.820061 748.867981 183.549118 890.658691 289.609314 1.473047 1.586718 3.640625 3.380980 1.498126 11.556368 3.116140  
105 11 Car 0 1 2.921013 704.552917 181.889740 783.094666 247.851227 1.492188 1.742578 4.085938 3.425693 1.472415 17.011039 3.116140  
105 12 Car 0 2 2.950587 696.263184 179.549957 748.170227 230.735809 1.483311 1.712267 4.046875 3.706602 1.406905 23.492505 3.116140  
105 13 Car 0 2 3.003037 664.784851 180.009521 704.001953 217.653488 1.443888 1.577430 3.280850 3.323194 1.291741 28.288121 3.116140  
105 14 Car 0 0 -3.107452 548.515381 178.082550 575.277222 196.554321 1.403808 1.535471 4.500000 -3.319130 0.976064 56.416253 3.116140  
