1 3 traffic_cone 0 0 -1.946804 1196.278774 542.135053 1360.833613 759.144561 1.14 0.86 0.64 2.61 1.58 7.29 -1.600573 0
1 7 bus 0 0 -2.058278 1287.431600 405.821428 1600.000000 540.554264 3.61 3.13 13.82 21.24 1.90 37.57 -1.600573 0
1 8 construction_vehicle 0 0 -2.052691 1270.081540 372.613825 1600.000000 708.767616 2.35 2.11 4.55 5.33 1.66 11.20 -1.600573 0
2 3 traffic_cone 0 0 -2.094116 1327.048329 573.411563 1600.000000 900.000000 1.14 0.86 0.64 2.40 1.57 4.77 -1.623767 0
2 7 bus 0 0 -2.062587 1229.165160 403.158957 1600.000000 544.004396 3.61 3.13 13.82 18.90 1.84 35.99 -1.623767 0
2 8 construction_vehicle 0 0 -2.095379 1331.035283 335.569407 1600.000000 801.548517 2.35 2.11 4.55 5.05 1.64 8.75 -1.623767 0
3 11 car 0 0 -1.503292 563.905016 451.340660 757.878688 520.041115 1.98 2.38 5.33 -5.01 1.42 38.02 -1.634788 0
3 7 bus 0 0 -2.058451 1183.144789 404.268081 1600.000000 553.429121 3.61 3.13 13.82 17.00 1.99 34.13 -1.634788 0
3 8 construction_vehicle 0 0 -2.144756 1454.615079 260.685983 1600.000000 900.000000 2.35 2.11 4.55 4.92 1.69 6.25 -1.634788 0
4 11 car 0 0 -1.546869 606.619996 447.080571 815.499993 521.283448 1.98 2.38 5.33 -3.24 1.37 35.34 -1.638824 0
4 7 bus 0 0 -2.051793 1151.055335 383.994541 1600.000000 541.231111 3.61 3.13 13.82 15.71 1.66 32.56 -1.638824 0
5 11 car 0 0 -1.603203 658.221495 450.790056 885.231205 532.103226 1.98 2.38 5.33 -1.40 1.53 32.44 -1.646966 0
5 7 bus 0 0 -2.039305 1089.982723 383.246814 1600.000000 548.249202 3.61 3.13 13.82 13.79 1.79 31.16 -1.646966 0
6 11 car 0 0 -1.705167 740.971899 441.419144 991.398191 535.024487 1.98 2.38 5.33 0.96 1.40 29.25 -1.673571 0
6 7 bus 0 0 -2.030959 988.837026 360.475569 1600.000000 538.598713 3.61 3.13 13.82 11.07 1.45 29.98 -1.673571 0
7 11 car 0 0 -1.826915 848.635358 460.263309 1118.922362 561.213532 1.98 2.38 5.33 3.36 1.81 26.37 -1.702097 0
7 7 bus 0 0 -1.992867 872.399090 381.533920 1530.588074 560.100193 3.61 3.13 13.82 8.16 1.90 29.01 -1.702097 0
8 11 car 0 0 -1.978276 1010.566825 448.169769 1317.025864 560.965538 1.98 2.38 5.33 6.30 1.59 23.78 -1.715347 0
8 7 bus 0 0 -1.932244 772.398488 358.814241 1432.928455 545.680375 3.61 3.13 13.82 5.78 1.45 28.07 -1.715347 0
9 15 car 0 0 -1.329143 177.557472 457.788297 441.092231 538.496864 1.60 2.12 4.98 -11.10 1.40 26.98 -1.720704 0
9 11 car 0 0 -2.162755 1239.059641 445.098200 1600.000000 573.188207 1.98 2.38 5.33 9.87 1.62 21.13 -1.720704 0
9 7 bus 0 0 -1.873140 692.497221 352.218460 1345.612690 545.981912 3.61 3.13 13.82 3.87 1.47 27.59 -1.720704 0
10 15 car 0 0 -1.393101 249.623717 454.236879 536.291685 543.105660 1.60 2.12 4.98 -8.46 1.34 24.55 -1.726320 0
10 11 car 0 0 -2.252491 1508.404817 446.696501 1600.000000 593.481244 1.98 2.38 5.33 13.48 1.68 18.72 -1.726320 0
10 7 bus 0 0 -1.827300 633.340192 346.096688 1273.716938 548.784897 3.61 3.13 13.82 2.18 1.41 27.25 -1.726320 0
11 15 car 0 0 -1.473390 343.039136 448.008069 656.141063 547.842819 1.60 2.12 4.98 -5.79 1.29 22.31 -1.728705 0
11 7 bus 0 0 -1.780788 590.016385 331.277952 1193.778271 539.764487 3.61 3.13 13.82 0.67 1.21 27.24 -1.728705 0
12 14 car 0 0 -2.283508 1598.940660 448.874723 1600.000000 559.330091 1.52 2.38 4.89 15.21 1.28 19.59 -1.730742 0
12 15 car 0 0 -1.578102 463.025398 448.243249 804.692722 559.220880 1.60 2.12 4.98 -3.08 1.33 20.23 -1.730742 0
12 7 bus 0 0 -1.742706 577.278449 332.000823 1105.877404 539.885004 3.61 3.13 13.82 -0.52 1.19 27.91 -1.730742 0
13 14 car 0 0 -2.246696 1462.650317 445.240857 1600.000000 558.923197 1.52 2.38 4.89 12.74 1.24 19.29 -1.734288 0
13 15 car 0 0 -1.722729 625.909021 451.884606 998.303410 577.318644 1.60 2.12 4.98 -0.16 1.43 18.27 -1.734288 0
13 7 bus 0 0 -1.712164 575.314879 337.549623 1022.415912 541.367269 3.61 3.13 13.82 -1.49 1.24 28.75 -1.734288 0
14 14 car 0 0 -2.210114 1304.881118 433.193800 1600.000000 550.248579 1.52 2.38 4.89 10.06 1.07 19.18 -1.746821 0
14 15 car 0 0 -1.904724 821.017508 444.919600 1231.128187 587.536232 1.60 2.12 4.98 2.62 1.38 16.59 -1.746821 0
14 7 bus 0 0 -1.685205 570.140637 341.362476 928.454542 537.190186 3.61 3.13 13.82 -2.62 1.18 29.97 -1.746821 0
15 14 car 0 0 -2.094177 1079.230490 432.533734 1438.182464 551.955536 1.52 2.38 4.89 6.49 1.08 19.37 -1.762036 0
15 15 car 0 0 -2.162532 1115.075039 432.038190 1598.928873 593.019767 1.60 2.12 4.98 6.12 1.28 15.13 -1.762036 0
15 7 bus 0 0 -1.668242 573.286160 347.085135 844.185416 535.945492 3.61 3.13 13.82 -3.59 1.20 31.42 -1.762036 0
16 14 car 0 0 -1.927513 849.573161 432.463054 1187.596033 550.186300 1.52 2.38 4.89 3.03 1.07 19.69 -1.775444 0
16 15 car 0 0 -2.277435 1428.490698 412.544418 1600.000000 588.009946 1.60 2.12 4.98 9.74 1.11 14.00 -1.775444 0
16 7 bus 0 0 -1.666040 594.932946 346.945290 783.019318 525.395383 3.61 3.13 13.82 -4.12 0.98 33.16 -1.775444 0
17 14 car 0 0 -1.761496 630.492074 436.834974 966.103096 552.454295 1.52 2.38 4.89 -0.37 1.13 20.17 -1.784073 0
17 7 bus 0 0 -1.659681 597.019216 354.728572 742.857398 518.483831 3.61 3.13 13.82 -4.72 0.91 35.67 -1.784073 0
18 14 car 0 0 -1.595845 414.314534 444.730781 750.422466 556.187316 1.52 2.38 4.89 -4.00 1.24 20.94 -1.788368 0
18 7 bus 0 0 -1.652045 587.896856 362.959322 721.573686 512.899153 3.61 3.13 13.82 -4.97 0.85 38.40 -1.788368 0
18 16 truck 0 0 -2.288775 1423.330769 324.272372 1600.000000 548.964924 2.46 2.65 7.13 12.37 0.83 17.10 -1.788368 0
18 21 car 0 0 -1.208467 0.000000 426.908958 11.925157 601.067688 2.23 2.56 5.64 -15.89 1.73 18.98 -1.788368 0
19 14 car 0 0 -1.452400 221.891828 452.410557 554.955620 559.398234 1.52 2.38 4.89 -7.55 1.36 21.81 -1.788847 0
19 7 bus 0 0 -1.657472 600.278393 368.330679 721.815012 504.789744 3.61 3.13 13.82 -5.17 0.75 41.50 -1.788847 0
19 16 truck 0 0 -2.217280 1197.560743 339.915365 1600.000000 554.419112 2.46 2.65 7.13 9.13 0.95 17.78 -1.788847 0
19 21 car 0 0 -1.270593 0.000000 417.945232 224.352417 600.156802 2.23 2.56 5.64 -12.15 1.64 18.17 -1.788847 0
20 14 car 0 0 -1.328583 40.849050 458.714584 369.646774 561.504543 1.52 2.38 4.89 -11.20 1.46 22.73 -1.788991 0
20 7 bus 0 0 -1.660365 609.410674 376.685968 719.687599 500.556616 3.61 3.13 13.82 -5.53 0.72 45.02 -1.788991 0
20 16 truck 0 0 -2.111401 969.445662 352.903987 1520.775616 557.729440 2.46 2.65 7.13 5.87 1.04 18.50 -1.788991 0
20 21 car 0 0 -1.343437 0.000000 406.873513 456.533591 598.069395 2.23 2.56 5.64 -8.42 1.54 17.40 -1.788991 0
21 14 car 0 0 -1.262905 0.000000 464.041371 198.507881 562.962719 1.52 2.38 4.89 -14.84 1.56 23.65 -1.788909 0
21 7 bus 0 0 -1.662554 616.964447 383.281567 717.917926 496.720628 3.61 3.13 13.82 -5.88 0.68 48.52 -1.788909 0
21 16 truck 0 0 -1.927594 746.195233 367.323599 1256.720340 563.303412 2.46 2.65 7.13 2.63 1.18 19.16 -1.788909 0
21 21 car 0 0 -1.508389 219.026899 395.701460 712.236250 596.803809 2.23 2.56 5.64 -4.66 1.44 16.65 -1.788909 0
22 14 car 0 0 -1.216756 0.000000 468.687635 39.682881 564.027258 1.52 2.38 4.89 -18.49 1.65 24.57 -1.788865 0
22 7 bus 0 0 -1.664629 623.392407 388.610750 716.882260 493.234735 3.61 3.13 13.82 -6.23 0.62 52.03 -1.788865 0
22 16 truck 0 0 -1.736289 517.999206 373.180571 1003.317842 561.346884 2.46 2.65 7.13 -0.94 1.20 19.90 -1.788865 0
22 21 car 0 0 -1.723938 499.391824 383.155539 990.871212 595.218792 2.23 2.56 5.64 -0.89 1.35 15.90 -1.788865 0
23 18 car 0 0 -2.299761 1457.773157 390.215698 1600.000000 563.256513 2.00 1.97 4.59 11.33 1.09 16.94 -1.788833 0
23 17 bicycle 0 0 -2.323487 1536.971374 407.479941 1600.000000 537.605088 1.84 0.93 2.07 12.11 0.96 19.02 -1.788833 0
23 7 bus 0 0 -1.667514 631.209734 392.768109 716.485391 488.622374 3.61 3.13 13.82 -6.66 0.52 56.15 -1.788833 0
23 16 truck 0 0 -1.568398 306.010532 378.538088 785.714577 559.524427 2.46 2.65 7.13 -4.51 1.22 20.64 -1.788833 0
23 21 car 0 0 -1.982830 809.190480 369.444642 1336.259618 593.667953 2.23 2.56 5.64 2.87 1.25 15.16 -1.788833 0
24 22 car 0 0 -1.251360 0.000000 465.316982 159.531851 591.906946 1.55 1.98 4.33 -12.42 1.61 18.40 -1.788919 0
24 18 car 0 0 -2.204138 1188.483031 400.367278 1569.300335 564.131381 2.00 1.97 4.59 7.64 1.17 17.82 -1.788919 0
24 17 bicycle 0 0 -2.251352 1369.686278 409.598978 1532.501403 535.550697 1.84 0.93 2.07 9.75 0.96 19.65 -1.788919 0
24 7 bus 0 0 -1.670325 637.977615 396.278185 716.645712 484.716490 3.61 3.13 13.82 -7.07 0.42 60.27 -1.788919 0
24 16 truck 0 0 -1.425173 115.003105 387.062039 584.318837 559.582644 2.46 2.65 7.13 -8.09 1.29 21.51 -1.788919 0
24 21 car 0 0 -2.199573 1144.147624 354.488238 1600.000000 591.626781 2.23 2.56 5.64 6.68 1.16 14.44 -1.788919 0
25 22 car 0 0 -1.320326 5.381523 461.425959 379.459532 594.395085 1.55 1.98 4.33 -8.79 1.56 17.51 -1.788917 0
25 18 car 0 0 -1.999469 925.383776 409.153030 1263.293554 564.645529 2.00 1.97 4.59 3.94 1.24 18.70 -1.788917 0
25 17 bicycle 0 0 -2.139993 1211.918661 411.285265 1358.938280 533.332265 1.84 0.93 2.07 7.39 0.95 20.28 -1.788917 0
25 7 bus 0 0 -1.672301 643.530911 399.394069 716.115701 481.005664 3.61 3.13 13.82 -7.52 0.30 64.74 -1.788917 0
25 16 truck 0 0 -1.324279 0.000000 394.746302 397.258073 559.555041 2.46 2.65 7.13 -11.67 1.36 22.39 -1.788917 0
25 21 car 0 0 -2.302618 1466.919795 337.343742 1600.000000 589.014087 2.23 2.56 5.64 10.50 1.06 13.72 -1.788917 0
26 0 truck 0 0 -1.210326 0.000000 0.000000 16.664151 900.000000 3.08 2.75 8.70 -3.18 1.60 -1.15 -1.788902 0
26 22 car 0 0 -1.499525 263.483602 448.929831 643.683728 589.198814 1.55 1.98 4.33 -4.86 1.40 16.62 -1.788902 0
26 18 car 0 0 -1.797820 678.148485 417.304740 997.373497 565.340078 2.00 1.97 4.59 0.24 1.31 19.58 -1.788902 0
26 17 bicycle 0 0 -2.031940 1068.906813 415.703369 1205.513539 534.464863 1.84 0.93 2.07 5.15 1.00 20.82 -1.788902 0
26 7 bus 0 0 -1.672746 646.562721 403.114896 714.255341 479.229156 3.61 3.13 13.82 -8.05 0.26 68.91 -1.788902 0
26 16 truck 0 0 -1.269030 0.000000 411.398889 218.978811 567.738581 2.46 2.65 7.13 -15.37 1.58 23.35 -1.788902 0
27 0 truck 0 0 -1.235577 0.000000 0.000000 105.268769 900.000000 3.08 2.75 8.70 -3.23 1.69 -0.68 -1.788963 0
27 22 car 0 0 -1.708845 537.013462 442.249773 914.986898 588.731792 1.55 1.98 4.33 -1.19 1.32 15.89 -1.788963 0
27 18 car 0 0 -1.627642 464.328673 425.356882 781.095027 567.130513 2.00 1.97 4.59 -3.25 1.40 20.40 -1.788963 0
27 17 bicycle 0 0 -1.923819 930.274110 419.917292 1062.866397 535.576801 1.84 0.93 2.07 2.91 1.04 21.36 -1.788963 0
27 7 bus 0 0 -1.673198 649.402026 404.816110 712.408791 475.663309 3.61 3.13 13.82 -8.63 0.10 73.50 -1.788963 0
27 23 car 0 0 -2.258395 1324.161017 426.467518 1600.000000 554.946091 1.49 2.04 4.63 9.60 1.01 17.47 -1.788963 0
27 16 truck 0 0 -1.220895 0.000000 426.267297 53.970876 575.231561 2.46 2.65 7.13 -19.08 1.81 24.31 -1.788963 0
28 0 truck 0 0 -1.255711 0.000000 40.096531 174.136090 900.000000 3.08 2.75 8.70 -3.27 1.79 -0.21 -1.788958 0
28 22 car 0 0 -1.953494 838.022323 434.945339 1231.180343 588.194895 1.55 1.98 4.33 2.48 1.24 15.17 -1.788958 0
28 18 car 0 0 -1.478350 267.073223 429.461590 581.801857 565.547419 2.00 1.97 4.59 -6.75 1.44 21.23 -1.788958 0
28 17 bicycle 0 0 -1.819068 798.355404 423.859525 930.288322 536.583248 1.84 0.93 2.07 0.67 1.09 21.91 -1.788958 0
28 7 bus 0 0 -1.673476 651.794455 406.264298 710.733542 472.525156 3.61 3.13 13.82 -9.21 -0.05 78.09 -1.788958 0
28 23 car 0 0 -2.109215 1064.010482 435.418614 1420.216378 558.672195 1.49 2.04 4.63 5.87 1.11 18.27 -1.788958 0
29 0 truck 0 0 -1.256559 0.000000 42.430699 177.061820 900.000000 3.08 2.75 8.70 -3.29 1.78 -0.16 -1.788940 0
29 22 car 0 0 -2.203889 1156.973102 426.802241 1600.000000 587.682973 1.55 1.98 4.33 6.15 1.17 14.45 -1.788940 0
29 18 car 0 0 -1.344673 73.221008 436.186182 387.267746 567.973413 2.00 1.97 4.59 -10.38 1.54 21.96 -1.788940 0
29 17 bicycle 0 0 -1.718796 672.879317 427.524631 804.252280 537.513901 1.84 0.93 2.07 -1.56 1.13 22.45 -1.788940 0
29 7 bus 0 0 -1.671638 651.203028 409.009664 706.700576 471.072839 3.61 3.13 13.82 -9.92 -0.13 82.91 -1.788940 0
29 23 car 0 0 -1.898769 801.554688 437.699788 1127.921931 555.854727 1.49 2.04 4.63 2.14 1.13 19.07 -1.788940 0
29 25 car 0 0 -1.317842 0.000000 459.585731 376.939824 599.192637 1.48 1.89 4.49 -8.46 1.48 16.29 -1.788940 0
30 0 truck 0 0 -1.257330 0.000000 44.561099 179.564205 900.000000 3.08 2.75 8.70 -3.30 1.77 -0.11 -1.788970 0
30 22 car 0 0 -2.307450 1482.751463 417.333616 1600.000000 587.607571 1.55 1.98 4.33 9.89 1.10 13.73 -1.788970 0
30 18 car 0 0 -1.264961 0.000000 447.979323 205.182107 575.961967 2.00 1.97 4.59 -14.02 1.73 22.69 -1.788970 0
30 24 car 0 0 -2.331332 1563.179621 415.139708 1600.000000 560.291248 1.61 2.15 4.71 12.88 1.02 16.77 -1.788970 0
30 17 bicycle 0 0 -1.632978 564.051921 432.272711 695.066018 539.880031 1.84 0.93 2.07 -3.60 1.21 22.95 -1.788970 0
30 7 bus 0 0 -1.669888 650.453818 411.549479 702.930705 469.917072 3.61 3.13 13.82 -10.63 -0.20 87.73 -1.788970 0
30 23 car 0 0 -1.709412 565.758565 443.225779 887.653510 556.630145 1.49 2.04 4.63 -1.52 1.20 19.88 -1.788970 0
30 25 car 0 0 -1.508928 260.563626 451.821224 671.994661 596.486688 1.48 1.89 4.49 -4.41 1.39 15.66 -1.788970 0
31 0 truck 0 0 -1.258151 0.000000 46.436580 182.369988 900.000000 3.08 2.75 8.70 -3.32 1.76 -0.07 -1.788958 0
31 24 car 0 0 -2.236226 1255.099811 423.203478 1600.000000 560.050861 1.61 2.15 4.71 8.69 1.09 17.69 -1.788958 0
31 17 bicycle 0 0 -1.552961 460.159169 436.498128 590.467551 541.795731 1.84 0.93 2.07 -5.63 1.27 23.45 -1.788958 0
31 7 bus 0 0 -1.667983 647.695193 413.557226 700.873554 468.488056 3.61 3.13 13.82 -11.41 -0.29 92.75 -1.788958 0
31 23 car 0 0 -1.541013 349.272368 448.009866 669.592813 556.976931 1.49 2.04 4.63 -5.17 1.26 20.70 -1.788958 0
31 25 car 0 0 -1.759935 588.045798 443.029381 992.387970 593.122320 1.48 1.89 4.49 -0.35 1.29 15.02 -1.788958 0
32 0 truck 0 0 -1.258910 0.000000 48.243181 184.899087 900.000000 3.08 2.75 8.70 -3.33 1.75 -0.02 -1.788966 0
32 24 car 0 0 -2.031543 960.807485 429.884297 1312.384037 559.850849 1.61 2.15 4.71 4.50 1.15 18.60 -1.788966 0
32 17 bicycle 0 0 -1.479152 360.874463 440.735667 490.192798 543.830416 1.84 0.93 2.07 -7.66 1.34 23.96 -1.788966 0
32 7 bus 0 0 -1.665266 643.990106 415.568509 697.648820 467.458571 3.61 3.13 13.82 -12.29 -0.36 97.75 -1.788966 0
32 23 car 0 0 -1.397104 150.079921 455.499250 467.688233 560.531965 1.49 2.04 4.63 -8.83 1.38 21.51 -1.788966 0
32 25 car 0 0 -2.037873 927.771769 434.688619 1362.279315 590.846680 1.48 1.89 4.49 3.52 1.20 14.42 -1.788966 0
33 0 truck 0 0 -1.258025 0.000000 45.839992 182.011813 900.000000 3.08 2.75 8.70 -3.34 1.74 -0.02 -1.788939 0
33 24 car 0 0 -1.800867 676.976312 435.625106 1006.090347 559.601415 1.61 2.15 4.71 0.31 1.21 19.52 -1.788939 0
33 17 bicycle 0 0 -1.408648 261.346575 443.993183 390.207179 545.138766 1.84 0.93 2.07 -9.76 1.39 24.44 -1.788939 0
33 7 bus 0 0 -1.661034 638.521084 417.366334 692.414394 466.541354 3.61 3.13 13.82 -13.35 -0.43 102.73 -1.788939 0
33 23 car 0 0 -1.287464 0.000000 462.278911 279.546457 563.600805 1.49 2.04 4.63 -12.49 1.49 22.33 -1.788939 0
33 25 car 0 0 -2.239500 1265.266971 424.974318 1600.000000 588.288908 1.48 1.89 4.49 7.39 1.11 13.82 -1.788939 0
34 0 truck 0 0 -1.257252 0.000000 43.701009 179.354127 900.000000 3.08 2.75 8.70 -3.35 1.73 -0.02 -1.788953 0
34 24 car 0 0 -1.600061 422.558133 443.706288 751.612511 562.818542 1.61 2.15 4.71 -3.82 1.32 20.39 -1.788953 0
34 17 bicycle 0 0 -1.344531 165.745434 447.056931 294.264206 546.312103 1.84 0.93 2.07 -11.85 1.44 24.91 -1.788953 0
34 7 bus 0 0 -1.657327 633.653210 419.005952 687.798758 465.727551 3.61 3.13 13.82 -14.40 -0.50 107.71 -1.788953 0
34 23 car 0 0 -1.235291 0.000000 463.173367 104.308961 560.824569 1.49 2.04 4.63 -16.15 1.50 23.15 -1.788953 0
35 0 truck 0 0 -1.256497 0.000000 41.657281 176.694300 900.000000 3.08 2.75 8.70 -3.36 1.72 -0.01 -1.788987 0
35 24 car 0 0 -1.433275 196.726862 451.238234 525.571350 565.886385 1.61 2.15 4.71 -7.80 1.44 21.20 -1.788987 0
35 17 bicycle 0 0 -1.286325 73.679261 450.248038 201.993462 547.716829 1.84 0.93 2.07 -13.95 1.50 25.39 -1.788987 0
36 27 truck 0 0 -2.315148 1508.449428 374.753642 1600.000000 561.595630 2.13 2.19 5.64 12.80 1.05 17.14 -1.788964 0
36 0 truck 0 0 -1.255695 0.000000 39.308706 174.063468 900.000000 3.08 2.75 8.70 -3.38 1.71 -0.01 -1.788964 0
36 24 car 0 0 -1.301782 0.000000 460.294507 325.759698 570.932966 1.61 2.15 4.71 -11.61 1.59 22.03 -1.788964 0
37 27 truck 0 0 -2.238347 1261.714780 383.393480 1600.000000 561.683155 2.13 2.19 5.64 9.36 1.11 17.88 -1.788936 0
37 28 car 0 0 -1.266391 0.000000 415.358648 210.073449 596.071441 2.26 2.02 4.78 -11.72 1.62 18.01 -1.788936 0
37 0 truck 0 0 -1.254873 0.000000 37.294576 171.381516 900.000000 3.08 2.75 8.70 -3.39 1.71 -0.01 -1.788936 0
38 27 truck 0 0 -2.107882 1026.280127 391.050725 1454.239929 561.637802 2.13 2.19 5.64 5.93 1.16 18.63 -1.788959 0
38 28 car 0 0 -1.354178 37.529170 402.889359 451.981490 593.197512 2.26 2.02 4.78 -7.90 1.50 17.20 -1.788959 0
38 0 truck 0 0 -1.254083 0.000000 35.237069 168.627752 900.000000 3.08 2.75 8.70 -3.40 1.70 -0.01 -1.788959 0
39 27 truck 0 0 -1.917322 790.546926 398.219608 1186.093078 561.718960 2.13 2.19 5.64 2.49 1.21 19.37 -1.788937 0
39 28 car 0 0 -1.556282 320.908889 390.863110 738.569469 591.995560 2.26 2.02 4.78 -3.79 1.40 16.36 -1.788937 0
39 0 truck 0 0 -1.253307 0.000000 33.568946 166.074098 900.000000 3.08 2.75 8.70 -3.41 1.69 -0.00 -1.788937 0
40 27 truck 0 0 -1.725649 556.071959 405.778000 938.176862 562.498780 2.13 2.19 5.64 -1.20 1.28 20.13 -1.788993 0
40 28 car 0 0 -1.804080 635.906143 377.435212 1055.076642 590.681555 2.26 2.02 4.78 0.32 1.31 15.52 -1.788993 0
40 0 truck 0 0 -1.252563 0.000000 31.540863 163.363141 900.000000 3.08 2.75 8.70 -3.42 1.68 -0.00 -1.788993 0
