2 3 pedestrian 0 0 -2.234017 1201.525714 458.836707 1244.623720 556.353652 1.68 0.58 0.48 7.13 1.11 22.19 -1.923201 0
2 6 pedestrian 0 0 -2.096935 1012.736392 459.430498 1064.319202 560.260684 1.70 0.64 0.58 3.81 1.15 21.74 -1.923201 0
2 45 motorcycle 0 0 -2.399331 1444.566208 516.692891 1494.155125 574.388939 1.21 0.51 1.88 14.83 1.81 28.73 -1.923201 0
2 9 pedestrian 0 0 -2.020421 911.581601 473.932772 967.972380 558.329441 1.28 0.64 0.58 1.92 1.01 19.72 -1.923201 0
2 40 motorcycle 0 0 -2.311204 1299.241748 485.966226 1368.517091 552.018601 1.53 0.72 2.61 12.75 1.41 31.14 -1.923201 0
2 16 pedestrian 0 0 -1.956809 831.327037 446.568171 886.362140 560.478230 1.78 0.64 0.58 0.68 1.08 20.26 -1.923201 0
2 19 pedestrian 0 0 -2.087759 991.422643 439.796401 1061.713231 561.281735 1.84 0.64 0.86 3.26 1.05 19.66 -1.923201 0
2 20 pedestrian 0 0 -1.998088 882.646829 479.686313 939.918827 565.785322 1.28 0.64 0.58 1.45 1.11 19.36 -1.923201 0
2 22 pedestrian 0 0 -2.014263 904.950998 443.758742 958.867624 555.011834 1.78 0.64 0.58 1.89 1.01 20.74 -1.923201 0
2 23 pedestrian 0 0 -2.067674 972.791686 446.008022 1028.236345 562.757988 1.83 0.64 0.58 2.94 1.11 20.23 -1.923201 0
2 41 pedestrian 0 0 -2.150136 1086.719676 453.220891 1130.677942 546.655763 1.73 0.65 0.55 5.50 1.01 23.80 -1.923201 0
2 26 pedestrian 0 0 -2.226800 1189.453399 444.122208 1236.577548 539.612354 1.74 0.65 0.55 7.35 0.87 23.46 -1.923201 0
2 27 pedestrian 0 0 -2.094480 1007.997285 449.624969 1062.650244 556.564377 1.70 0.64 0.58 3.55 1.03 20.52 -1.923201 0
2 28 pedestrian 0 0 -2.162796 1099.708020 447.020000 1151.566001 548.045229 1.70 0.64 0.58 5.30 0.94 21.69 -1.923201 0
2 29 pedestrian 0 0 -1.807542 613.751514 449.367316 724.523672 629.990275 1.78 0.67 0.88 -1.51 1.36 13.03 -1.923201 0
2 30 pedestrian 0 0 -2.122934 1045.500302 448.338013 1099.760915 554.084957 1.70 0.64 0.58 4.20 1.00 20.75 -1.923201 0
2 42 motorcycle 0 0 -2.280606 1259.783681 478.946045 1318.618526 547.591914 1.34 0.56 1.67 9.64 1.09 25.79 -1.923201 0
2 34 pedestrian 0 0 -1.805036 620.155638 450.871845 711.685491 622.384839 1.83 0.67 0.88 -1.67 1.39 13.98 -1.923201 0
2 43 motorcycle 0 0 -2.312966 1304.537044 473.138338 1368.435207 540.440092 1.29 0.57 1.96 10.44 0.93 25.39 -1.923201 0
3 3 pedestrian 0 0 -2.239056 1022.830719 448.828572 1067.677783 550.549985 1.68 0.58 0.48 3.85 0.97 21.31 -2.060174 0
3 6 pedestrian 0 0 -2.091350 827.844248 451.205344 883.679082 558.953358 1.70 0.64 0.58 0.64 1.06 20.42 -2.060174 0
3 45 motorcycle 0 0 -2.411435 1257.173372 502.813569 1303.538525 560.407444 1.21 0.51 1.88 10.60 1.50 28.90 -2.060174 0
3 9 pedestrian 0 0 -2.006799 717.341992 469.042410 779.873567 561.316772 1.28 0.64 0.58 -0.97 0.97 18.15 -2.060174 0
3 40 motorcycle 0 0 -2.317975 1116.886251 475.115358 1183.477059 542.234191 1.53 0.72 2.61 8.19 1.16 30.97 -2.060174 0
3 16 pedestrian 0 0 -1.937753 629.132757 437.846361 691.771020 562.710632 1.78 0.64 0.58 -2.28 1.01 18.52 -2.060174 0
3 18 pedestrian 0 0 -2.561369 1481.094608 458.975993 1539.067572 549.249629 1.81 0.73 0.82 14.20 1.15 25.94 -2.060174 0
3 19 pedestrian 0 0 -2.079921 802.917513 429.299471 879.638294 560.293366 1.84 0.64 0.86 0.36 0.95 18.28 -2.060174 0
3 20 pedestrian 0 0 -1.982213 685.288725 474.665111 749.382208 569.262776 1.28 0.64 0.58 -1.38 1.06 17.74 -2.060174 0
3 22 pedestrian 0 0 -2.000560 710.589118 436.911011 770.772675 557.518185 1.78 0.64 0.58 -1.14 0.97 19.16 -2.060174 0
3 50 motorcycle 0 0 -2.378205 1206.349570 496.261836 1260.009302 561.337305 1.40 0.67 2.02 9.72 1.55 29.50 -2.060174 0
3 23 pedestrian 0 0 -2.058382 783.460811 436.987314 844.535415 562.801607 1.83 0.64 0.58 -0.03 1.03 18.80 -2.060174 0
3 41 pedestrian 0 0 -2.144838 900.447595 445.147633 947.040042 542.981177 1.73 0.65 0.55 1.93 0.90 22.74 -2.060174 0
3 26 pedestrian 0 0 -2.229907 1008.833544 433.469242 1057.782971 532.877162 1.74 0.65 0.55 3.86 0.72 22.53 -2.060174 0
3 27 pedestrian 0 0 -2.088904 822.955301 438.989572 882.368372 553.488727 1.70 0.64 0.58 0.55 0.91 19.20 -2.060174 0
3 28 pedestrian 0 0 -2.163111 919.540887 434.558106 974.640518 541.328199 1.70 0.64 0.58 2.12 0.78 20.55 -2.060174 0
3 29 pedestrian 0 0 -1.793104 403.503015 445.091031 536.032275 650.879623 1.78 0.67 0.88 -3.13 1.37 11.49 -2.060174 0
3 30 pedestrian 0 0 -2.118582 861.070380 440.085098 919.569420 552.757350 1.70 0.64 0.58 1.14 0.92 19.49 -2.060174 0
3 42 motorcycle 0 0 -2.287154 1079.625424 471.039697 1137.891460 541.881079 1.34 0.56 1.67 5.84 0.95 25.23 -2.060174 0
3 34 pedestrian 0 0 -1.794904 418.128452 442.670365 526.305524 636.907300 1.83 0.67 0.88 -3.40 1.36 12.49 -2.060174 0
3 51 motorcycle 0 0 -2.383629 1216.830913 479.529305 1264.781580 534.890102 1.32 0.59 2.37 10.91 1.04 32.49 -2.060174 0
3 43 motorcycle 0 0 -2.321447 1123.704092 462.513656 1186.072246 531.606442 1.29 0.57 1.96 6.69 0.73 24.95 -2.060174 0
4 3 pedestrian 0 0 -2.237303 825.773368 468.837062 872.313306 579.411193 1.68 0.58 0.48 0.51 1.33 19.61 -2.211428 0
4 6 pedestrian 0 0 -2.073239 609.512085 466.838051 670.766426 587.315138 1.70 0.64 0.58 -2.54 1.35 18.26 -2.211428 0
4 45 motorcycle 0 0 -2.421873 1064.637216 527.437075 1108.929067 586.685443 1.21 0.51 1.88 6.03 2.04 28.18 -2.211428 0
4 9 pedestrian 0 0 -1.974837 474.839456 486.689081 547.012585 592.750536 1.28 0.64 0.58 -3.80 1.23 15.77 -2.211428 0
4 40 motorcycle 0 0 -2.321738 923.615579 500.417953 989.453773 570.042606 1.53 0.72 2.61 3.33 1.76 29.83 -2.211428 0
4 14 car 0 0 -2.733947 1493.438134 515.570839 1597.783909 590.896142 1.49 1.60 4.30 16.73 2.10 29.21 -2.211428 0
4 16 pedestrian 0 0 -1.899028 370.698316 447.951494 443.792594 593.598739 1.78 0.64 0.58 -5.15 1.25 15.94 -2.211428 0
4 18 pedestrian 0 0 -2.558555 1247.131632 488.113551 1301.721576 578.658366 1.81 0.73 0.82 9.32 1.74 25.79 -2.211428 0
4 19 pedestrian 0 0 -2.057199 576.324605 439.688293 662.444521 589.143943 1.84 0.64 0.86 -2.50 1.20 16.10 -2.211428 0
4 20 pedestrian 0 0 -1.946343 434.973240 491.147473 509.961131 600.719566 1.28 0.64 0.58 -4.15 1.28 15.30 -2.211428 0
4 22 pedestrian 0 0 -1.970052 470.278674 448.987598 538.733117 587.482918 1.78 0.64 0.58 -4.12 1.24 16.75 -2.211428 0
4 50 motorcycle 0 0 -2.386393 1013.825642 519.643898 1066.444361 586.807053 1.40 0.67 2.02 5.07 2.07 28.60 -2.211428 0
4 23 pedestrian 0 0 -2.033819 554.803432 448.796706 623.086771 592.169265 1.83 0.64 0.58 -2.97 1.28 16.55 -2.211428 0
4 41 pedestrian 0 0 -2.128889 686.654608 462.752678 736.346410 569.924044 1.73 0.65 0.55 -1.72 1.26 20.79 -2.211428 0
4 26 pedestrian 0 0 -2.226358 809.663672 451.508457 860.687959 559.593604 1.74 0.65 0.55 0.31 1.09 20.74 -2.211428 0
4 27 pedestrian 0 0 -2.068886 601.640310 454.127850 667.393750 583.555972 1.70 0.64 0.58 -2.44 1.21 17.03 -2.211428 0
4 28 pedestrian 0 0 -2.152010 711.439540 452.975725 770.421776 571.021863 1.70 0.64 0.58 -1.11 1.14 18.63 -2.211428 0
4 29 pedestrian 0 0 -1.752363 106.236655 452.053550 274.355791 704.273225 1.78 0.67 0.88 -4.66 1.50 9.47 -2.211428 0
4 30 pedestrian 0 0 -2.101928 645.054708 456.355913 709.021183 582.750239 1.70 0.64 0.58 -1.91 1.22 17.41 -2.211428 0
4 42 motorcycle 0 0 -2.286230 881.363594 498.232746 940.985556 573.561191 1.34 0.56 1.67 1.80 1.48 23.77 -2.211428 0
4 34 pedestrian 0 0 -1.753955 126.694732 446.912470 258.909723 681.821460 1.83 0.67 0.88 -5.11 1.48 10.38 -2.211428 0
4 51 motorcycle 0 0 -2.391207 1023.383095 507.441130 1069.470731 564.258781 1.32 0.59 2.37 5.78 1.74 31.73 -2.211428 0
4 43 motorcycle 0 0 -2.326390 931.127952 486.486812 993.875700 559.222118 1.29 0.57 1.96 2.75 1.20 23.64 -2.211428 0
5 3 pedestrian 0 0 -2.220221 638.936661 455.215341 691.479815 580.219178 1.68 0.58 0.48 -2.07 1.19 17.38 -2.338940 0
5 6 pedestrian 0 0 -2.034342 381.617291 447.642022 454.639411 588.544047 1.70 0.64 0.58 -4.92 1.16 15.66 -2.338940 0
5 45 motorcycle 0 0 -2.424529 902.088727 520.858225 947.759455 583.743900 1.21 0.51 1.88 2.30 1.86 26.64 -2.338940 0
5 58 motorcycle 0 0 -2.589009 1125.531849 513.947860 1153.927644 565.405878 1.19 0.66 1.87 8.09 1.78 31.70 -2.338940 0
5 9 pedestrian 0 0 -1.915169 199.166209 470.219336 290.798902 598.976803 1.28 0.64 0.58 -5.87 1.06 13.03 -2.338940 0
5 40 motorcycle 0 0 -2.316642 753.069749 494.059880 822.978893 568.808105 1.53 0.72 2.61 -0.59 1.60 27.90 -2.338940 0
5 59 pedestrian 0 0 -2.076057 444.881046 452.676312 506.038625 580.717489 1.73 0.65 0.55 -4.69 1.20 17.44 -2.338940 0
5 14 car 0 0 -2.755693 1325.126446 512.282496 1428.651035 589.108239 1.49 1.60 4.30 12.76 2.03 29.04 -2.338940 0
5 16 pedestrian 0 0 -1.832105 65.696951 420.317240 160.580999 599.559117 1.78 0.64 0.58 -7.23 1.07 13.02 -2.338940 0
5 18 pedestrian 0 0 -2.546538 1055.057506 482.852250 1110.974848 578.053196 1.81 0.73 0.82 5.16 1.64 24.55 -2.338940 0
5 19 pedestrian 0 0 -2.009223 329.901646 411.945179 435.875426 591.107932 1.84 0.64 0.86 -4.62 1.01 13.52 -2.338940 0
5 20 pedestrian 0 0 -1.880636 142.925919 475.016916 240.064883 609.253675 1.28 0.64 0.58 -6.17 1.12 12.51 -2.338940 0
5 22 pedestrian 0 0 -1.913914 200.243681 424.466898 285.891220 591.450147 1.78 0.64 0.58 -6.31 1.06 13.95 -2.338940 0
5 50 motorcycle 0 0 -2.386370 848.586994 511.596002 904.168616 583.211229 1.40 0.67 2.02 1.30 1.86 26.90 -2.338940 0
5 23 pedestrian 0 0 -1.985782 307.682598 424.597595 391.220938 595.810189 1.83 0.64 0.58 -5.13 1.11 13.92 -2.338940 0
5 41 pedestrian 0 0 -2.095236 472.531893 446.475223 530.223962 568.432601 1.73 0.65 0.55 -4.54 1.08 18.30 -2.338940 0
5 26 pedestrian 0 0 -2.202652 613.863100 436.202899 671.322545 557.638458 1.74 0.65 0.55 -2.53 0.94 18.48 -2.338940 0
5 27 pedestrian 0 0 -2.025674 366.318227 433.761799 445.749220 586.963292 1.70 0.64 0.58 -4.67 1.05 14.44 -2.338940 0
5 28 pedestrian 0 0 -2.122149 503.067541 437.041519 571.602871 572.985457 1.70 0.64 0.58 -3.57 1.01 16.22 -2.338940 0
5 55 car 0 0 -2.876474 1542.312826 516.740713 1600.000000 594.181257 1.44 1.71 4.12 17.57 2.07 28.15 -2.338940 0
5 30 pedestrian 0 0 -2.063547 420.323851 437.611692 496.498340 585.785134 1.70 0.64 0.58 -4.20 1.07 14.89 -2.338940 0
5 42 motorcycle 0 0 -2.273097 699.700338 493.793476 765.823318 577.048015 1.34 0.56 1.67 -1.41 1.39 21.65 -2.338940 0
5 32 car 0 0 -2.827639 1434.395761 505.455580 1544.893824 585.480748 1.57 1.54 4.03 15.13 1.94 28.64 -2.338940 0
5 51 motorcycle 0 0 -2.391263 858.714710 503.891627 906.464814 564.282974 1.32 0.59 2.37 1.60 1.64 30.09 -2.338940 0
5 43 motorcycle 0 0 -2.320439 758.669995 478.047240 826.999586 557.431655 1.29 0.57 1.96 -0.38 1.06 21.67 -2.338940 0
6 1 car 0 0 -2.974051 1549.182393 515.585264 1600.000000 611.479119 1.69 1.74 4.98 17.21 2.26 26.70 -2.434518 0
6 3 pedestrian 0 0 -2.192643 472.233796 460.847138 535.434956 606.761114 1.68 0.58 0.48 -3.68 1.32 14.93 -2.434518 0
6 5 car 0 0 -2.984541 1585.507806 529.217010 1600.000000 688.417334 1.49 1.69 4.59 11.28 2.04 15.68 -2.434518 0
6 6 pedestrian 0 0 -1.978049 147.474739 449.957688 241.287529 620.836351 1.70 0.64 0.58 -6.37 1.28 12.98 -2.434518 0
6 45 motorcycle 0 0 -2.427002 782.040387 531.629311 831.455195 600.154547 1.21 0.51 1.88 -0.17 2.02 24.60 -2.434518 0
6 62 motorcycle 0 0 -2.216179 489.612825 540.498815 580.944517 631.581244 1.29 0.57 2.19 -4.50 2.13 20.47 -2.434518 0
6 58 motorcycle 0 0 -2.602230 1016.047448 526.417641 1045.299283 580.811074 1.19 0.66 1.87 5.10 2.05 30.15 -2.434518 0
6 9 pedestrian 0 0 -1.863059 0.000000 479.599267 3.845039 644.410339 1.28 0.64 0.58 -7.09 1.19 10.26 -2.434518 0
6 40 motorcycle 0 0 -2.309845 618.659348 506.385029 696.449877 588.779714 1.53 0.72 2.61 -3.17 1.85 25.56 -2.434518 0
6 59 pedestrian 0 0 -2.030234 235.892732 447.487160 312.960274 599.245818 1.73 0.65 0.55 -6.31 1.22 14.76 -2.434518 0
6 14 car 0 0 -2.781786 1220.702046 520.157598 1328.553290 600.014186 1.49 1.60 4.30 10.01 2.18 27.93 -2.434518 0
6 18 pedestrian 0 0 -2.531273 909.125442 491.523894 969.238461 595.583779 1.81 0.73 0.82 2.18 1.81 22.54 -2.434518 0
6 19 pedestrian 0 0 -1.937019 57.212389 408.455291 199.840617 633.513221 1.84 0.64 0.86 -5.88 1.16 10.86 -2.434518 0
6 22 pedestrian 0 0 -1.864501 0.000000 421.904747 9.005470 632.427123 1.78 0.64 0.58 -7.61 1.19 11.14 -2.434518 0
6 50 motorcycle 0 0 -2.385614 723.516539 521.155286 785.050786 599.400576 1.40 0.67 2.02 -1.19 2.01 24.73 -2.434518 0
6 23 pedestrian 0 0 -1.915228 36.543650 420.672954 148.171788 634.224753 1.83 0.64 0.58 -6.41 1.22 11.23 -2.434518 0
6 41 pedestrian 0 0 -2.061619 285.124860 450.880972 356.558657 594.337324 1.73 0.65 0.55 -6.09 1.23 15.60 -2.434518 0
6 26 pedestrian 0 0 -2.170032 438.955421 439.587820 507.607505 580.107606 1.74 0.65 0.55 -4.33 1.09 16.00 -2.434518 0
6 27 pedestrian 0 0 -1.961647 116.287450 434.525126 220.489810 623.539296 1.70 0.64 0.58 -6.02 1.18 11.77 -2.434518 0
6 28 pedestrian 0 0 -2.077156 300.774504 441.763336 386.013622 603.778448 1.70 0.64 0.58 -5.10 1.17 13.67 -2.434518 0
6 55 car 0 0 -2.935941 1439.136284 526.652685 1581.772214 606.237830 1.44 1.71 4.12 14.94 2.28 27.48 -2.434518 0
6 30 pedestrian 0 0 -2.006064 188.839930 439.702240 286.819059 620.374234 1.70 0.64 0.58 -5.60 1.21 12.27 -2.434518 0
6 42 motorcycle 0 0 -2.253878 546.123708 509.887155 623.835693 604.908199 1.34 0.56 1.67 -3.48 1.64 19.21 -2.434518 0
6 32 car 0 0 -2.857133 1327.690376 515.243307 1443.889340 598.179737 1.57 1.54 4.03 12.38 2.14 27.74 -2.434518 0
6 51 motorcycle 0 0 -2.391161 735.392317 518.149549 787.254561 583.951867 1.32 0.59 2.37 -1.19 1.94 27.92 -2.434518 0
6 43 motorcycle 0 0 -2.309910 618.285986 487.882583 696.992906 577.386006 1.29 0.57 1.96 -2.40 1.24 19.36 -2.434518 0
7 1 car 0 0 -3.016001 1521.883333 507.214053 1600.000000 608.518187 1.69 1.74 4.98 15.89 2.06 25.25 -2.484440 0
7 3 pedestrian 0 0 -2.143508 327.543274 448.985664 406.377405 624.654668 1.68 0.58 0.48 -4.41 1.27 12.45 -2.484440 0
7 5 car 0 0 -3.037902 1597.518673 526.958049 1600.000000 711.442289 1.49 1.69 4.59 10.46 1.97 13.93 -2.484440 0
7 6 pedestrian 0 0 -1.918675 0.000000 432.768707 24.160092 647.786687 1.70 0.64 0.58 -7.01 1.23 10.39 -2.484440 0
7 45 motorcycle 0 0 -2.422348 710.143415 527.856216 764.920021 603.764283 1.21 0.51 1.88 -1.37 1.88 22.34 -2.484440 0
7 62 motorcycle 0 0 -2.183219 367.320038 535.993013 478.329022 641.043819 1.29 0.57 2.19 -5.52 1.97 17.91 -2.484440 0
7 58 motorcycle 0 0 -2.611413 962.330781 524.791707 993.546597 583.466260 1.19 0.66 1.87 3.58 1.96 28.12 -2.484440 0
7 40 motorcycle 0 0 -2.294023 527.858205 502.166686 616.467068 593.934094 1.53 0.72 2.61 -4.41 1.75 23.11 -2.484440 0
7 59 pedestrian 0 0 -1.958727 30.965254 420.313723 132.090582 605.376548 1.73 0.65 0.55 -7.05 1.06 12.16 -2.484440 0
7 14 car 0 0 -2.806564 1179.579145 517.134510 1298.286175 603.241379 1.49 1.60 4.30 8.62 2.08 26.16 -2.484440 0
7 18 pedestrian 0 0 -2.505081 808.724136 484.749273 876.100003 601.894555 1.81 0.73 0.82 0.41 1.70 20.08 -2.484440 0
7 50 motorcycle 0 0 -2.376927 644.590204 515.808365 714.579485 602.636336 1.40 0.67 2.02 -2.39 1.86 22.38 -2.484440 0
7 41 pedestrian 0 0 -2.006115 113.995867 437.551126 205.305029 610.576206 1.73 0.65 0.55 -6.72 1.18 12.98 -2.484440 0
7 26 pedestrian 0 0 -2.116159 285.257020 424.748123 369.891771 591.860151 1.74 0.65 0.55 -5.20 1.04 13.49 -2.484440 0
7 28 pedestrian 0 0 -2.004084 101.056483 428.228663 211.712903 628.162277 1.70 0.64 0.58 -5.80 1.16 11.14 -2.484440 0
7 55 car 0 0 -2.972159 1410.293547 522.566251 1565.814886 607.469385 1.44 1.71 4.12 13.62 2.15 25.93 -2.484440 0
7 30 pedestrian 0 0 -1.931777 0.000000 421.609521 70.347193 651.614780 1.70 0.64 0.58 -6.22 1.18 9.71 -2.484440 0
7 42 motorcycle 0 0 -2.226392 435.433025 512.136427 528.605170 622.249667 1.34 0.56 1.67 -4.41 1.64 16.80 -2.484440 0
7 32 car 0 0 -2.886059 1289.469542 510.586729 1418.768490 599.372731 1.57 1.54 4.03 10.96 2.02 26.06 -2.484440 0
7 51 motorcycle 0 0 -2.383958 659.668091 512.889756 717.501720 585.080031 1.32 0.59 2.37 -2.55 1.79 25.56 -2.484440 0
7 43 motorcycle 0 0 -2.286991 515.915416 482.382231 609.912094 585.444256 1.29 0.57 1.96 -3.36 1.17 16.94 -2.484440 0
8 1 car 0 0 -3.049871 1534.725045 488.363456 1600.000000 597.771811 1.69 1.74 4.98 15.15 1.68 23.33 -2.514551 0
8 3 pedestrian 0 0 -2.065140 151.914131 421.128555 258.962433 642.166547 1.68 0.58 0.48 -4.79 1.14 9.96 -2.514551 0
8 45 motorcycle 0 0 -2.413061 656.200154 514.986860 718.390281 600.457175 1.21 0.51 1.88 -2.01 1.61 19.97 -2.514551 0
8 62 motorcycle 0 0 -2.135484 241.072667 522.424440 382.554079 646.562341 1.29 0.57 2.19 -6.05 1.72 15.33 -2.514551 0
8 58 motorcycle 0 0 -2.620194 933.616657 514.393640 967.495282 578.587736 1.19 0.66 1.87 2.73 1.69 25.87 -2.514551 0
8 40 motorcycle 0 0 -2.270772 449.362931 488.850806 553.191290 592.573255 1.53 0.72 2.61 -5.08 1.51 20.62 -2.514551 0
8 14 car 0 0 -2.834520 1168.608476 504.823905 1303.195419 599.398956 1.49 1.60 4.30 7.86 1.81 24.07 -2.514551 0
8 18 pedestrian 0 0 -2.467971 718.442675 467.951768 796.026679 603.617875 1.81 0.73 0.82 -0.82 1.49 17.40 -2.514551 0
8 50 motorcycle 0 0 -2.362480 581.383130 501.109264 662.983454 599.030154 1.40 0.67 2.02 -3.03 1.58 19.94 -2.514551 0
8 41 pedestrian 0 0 -1.950194 0.000000 410.638564 29.162312 628.286952 1.73 0.65 0.55 -6.96 1.08 10.39 -2.514551 0
8 26 pedestrian 0 0 -2.035746 102.626252 395.358848 215.132895 602.220623 1.74 0.65 0.55 -5.68 0.92 10.95 -2.514551 0
8 55 car 0 0 -3.011151 1413.810087 505.820602 1591.259566 597.644467 1.44 1.71 4.12 12.84 1.78 23.99 -2.514551 0
8 42 motorcycle 0 0 -2.185120 324.722524 507.340774 441.863139 638.419812 1.34 0.56 1.67 -4.87 1.55 14.36 -2.514551 0
8 32 car 0 0 -2.919050 1284.114721 496.250830 1432.744978 593.155130 1.57 1.54 4.03 10.15 1.71 24.01 -2.514551 0
8 51 motorcycle 0 0 -2.372001 601.528069 498.286822 667.484804 578.511419 1.32 0.59 2.37 -3.29 1.48 23.10 -2.514551 0
8 43 motorcycle 0 0 -2.251243 416.001232 467.190311 533.767050 589.114769 1.29 0.57 1.96 -3.85 1.01 14.45 -2.514551 0
9 1 car 0 0 -3.081380 1551.548077 476.558787 1600.000000 595.482007 1.69 1.74 4.98 14.49 1.48 21.44 -2.541160 0
9 3 pedestrian 0 0 -1.977967 0.000000 393.643496 33.287545 690.508529 1.68 0.58 0.48 -5.09 1.12 7.49 -2.541160 0
9 45 motorcycle 0 0 -2.395493 593.951228 510.653005 666.999909 608.473843 1.21 0.51 1.88 -2.56 1.51 17.61 -2.541160 0
9 62 motorcycle 0 0 -2.066596 70.422428 517.537134 260.941127 669.228851 1.29 0.57 2.19 -6.48 1.61 12.77 -2.541160 0
9 58 motorcycle 0 0 -2.627382 906.951695 508.705057 944.511807 579.293769 1.19 0.66 1.87 2.03 1.55 23.62 -2.541160 0
9 40 motorcycle 0 0 -2.236569 355.356565 483.911005 480.919955 603.167429 1.53 0.72 2.61 -5.64 1.45 18.14 -2.541160 0
9 14 car 0 0 -2.862575 1160.982438 500.730428 1314.885047 605.788091 1.49 1.60 4.30 7.18 1.72 21.97 -2.541160 0
9 18 pedestrian 0 0 -2.411485 604.573561 458.718837 697.661169 620.557253 1.81 0.73 0.82 -1.92 1.43 14.67 -2.541160 0
9 50 motorcycle 0 0 -2.337091 505.935982 494.262033 602.429895 606.619021 1.40 0.67 2.02 -3.58 1.47 17.50 -2.541160 0
9 55 car 0 0 -3.043339 1423.402870 496.516720 1600.000000 596.730506 1.44 1.71 4.12 12.16 1.59 22.02 -2.541160 0
9 42 motorcycle 0 0 -2.123552 176.606447 492.472256 332.092051 650.829736 1.34 0.56 1.67 -5.25 1.37 11.94 -2.541160 0
9 32 car 0 0 -2.952995 1283.382334 489.780127 1455.529539 596.626665 1.57 1.54 4.03 9.44 1.59 21.95 -2.541160 0
9 51 motorcycle 0 0 -2.352175 535.341547 491.684670 612.743199 582.000500 1.32 0.59 2.37 -3.92 1.36 20.66 -2.541160 0
9 43 motorcycle 0 0 -2.195505 282.076764 460.181829 438.353375 609.347876 1.29 0.57 1.96 -4.26 1.00 11.99 -2.541160 0
10 1 car 0 0 -3.116837 1563.278528 469.805374 1600.000000 599.287978 1.69 1.74 4.98 13.74 1.39 19.63 -2.573218 0
10 45 motorcycle 0 0 -2.367189 506.842377 516.245397 596.343318 630.831565 1.21 0.51 1.88 -3.15 1.55 15.25 -2.573218 0
10 62 motorcycle 0 0 -2.023446 0.000000 524.667647 80.435411 721.005784 1.29 0.57 2.19 -6.92 1.62 10.18 -2.573218 0
10 58 motorcycle 0 0 -2.631659 869.126978 511.188820 911.596751 589.762186 1.19 0.66 1.87 1.24 1.56 21.38 -2.573218 0
10 40 motorcycle 0 0 -2.188539 224.085232 486.495535 383.036942 626.973787 1.53 0.72 2.61 -6.25 1.50 15.64 -2.573218 0
10 14 car 0 0 -2.893346 1147.037120 497.721538 1325.212569 614.069465 1.49 1.60 4.30 6.44 1.66 19.90 -2.573218 0
10 18 pedestrian 0 0 -2.335475 449.397925 451.516709 569.365522 655.612229 1.81 0.73 0.82 -2.85 1.44 11.75 -2.573218 0
10 50 motorcycle 0 0 -2.298855 400.148503 496.846331 519.491481 629.070017 1.40 0.67 2.02 -4.19 1.50 15.05 -2.573218 0
10 55 car 0 0 -3.076674 1427.617428 493.071449 1600.000000 602.751687 1.44 1.71 4.12 11.39 1.52 20.13 -2.573218 0
10 42 motorcycle 0 0 -2.059830 0.000000 502.164640 204.483687 697.232867 1.34 0.56 1.67 -5.54 1.45 9.92 -2.573218 0
10 32 car 0 0 -2.993682 1282.994031 487.141942 1482.043864 605.297238 1.57 1.54 4.03 8.75 1.55 19.93 -2.573218 0
10 51 motorcycle 0 0 -2.322929 445.433774 494.151417 539.581746 597.844430 1.32 0.59 2.37 -4.61 1.40 18.20 -2.573218 0
10 43 motorcycle 0 0 -2.108903 68.395245 463.446892 295.609849 656.536919 1.29 0.57 1.96 -4.68 1.09 9.52 -2.573218 0
11 1 car 0 0 3.122923 1550.115966 446.749083 1600.000000 588.013340 1.69 1.74 4.98 12.70 1.08 18.00 -2.620458 0
11 45 motorcycle 0 0 -2.319201 364.043750 503.747093 481.504466 642.478430 1.21 0.51 1.88 -3.94 1.38 12.81 -2.620458 0
11 58 motorcycle 0 0 -2.629205 803.381226 496.151292 851.308429 584.873783 1.19 0.66 1.87 0.15 1.30 19.12 -2.620458 0
11 40 motorcycle 0 0 -2.117238 9.803769 469.286391 228.427556 641.383682 1.53 0.72 2.61 -7.05 1.33 13.01 -2.620458 0
11 14 car 0 0 -2.923862 1109.203982 477.055818 1316.285500 607.629030 1.49 1.60 4.30 5.43 1.35 17.90 -2.620458 0
11 18 pedestrian 0 0 -2.205825 172.644810 417.092217 345.059610 697.443096 1.81 0.73 0.82 -3.82 1.31 8.69 -2.620458 0
11 50 motorcycle 0 0 -2.238696 227.488650 477.550322 388.222234 638.511323 1.40 0.67 2.02 -4.95 1.29 12.50 -2.620458 0
11 55 car 0 0 -3.117951 1407.994575 472.990120 1600.000000 593.495083 1.44 1.71 4.12 10.32 1.23 18.38 -2.620458 0
11 32 car 0 0 -3.036260 1260.079909 467.474035 1490.818109 599.355754 1.57 1.54 4.03 7.77 1.28 18.03 -2.620458 0
11 51 motorcycle 0 0 -2.277129 302.760932 477.573337 424.319222 599.942764 1.32 0.59 2.37 -5.53 1.19 15.63 -2.620458 0
11 43 motorcycle 0 0 -2.059570 0.000000 445.593353 41.439279 720.865669 1.29 0.57 1.96 -5.19 1.05 6.95 -2.620458 0
12 1 car 0 0 3.065537 1490.838975 429.209604 1600.000000 582.074907 1.69 1.74 4.98 11.22 0.88 16.69 -2.695243 0
12 45 motorcycle 0 0 -2.241157 111.000702 498.730204 285.246064 676.851383 1.21 0.51 1.88 -4.94 1.32 10.26 -2.695243 0
12 58 motorcycle 0 0 -2.616003 688.710976 489.814780 742.700777 592.046273 1.19 0.66 1.87 -1.36 1.21 16.84 -2.695243 0
12 14 car 0 0 -2.951424 1029.309744 462.775019 1266.666371 610.870221 1.49 1.60 4.30 4.00 1.19 16.03 -2.695243 0
12 50 motorcycle 0 0 -2.168970 0.000000 467.320863 161.154463 677.825564 1.40 0.67 2.02 -5.94 1.25 9.83 -2.695243 0
12 55 car 0 0 3.109828 1345.089501 458.708563 1600.000000 591.473775 1.44 1.71 4.12 8.81 1.06 16.88 -2.695243 0
12 32 car 0 0 -3.078749 1196.113784 454.119882 1458.378892 601.922723 1.57 1.54 4.03 6.38 1.14 16.32 -2.695243 0
12 51 motorcycle 0 0 -2.208087 58.620124 470.836997 232.167850 622.793764 1.32 0.59 2.37 -6.75 1.15 12.90 -2.695243 0
13 1 car 0 0 2.994457 1394.436493 435.561168 1600.000000 601.557411 1.69 1.74 4.98 9.44 1.01 15.61 -2.795378 0
13 58 motorcycle 0 0 -2.585121 513.774650 493.868772 578.223685 613.642810 1.19 0.66 1.87 -3.08 1.26 14.51 -2.795378 0
13 14 car 0 0 -2.968720 903.311938 467.476215 1172.719363 637.756294 1.49 1.60 4.30 2.28 1.28 14.24 -2.795378 0
13 55 car 0 0 3.049340 1244.277571 463.167587 1575.927329 609.553511 1.44 1.71 4.12 7.02 1.15 15.52 -2.795378 0
13 32 car 0 0 -3.114803 1091.028116 457.666116 1379.245431 623.265903 1.57 1.54 4.03 4.66 1.22 14.75 -2.795378 0
14 1 car 0 0 2.904757 1217.776200 425.712765 1600.000000 603.900173 1.69 1.74 4.98 6.92 0.93 14.74 -2.940747 0
14 58 motorcycle 0 0 -2.516847 194.863085 479.043186 294.706628 627.833175 1.19 0.66 1.87 -5.29 1.11 11.81 -2.940747 0
14 14 car 0 0 -2.963044 692.404983 451.772974 996.613502 652.138406 1.49 1.60 4.30 0.06 1.15 12.33 -2.940747 0
14 55 car 0 0 3.018547 1064.082604 450.670995 1418.757257 611.797072 1.44 1.71 4.12 4.54 1.03 14.26 -2.940747 0
14 32 car 0 0 -3.131075 903.891755 443.625002 1216.616764 631.154180 1.57 1.54 4.03 2.32 1.11 13.20 -2.940747 0
15 1 car 0 0 2.857972 980.589144 427.088537 1438.648610 618.906221 1.69 1.74 4.98 3.94 0.99 13.77 -3.124058 0
15 14 car 0 0 -2.915942 370.907603 450.517459 726.758666 702.649995 1.49 1.60 4.30 -2.34 1.20 10.13 -3.124058 0
15 66 car 0 0 2.641076 1476.190171 417.027506 1600.000000 544.282756 1.53 1.65 4.18 11.58 0.52 17.47 -3.124058 0
15 55 car 0 0 3.010857 815.116901 450.328550 1195.736204 631.418767 1.44 1.71 4.12 1.69 1.06 12.82 -3.124058 0
15 32 car 0 0 -3.116268 634.116513 442.628941 978.686330 663.749331 1.57 1.54 4.03 -0.29 1.16 11.41 -3.124058 0
16 1 car 0 0 2.859603 706.367933 443.984762 1192.841767 660.438684 1.69 1.74 4.98 1.02 1.23 12.37 2.964504 0
16 14 car 0 0 -2.846203 0.000000 463.518803 338.034699 824.834603 1.49 1.60 4.30 -4.42 1.35 7.57 2.964504 0
16 66 car 0 0 2.542168 1207.834305 439.502337 1562.898881 565.294203 1.53 1.65 4.18 7.73 0.82 17.57 2.964504 0
16 64 car 0 0 2.465934 1411.527574 422.143374 1600.000000 536.317839 1.71 1.57 4.31 12.44 0.59 21.07 2.964504 0
16 55 car 0 0 3.037409 505.872336 465.943348 941.677702 681.731315 1.44 1.71 4.12 -0.98 1.25 10.96 2.964504 0
16 32 car 0 0 -3.055805 271.930500 456.567477 679.008479 740.067747 1.57 1.54 4.03 -2.67 1.33 9.23 2.964504 0
17 1 car 0 0 2.913278 291.488025 447.467135 863.461680 711.428331 1.69 1.74 4.98 -2.14 1.34 10.32 2.726909 0
17 66 car 0 0 2.544457 880.640817 450.203348 1219.211289 578.698549 1.53 1.65 4.18 3.05 0.98 17.04 2.726909 0
17 54 truck 0 0 2.305578 1263.620606 413.073013 1504.051833 507.219915 2.29 1.88 5.45 14.79 0.31 33.18 2.726909 0
17 64 car 0 0 2.413902 1083.237525 425.156242 1369.039231 535.699195 1.71 1.57 4.31 6.87 0.63 21.46 2.726909 0
17 55 car 0 0 3.126100 0.000000 470.577500 564.081239 758.116865 1.44 1.71 4.12 -3.73 1.32 8.44 2.726909 0
17 72 car 0 0 2.233099 1474.761024 374.520016 1521.177848 416.144657 1.82 1.90 4.51 33.70 -3.81 62.69 2.726909 0
17 32 car 0 0 -3.033585 0.000000 459.291048 173.264464 900.000000 1.57 1.54 4.03 -4.91 1.41 6.36 2.726909 0
17 82 car 0 0 2.381026 1122.054632 453.915958 1423.235120 538.605009 1.40 1.64 4.90 8.24 0.72 23.17 2.726909 0
18 1 car 0 0 2.919758 0.000000 462.500218 427.079470 847.254778 1.69 1.74 4.98 -4.83 1.54 7.36 2.475551 0
18 79 car 0 0 1.968757 1438.655691 440.587858 1600.000000 494.508870 1.60 1.77 4.29 21.70 0.07 39.14 2.475551 0
18 7 car 0 0 1.961950 1461.293799 453.916337 1600.000000 516.177798 1.60 1.70 4.98 20.37 0.61 34.33 2.475551 0
18 80 car 0 0 2.041143 1339.084839 442.480762 1468.600523 482.191951 1.57 1.85 4.61 24.03 -0.39 51.85 2.475551 0
18 77 car 0 0 2.138543 1235.411394 414.959912 1284.561969 448.528974 1.60 1.67 4.07 23.19 -2.30 66.32 2.475551 0
18 66 car 0 0 2.566137 513.438572 458.960461 889.025926 602.540868 1.53 1.65 4.18 -1.39 1.16 15.11 2.475551 0
18 67 car 0 0 1.955272 1483.676868 449.225165 1600.000000 524.925891 1.55 1.72 4.50 17.16 0.66 27.63 2.475551 0
18 83 car 0 0 2.047931 1343.770107 424.133186 1443.086689 456.724990 1.52 1.99 4.59 29.07 -1.79 63.79 2.475551 0
18 54 truck 0 0 2.304106 926.407471 433.947539 1144.673355 525.038184 2.29 1.88 5.45 5.83 0.82 33.71 2.475551 0
18 73 car 0 0 2.010271 1395.468185 418.198146 1508.653361 455.756130 1.71 1.99 4.59 30.59 -1.75 60.99 2.475551 0
18 48 car 0 0 1.929872 1570.408377 452.640270 1600.000000 611.428217 1.64 1.80 4.77 11.72 1.21 14.83 2.475551 0
18 64 car 0 0 2.426863 735.204993 439.985975 1020.744871 554.458997 1.71 1.57 4.31 0.98 0.92 20.41 2.475551 0
18 72 car 0 0 2.233618 1109.056241 403.638016 1148.495111 441.946814 1.82 1.90 4.51 16.53 -2.70 67.16 2.475551 0
18 82 car 0 0 2.390479 777.948335 474.137628 1070.578717 560.302740 1.40 1.64 4.90 1.89 1.10 22.47 2.475551 0
18 60 car 0 0 1.940932 1532.323206 450.548788 1600.000000 554.149267 1.60 1.64 4.18 14.48 0.95 21.24 2.475551 0
18 75 car 0 0 1.945522 1516.660883 423.852965 1600.000000 466.417936 1.71 1.99 4.59 32.22 -1.07 53.28 2.475551 0
19 79 car 0 0 1.952952 1142.892619 459.847570 1289.973774 511.157888 1.60 1.77 4.29 12.77 0.61 40.65 2.259007 0
19 7 car 0 0 1.923176 1160.671399 472.756471 1355.954712 531.970188 1.60 1.70 4.98 12.36 1.09 35.69 2.259007 0
19 46 car 0 0 1.794955 1368.892931 461.822994 1531.337400 508.800639 1.50 1.86 4.43 20.86 0.55 41.83 2.259007 0
19 80 car 0 0 2.033076 1049.305975 459.610661 1165.414532 498.272817 1.57 1.85 4.61 12.34 0.28 53.66 2.259007 0
19 63 car 0 0 1.718759 1551.643054 461.173749 1600.000000 495.785753 1.42 1.83 4.25 33.74 0.17 53.86 2.259007 0
19 76 car 0 0 1.750391 1444.698599 456.810355 1600.000000 522.010128 1.71 1.81 4.29 19.71 0.80 34.51 2.259007 0
19 77 car 0 0 2.133015 953.909249 428.374679 999.439810 461.626272 1.60 1.67 4.07 8.53 -1.65 67.59 2.259007 0
19 52 car 0 0 1.745241 1461.846168 458.984168 1600.000000 769.461850 1.61 1.69 4.65 6.73 1.44 7.75 2.259007 0
19 66 car 0 0 2.620334 92.882302 454.662223 582.445839 630.779686 1.53 1.65 4.18 -4.55 1.21 12.25 2.259007 0
19 71 car 0 0 1.780703 1345.698772 471.906465 1600.000000 650.789419 1.53 1.64 4.67 7.76 1.36 12.24 2.259007 0
19 67 car 0 0 1.895149 1186.235454 467.685880 1410.838051 539.947976 1.55 1.72 4.50 10.72 1.03 28.46 2.259007 0
19 83 car 0 0 2.043145 1049.635132 442.404946 1138.295913 474.024745 1.52 1.99 4.59 14.57 -0.96 66.36 2.259007 0
19 54 truck 0 0 2.307821 640.754113 445.259890 868.044617 540.066851 2.29 1.88 5.45 -1.51 1.17 31.95 2.259007 0
19 25 car 0 0 1.739838 1479.943406 476.547051 1600.000000 540.104522 1.54 1.94 4.49 19.57 1.18 32.08 2.259007 0
19 73 car 0 0 2.004194 1096.429767 438.614430 1195.844849 474.811333 1.71 1.99 4.59 16.65 -0.88 63.94 2.259007 0
19 48 car 0 0 1.799338 1286.379555 471.124157 1600.000000 625.859924 1.64 1.80 4.77 8.14 1.41 14.77 2.259007 0
19 64 car 0 0 2.458284 394.958878 443.938038 726.049491 572.581318 1.71 1.57 4.31 -3.57 1.07 17.94 2.259007 0
19 72 car 0 0 2.232969 830.070508 420.777030 868.429297 459.109952 1.82 1.90 4.51 1.71 -1.78 66.97 2.259007 0
19 82 car 0 0 2.414778 453.306789 487.360304 781.461208 582.270602 1.40 1.64 4.90 -3.13 1.35 20.20 2.259007 0
19 60 car 0 0 1.838338 1240.980285 466.951510 1524.681674 566.790695 1.60 1.64 4.18 9.53 1.21 21.62 2.259007 0
19 75 car 0 0 1.921399 1204.787506 444.863967 1316.891959 485.113144 1.71 1.99 4.59 19.93 -0.31 56.77 2.259007 0
19 57 car 0 0 1.708343 1587.741883 513.681016 1600.000000 900.000000 1.40 1.64 4.33 6.04 1.52 5.46 2.259007 0
20 61 car 0 0 1.625846 1472.087035 474.200203 1600.000000 514.963661 1.55 1.86 4.42 28.40 0.90 49.63 2.142673 0
20 79 car 0 0 1.935728 1008.219487 471.805354 1156.085476 524.772876 1.60 1.77 4.29 8.23 1.01 39.49 2.142673 0
20 7 car 0 0 1.906545 1023.044102 485.270738 1218.932793 546.538049 1.60 1.70 4.98 8.23 1.46 34.53 2.142673 0
20 46 car 0 0 1.773714 1227.558544 475.913008 1384.336582 523.376362 1.50 1.86 4.43 16.01 1.02 41.58 2.142673 0
20 80 car 0 0 2.022305 911.248819 470.763670 1027.636971 510.488130 1.57 1.85 4.61 6.36 0.78 52.46 2.142673 0
20 63 car 0 0 1.679190 1395.438050 476.299388 1502.990695 510.278004 1.42 1.83 4.25 27.47 0.80 54.97 2.142673 0
20 76 car 0 0 1.710694 1305.145918 473.616551 1495.070759 539.479929 1.71 1.81 4.29 15.68 1.26 34.18 2.142673 0
20 77 car 0 0 2.125396 814.888477 439.124869 861.408413 473.406489 1.60 1.67 4.07 1.10 -1.00 65.87 2.142673 0
20 74 car 0 0 1.599810 1560.662325 472.698101 1600.000000 526.028382 1.71 1.98 4.65 27.61 1.12 42.00 2.142673 0
20 52 car 0 0 1.637592 1432.984138 462.816753 1600.000000 857.421693 1.61 1.69 4.65 5.74 1.51 6.14 2.142673 0
20 66 car 0 0 2.616728 0.000000 464.377239 332.992740 697.593433 1.53 1.65 4.18 -5.98 1.36 9.38 2.142673 0
20 71 car 0 0 1.692897 1255.332634 480.484740 1600.000000 684.916769 1.53 1.64 4.67 6.31 1.46 10.71 2.142673 0
20 67 car 0 0 1.871739 1053.600988 478.844405 1282.464014 554.545650 1.55 1.72 4.50 7.45 1.30 27.17 2.142673 0
20 83 car 0 0 2.035445 908.357968 453.697927 996.813307 486.040379 1.52 1.99 4.59 7.05 -0.33 65.27 2.142673 0
20 54 truck 0 0 2.313033 472.425378 449.289781 724.391531 552.749890 2.29 1.88 5.45 -4.95 1.37 29.27 2.142673 0
20 25 car 0 0 1.678190 1341.651270 488.117001 1559.946826 552.267485 1.54 1.94 4.49 15.81 1.48 31.73 2.142673 0
20 73 car 0 0 1.995058 955.354266 451.549294 1053.802117 488.403079 1.71 1.99 4.59 9.39 -0.19 63.10 2.142673 0
20 48 car 0 0 1.717770 1178.557038 480.519710 1600.000000 652.748448 1.64 1.80 4.77 6.40 1.54 13.26 2.142673 0
20 64 car 0 0 2.505209 130.364249 454.660023 541.463044 607.395640 1.71 1.57 4.31 -5.63 1.30 15.13 2.142673 0
20 84 car 0 0 2.206303 707.740988 455.110987 763.409833 492.074414 1.49 1.84 4.64 -3.49 -0.01 55.49 2.142673 0
20 72 car 0 0 2.231512 682.853256 430.202927 724.072026 470.330970 1.82 1.90 4.51 -5.78 -1.15 64.47 2.142673 0
20 82 car 0 0 2.449632 218.613864 495.488911 611.066483 604.974137 1.40 1.64 4.90 -5.45 1.47 17.48 2.142673 0
20 60 car 0 0 1.800321 1120.026301 475.658348 1415.172761 582.099376 1.60 1.64 4.18 7.09 1.37 20.23 2.142673 0
20 75 car 0 0 1.908263 1064.072912 458.142944 1173.302650 498.825133 1.71 1.99 4.59 13.46 0.30 56.34 2.142673 0
21 61 car 0 0 1.597037 1455.436532 479.638377 1599.566469 521.577271 1.55 1.86 4.42 26.89 1.13 47.98 2.108752 0
21 79 car 0 0 1.917203 983.495516 475.281231 1140.220685 531.177753 1.60 1.77 4.29 7.17 1.15 37.25 2.108752 0
21 7 car 0 0 1.888119 995.949778 489.553426 1204.658374 554.669550 1.60 1.70 4.98 7.16 1.57 32.30 2.108752 0
21 46 car 0 0 1.750423 1208.349993 480.667871 1372.721184 530.268890 1.50 1.86 4.43 14.76 1.19 39.57 2.108752 0
21 80 car 0 0 2.016859 872.233759 477.078974 993.706542 518.472776 1.57 1.85 4.61 4.64 1.06 50.07 2.108752 0
21 63 car 0 0 1.657864 1374.662849 481.281580 1484.143827 516.143906 1.42 1.83 4.25 25.81 1.03 53.30 2.108752 0
21 76 car 0 0 1.679851 1294.413436 480.490115 1496.362892 550.201805 1.71 1.81 4.29 14.63 1.46 32.17 2.108752 0
21 77 car 0 0 2.124611 772.207755 443.160180 820.154455 478.814971 1.60 1.67 4.07 -1.04 -0.69 63.39 2.108752 0
21 74 car 0 0 1.569269 1549.010219 478.354029 1600.000000 533.581518 1.71 1.98 4.65 26.25 1.32 40.36 2.108752 0
21 66 car 0 0 2.650713 0.000000 469.053177 107.516493 804.098025 1.53 1.65 4.18 -6.32 1.44 6.77 2.108752 0
21 71 car 0 0 1.642650 1306.731881 485.358268 1600.000000 748.159069 1.53 1.64 4.67 5.93 1.51 8.47 2.108752 0
21 67 car 0 0 1.847360 1030.213764 484.128181 1279.884227 566.273203 1.55 1.72 4.50 6.57 1.42 24.94 2.108752 0
21 83 car 0 0 2.028196 872.883692 456.823932 964.127293 490.401141 1.52 1.99 4.59 5.12 -0.10 63.00 2.108752 0
21 54 truck 0 0 2.321836 402.675510 445.642499 681.832561 558.927846 2.29 1.88 5.45 -5.67 1.38 26.67 2.108752 0
21 25 car 0 0 1.643367 1335.710676 489.929129 1568.743289 558.028033 1.54 1.94 4.49 14.84 1.52 29.73 2.108752 0
21 73 car 0 0 1.986132 921.593114 456.079847 1023.083024 494.194204 1.71 1.99 4.59 7.52 0.10 60.90 2.108752 0
21 48 car 0 0 1.675816 1203.155614 478.214051 1600.000000 687.888421 1.64 1.80 4.77 5.99 1.54 10.98 2.108752 0
21 64 car 0 0 2.549029 0.000000 459.721286 439.268033 645.288339 1.71 1.57 4.31 -6.13 1.43 12.52 2.108752 0
21 84 car 0 0 2.208879 659.389939 459.799837 718.687216 498.474564 1.49 1.84 4.64 -5.26 0.26 52.93 2.108752 0
21 72 car 0 0 2.231594 637.819216 432.908655 682.001645 474.876559 1.82 1.90 4.51 -7.67 -0.89 61.84 2.108752 0
21 82 car 0 0 2.498961 59.917132 496.861366 530.862442 624.820593 1.40 1.64 4.90 -6.02 1.48 14.93 2.108752 0
21 60 car 0 0 1.761109 1107.894545 479.273458 1442.435612 598.871298 1.60 1.64 4.18 6.39 1.45 18.00 2.108752 0
21 75 car 0 0 1.894707 1035.286621 462.409166 1147.820066 504.560163 1.71 1.99 4.59 11.81 0.54 54.28 2.108752 0
21 85 car 0 0 1.674417 1207.460642 481.748975 1600.000000 641.607283 1.55 1.66 3.83 6.24 1.47 13.19 2.108752 0
22 61 car 0 0 1.581399 1490.898808 480.342375 1600.000000 524.587656 1.55 1.86 4.42 26.89 1.18 45.40 2.103822 0
22 79 car 0 0 1.901724 991.224047 475.713561 1160.276082 535.673683 1.60 1.77 4.29 7.05 1.19 34.70 2.103822 0
22 7 car 0 0 1.864464 1011.062485 489.033594 1239.575489 559.687420 1.60 1.70 4.98 7.17 1.56 29.75 2.103822 0
22 46 car 0 0 1.722742 1234.892676 480.337530 1412.461567 533.328184 1.50 1.86 4.43 14.76 1.20 37.00 2.103822 0
22 80 car 0 0 2.009843 871.609474 475.600537 999.661138 519.345279 1.57 1.85 4.61 4.50 1.04 47.49 2.103822 0
22 63 car 0 0 1.633501 1402.558409 481.465708 1517.591249 518.036251 1.42 1.83 4.25 25.79 1.06 50.73 2.103822 0
22 76 car 0 0 1.642536 1334.221452 482.578204 1557.259981 558.395575 1.71 1.81 4.29 14.62 1.53 29.59 2.103822 0
22 77 car 0 0 2.122014 768.353081 442.375941 818.097745 479.579453 1.60 1.67 4.07 -1.14 -0.63 60.80 2.103822 0
22 74 car 0 0 1.551217 1594.519565 479.268612 1600.000000 538.174217 1.71 1.98 4.65 26.17 1.37 37.80 2.103822 0
22 71 car 0 0 1.584524 1480.378718 481.922526 1600.000000 880.054326 1.53 1.64 4.67 5.91 1.51 5.92 2.103822 0
22 67 car 0 0 1.815647 1050.850261 483.916410 1332.482116 575.761462 1.55 1.72 4.50 6.52 1.44 22.39 2.103822 0
22 83 car 0 0 2.019731 875.506939 455.994286 970.519261 491.016881 1.52 1.99 4.59 5.13 -0.07 60.43 2.103822 0
22 54 truck 0 0 2.343295 351.219262 443.320429 662.901896 568.899155 2.29 1.88 5.45 -5.78 1.43 24.11 2.103822 0
22 25 car 0 0 1.613978 1383.009090 486.262491 1600.000000 560.845990 1.54 1.94 4.49 14.84 1.45 27.15 2.103822 0
22 73 car 0 0 1.975729 926.420840 455.327915 1032.337989 495.098745 1.71 1.99 4.59 7.53 0.13 58.33 2.103822 0
22 48 car 0 0 1.637950 1306.000325 465.120417 1600.000000 749.398259 1.64 1.80 4.77 5.98 1.50 8.41 2.103822 0
22 64 car 0 0 2.573689 0.000000 457.644598 346.365155 694.754552 1.71 1.57 4.31 -6.15 1.47 9.96 2.103822 0
22 84 car 0 0 2.211494 647.774278 459.072941 710.984655 499.720675 1.49 1.84 4.64 -5.39 0.30 50.37 2.103822 0
22 72 car 0 0 2.233873 627.936764 432.323717 673.328376 476.125149 1.82 1.90 4.51 -7.79 -0.79 59.26 2.103822 0
22 82 car 0 0 2.533059 0.000000 500.338773 473.261972 656.149066 1.40 1.64 4.90 -6.04 1.50 12.41 2.103822 0
22 60 car 0 0 1.706824 1147.397820 476.511498 1547.048761 617.173546 1.60 1.64 4.18 6.32 1.45 15.44 2.103822 0
22 75 car 0 0 1.878972 1046.920665 461.349670 1164.916364 505.565972 1.71 1.99 4.59 11.84 0.56 51.72 2.103822 0
22 85 car 0 0 1.643812 1287.454389 480.273797 1600.000000 680.947514 1.55 1.66 3.83 6.19 1.48 10.66 2.103822 0
23 61 car 0 0 1.569234 1529.958576 488.590126 1600.000000 536.121228 1.55 1.86 4.42 26.85 1.48 42.79 2.103161 0
23 79 car 0 0 1.889600 999.166956 480.853430 1182.659777 546.508140 1.60 1.77 4.29 6.90 1.36 32.12 2.103161 0
23 7 car 0 0 1.842483 1027.874037 493.214453 1280.287404 571.825414 1.60 1.70 4.98 7.15 1.67 27.17 2.103161 0
23 46 car 0 0 1.696854 1264.659473 491.693390 1457.622247 549.518680 1.50 1.86 4.43 14.72 1.54 34.39 2.103161 0
23 80 car 0 0 2.005117 873.065159 482.468778 1008.598004 528.896651 1.57 1.85 4.61 4.44 1.32 44.87 2.103161 0
23 63 car 0 0 1.612205 1432.783310 488.645706 1553.849136 527.480575 1.42 1.83 4.25 25.74 1.36 48.14 2.103161 0
23 76 car 0 0 1.613985 1380.838225 491.760321 1600.000000 576.082172 1.71 1.81 4.29 14.58 1.74 26.98 2.103161 0
23 77 car 0 0 2.124515 763.271310 444.946904 815.169438 483.955716 1.60 1.67 4.07 -1.28 -0.41 58.18 2.103161 0
23 67 car 0 0 1.782308 1075.605172 489.054393 1398.684163 594.706301 1.55 1.72 4.50 6.45 1.54 19.79 2.103161 0
23 87 car 0 0 1.633867 1345.383834 483.171859 1571.496037 555.384899 1.61 1.72 4.37 14.89 1.45 29.54 2.103161 0
23 83 car 0 0 2.015867 877.475984 459.192476 976.722808 495.976982 1.52 1.99 4.59 5.10 0.16 57.83 2.103161 0
23 54 truck 0 0 2.376467 284.270777 441.419174 638.258776 584.212795 2.29 1.88 5.45 -5.91 1.50 21.51 2.103161 0
23 25 car 0 0 1.596146 1439.389736 490.526090 1600.000000 574.339667 1.54 1.94 4.49 14.80 1.55 24.55 2.103161 0
23 73 car 0 0 1.969732 930.838227 458.829622 1041.669340 500.708568 1.71 1.99 4.59 7.49 0.37 55.73 2.103161 0
23 48 car 0 0 1.582517 1484.905609 452.454415 1600.000000 897.376559 1.64 1.80 4.77 5.95 1.50 5.80 2.103161 0
23 64 car 0 0 2.620833 0.000000 449.540212 190.151237 784.651856 1.71 1.57 4.31 -6.19 1.51 7.36 2.103161 0
23 84 car 0 0 2.218724 634.373677 462.427497 704.150078 505.445388 1.49 1.84 4.64 -5.48 0.50 47.76 2.103161 0
23 72 car 0 0 2.241720 616.207823 434.286304 663.116481 480.311447 1.82 1.90 4.51 -7.94 -0.57 56.63 2.103161 0
23 88 car 0 0 2.086248 806.825132 444.945112 868.550937 482.405428 1.53 1.69 4.28 0.95 -0.49 58.55 2.103161 0
23 82 car 0 0 2.561013 0.000000 503.437345 384.414993 707.315726 1.40 1.64 4.90 -6.09 1.52 9.84 2.103161 0
23 60 car 0 0 1.670979 1200.842436 479.502887 1600.000000 652.042362 1.60 1.64 4.18 6.22 1.51 12.85 2.103161 0
23 75 car 0 0 1.867008 1059.059068 465.251754 1182.986080 512.030758 1.71 1.99 4.59 11.84 0.78 49.13 2.103161 0
23 85 car 0 0 1.604229 1412.718236 485.295835 1600.000000 760.084313 1.55 1.66 3.83 6.12 1.54 8.10 2.103161 0
24 61 car 0 0 1.557739 1582.742312 482.952432 1600.000000 533.624287 1.55 1.86 4.42 26.97 1.31 39.98 2.106968 0
24 79 car 0 0 1.874937 1014.557281 475.112513 1216.452934 546.666623 1.60 1.77 4.29 6.87 1.25 29.40 2.106968 0
24 7 car 0 0 1.815119 1054.787579 486.047320 1338.679876 573.210637 1.60 1.70 4.98 7.23 1.52 24.45 2.106968 0
24 46 car 0 0 1.666564 1306.585098 484.270201 1519.608334 546.958648 1.50 1.86 4.43 14.82 1.35 31.62 2.106968 0
24 80 car 0 0 2.000053 880.076428 474.821219 1024.292962 524.425920 1.57 1.85 4.61 4.55 1.08 42.11 2.106968 0
24 63 car 0 0 1.589487 1474.278260 482.438695 1600.000000 523.527155 1.42 1.83 4.25 25.86 1.14 45.34 2.106968 0
24 76 car 0 0 1.597914 1446.154827 488.186882 1600.000000 582.124906 1.71 1.81 4.29 14.65 1.67 24.21 2.106968 0
24 77 car 0 0 2.126858 763.976210 438.087699 818.173757 479.065017 1.60 1.67 4.07 -1.14 -0.60 55.45 2.106968 0
24 67 car 0 0 1.737599 1115.089588 482.138934 1497.998310 605.025278 1.55 1.72 4.50 6.45 1.45 17.07 2.106968 0
24 87 car 0 0 1.610778 1403.725528 475.280288 1600.000000 554.809357 1.61 1.72 4.37 15.01 1.30 26.77 2.106968 0
24 83 car 0 0 2.012167 884.685835 452.175874 988.686339 490.809499 1.52 1.99 4.59 5.27 -0.07 55.09 2.106968 0
24 54 truck 0 0 2.419937 201.895284 431.097710 611.003674 594.708447 2.29 1.88 5.45 -5.96 1.45 18.81 2.106968 0
24 25 car 0 0 1.576321 1518.768828 483.213878 1600.000000 577.655603 1.54 1.94 4.49 14.87 1.43 21.78 2.106968 0
24 73 car 0 0 1.963543 940.920023 451.839853 1057.398739 495.837008 1.71 1.99 4.59 7.67 0.15 52.98 2.106968 0
24 84 car 0 0 2.226248 627.125401 458.755314 701.851361 503.981236 1.49 1.84 4.64 -5.34 0.42 45.09 2.106968 0
24 72 car 0 0 2.250378 609.240715 430.212437 657.549642 478.347133 1.82 1.90 4.51 -7.83 -0.63 53.92 2.106968 0
24 88 car 0 0 2.086587 809.811603 439.916700 874.352711 479.060003 1.53 1.69 4.28 1.09 -0.61 55.94 2.106968 0
24 82 car 0 0 2.610361 0.000000 504.218781 237.660003 794.020861 1.40 1.64 4.90 -6.09 1.49 7.19 2.106968 0
24 60 car 0 0 1.643561 1298.188876 473.089258 1600.000000 695.912914 1.60 1.64 4.18 6.25 1.48 10.12 2.106968 0
24 75 car 0 0 1.853832 1078.297123 457.730124 1209.444915 507.237589 1.71 1.99 4.59 12.01 0.56 46.38 2.106968 0
25 79 car 0 0 1.850845 1037.032034 476.562094 1262.593939 556.079993 1.60 1.77 4.29 6.92 1.32 26.60 2.108374 0
25 7 car 0 0 1.778565 1087.064105 485.871710 1412.488713 585.009068 1.60 1.70 4.98 7.28 1.53 21.65 2.108374 0
25 46 car 0 0 1.628759 1355.845187 484.574291 1594.071608 553.798818 1.50 1.86 4.43 14.88 1.38 28.78 2.108374 0
25 80 car 0 0 1.993061 885.662184 477.076230 1040.242686 530.472324 1.57 1.85 4.61 4.58 1.19 39.26 2.108374 0
25 63 car 0 0 1.577169 1520.668272 484.662788 1600.000000 528.632070 1.42 1.83 4.25 25.93 1.23 42.48 2.108374 0
25 76 car 0 0 1.574937 1528.284196 488.792703 1600.000000 596.067959 1.71 1.81 4.29 14.68 1.69 21.37 2.108374 0
25 77 car 0 0 2.127807 763.193122 437.479897 820.114091 480.744792 1.60 1.67 4.07 -1.06 -0.51 52.64 2.108374 0
25 67 car 0 0 1.686943 1167.978978 482.447038 1600.000000 631.688741 1.55 1.72 4.50 6.43 1.47 14.26 2.108374 0
25 87 car 0 0 1.590656 1475.075701 475.193530 1600.000000 564.723452 1.61 1.72 4.37 15.10 1.34 23.93 2.108374 0
25 83 car 0 0 2.006296 891.267396 452.628281 1000.717107 493.383577 1.52 1.99 4.59 5.39 0.03 52.27 2.108374 0
25 54 truck 0 0 2.476604 83.712513 423.391081 571.583886 617.832221 2.29 1.88 5.45 -6.03 1.50 16.03 2.108374 0
25 73 car 0 0 1.954817 950.789514 451.594736 1073.765389 498.159955 1.71 1.99 4.59 7.78 0.23 50.16 2.108374 0
25 84 car 0 0 2.233149 617.096137 458.265819 697.754270 506.507095 1.49 1.84 4.64 -5.24 0.48 42.37 2.108374 0
25 72 car 0 0 2.260330 597.306469 429.593814 647.358669 480.470509 1.82 1.90 4.51 -7.86 -0.51 51.11 2.108374 0
25 88 car 0 0 2.085203 811.616575 439.255268 879.617131 480.583925 1.53 1.69 4.28 1.18 -0.52 53.12 2.108374 0
25 60 car 0 0 1.594478 1462.283213 475.127498 1600.000000 797.372494 1.60 1.64 4.18 6.26 1.54 7.31 2.108374 0
25 75 car 0 0 1.837015 1098.892927 457.308061 1238.332559 510.109437 1.71 1.99 4.59 12.14 0.63 43.57 2.108374 0
26 79 car 0 0 1.823688 1046.233637 476.570944 1300.293880 566.252945 1.60 1.77 4.29 6.62 1.35 23.83 2.098453 0
26 7 car 0 0 1.736829 1106.444686 483.509967 1484.154174 598.584635 1.60 1.70 4.98 7.01 1.52 18.88 2.098453 0
26 46 car 0 0 1.604871 1395.195266 482.677201 1600.000000 559.859543 1.50 1.86 4.43 14.56 1.36 26.07 2.098453 0
26 80 car 0 0 1.985827 876.405483 474.182931 1042.605356 531.961465 1.57 1.85 4.61 4.15 1.15 36.45 2.098453 0
26 63 car 0 0 1.558175 1551.747108 486.718774 1600.000000 533.686959 1.42 1.83 4.25 25.46 1.31 39.89 2.098453 0
26 77 car 0 0 2.129973 746.246871 433.957420 806.426782 479.984485 1.60 1.67 4.07 -1.61 -0.51 49.74 2.098453 0
26 67 car 0 0 1.657260 1228.638426 483.211983 1600.000000 673.020347 1.55 1.72 4.50 6.26 1.51 11.49 2.098453 0
26 87 car 0 0 1.560789 1542.759153 474.372970 1600.000000 576.470789 1.61 1.72 4.37 14.87 1.36 21.22 2.098453 0
26 83 car 0 0 2.001715 881.454776 451.395843 996.867860 494.592700 1.52 1.99 4.59 4.84 0.08 49.47 2.098453 0
26 54 truck 0 0 2.520710 0.000000 407.329619 494.576423 649.593766 2.29 1.88 5.45 -6.32 1.50 13.11 2.098453 0
26 73 car 0 0 1.946990 944.584082 449.671544 1074.541797 499.211172 1.71 1.99 4.59 7.25 0.25 47.38 2.098453 0
26 89 car 0 0 2.379752 422.772720 419.270061 477.872377 469.168305 1.55 1.82 4.45 -13.32 -0.90 46.22 2.098453 0
26 84 car 0 0 2.243733 586.783451 456.679532 675.170721 508.623894 1.49 1.84 4.64 -5.69 0.51 39.45 2.098453 0
26 72 car 0 0 2.270850 568.967356 426.296862 622.536026 480.517492 1.82 1.90 4.51 -8.40 -0.49 48.17 2.098453 0
26 88 car 0 0 2.085681 796.477664 436.523657 868.408115 480.368051 1.53 1.69 4.28 0.59 -0.51 50.27 2.098453 0
26 75 car 0 0 1.819947 1104.419415 455.473943 1252.348035 512.080696 1.71 1.99 4.59 11.70 0.65 40.85 2.098453 0
26 90 car 0 0 2.169873 691.305229 431.244440 760.025208 480.204143 1.60 1.67 4.07 -3.40 -0.48 46.87 2.098453 0
27 79 car 0 0 1.791978 1057.788724 479.788273 1348.806062 581.367760 1.60 1.77 4.29 6.32 1.44 21.03 2.088574 0
27 7 car 0 0 1.684485 1132.686842 483.167231 1582.941158 618.330233 1.60 1.70 4.98 6.72 1.53 16.09 2.088574 0
27 46 car 0 0 1.579688 1445.595081 478.770617 1600.000000 564.923409 1.50 1.86 4.43 14.26 1.31 23.31 2.088574 0
27 80 car 0 0 1.980320 864.011402 478.616947 1043.786798 541.677559 1.57 1.85 4.61 3.69 1.30 33.59 2.088574 0
27 63 car 0 0 1.538240 1586.590775 489.599342 1600.000000 540.032338 1.42 1.83 4.25 24.96 1.41 37.29 2.088574 0
27 77 car 0 0 2.134609 726.164818 435.967221 789.686326 484.879690 1.60 1.67 4.07 -2.20 -0.31 46.83 2.088574 0
27 91 car 0 0 1.592970 1430.322024 480.631513 1571.482114 531.314324 1.60 1.89 4.61 22.63 1.30 41.84 2.088574 0
27 67 car 0 0 1.616413 1326.019748 486.762781 1600.000000 743.680530 1.55 1.72 4.50 6.10 1.55 8.68 2.088574 0
27 83 car 0 0 1.998544 869.588956 453.770816 991.592900 499.552853 1.52 1.99 4.59 4.25 0.26 46.63 2.088574 0
27 54 truck 0 0 2.544394 0.000000 391.140682 390.801848 710.253784 2.29 1.88 5.45 -6.47 1.58 10.19 2.088574 0
27 73 car 0 0 1.940124 936.828379 451.049684 1074.490537 503.676323 1.71 1.99 4.59 6.68 0.40 44.57 2.088574 0
27 89 car 0 0 2.399858 378.157843 420.536208 439.451657 474.023559 1.55 1.82 4.45 -13.84 -0.68 43.19 2.088574 0
27 84 car 0 0 2.258350 550.250834 460.242652 648.087805 516.091482 1.49 1.84 4.64 -6.17 0.70 36.50 2.088574 0
27 72 car 0 0 2.284980 535.547806 426.503805 593.025080 484.468900 1.82 1.90 4.51 -8.97 -0.32 45.19 2.088574 0
27 88 car 0 0 2.088260 778.617875 437.673364 854.711760 484.327354 1.53 1.69 4.28 -0.04 -0.33 47.37 2.088574 0
27 75 car 0 0 1.802324 1110.163769 456.116075 1267.867862 516.728581 1.71 1.99 4.59 11.23 0.75 38.10 2.088574 0
27 90 car 0 0 2.177313 667.258266 429.956065 739.921902 482.514068 1.60 1.67 4.07 -3.96 -0.38 43.95 2.088574 0
28 79 car 0 0 1.746340 1085.254337 476.846578 1430.700970 596.558912 1.60 1.77 4.29 6.16 1.43 18.02 2.081934 0
28 7 car 0 0 1.654617 1185.930618 474.848762 1600.000000 643.505968 1.60 1.70 4.98 6.56 1.47 13.08 2.081934 0
28 46 car 0 0 1.550278 1522.204830 474.638831 1600.000000 574.268134 1.50 1.86 4.43 14.06 1.28 20.32 2.081934 0
28 80 car 0 0 1.971455 858.029921 479.300071 1055.473048 549.183267 1.57 1.85 4.61 3.43 1.35 30.52 2.081934 0
28 77 car 0 0 2.138875 710.296934 429.599185 777.859418 482.284245 1.60 1.67 4.07 -2.54 -0.38 43.74 2.081934 0
28 91 car 0 0 1.566599 1467.091371 479.372788 1600.000000 534.058197 1.60 1.89 4.61 22.33 1.29 38.93 2.081934 0
28 67 car 0 0 1.544486 1542.018066 483.200776 1600.000000 900.000000 1.55 1.72 4.50 6.01 1.54 5.67 2.081934 0
28 83 car 0 0 1.992789 864.343777 450.443721 994.580062 499.497859 1.52 1.99 4.59 3.94 0.24 43.58 2.081934 0
28 54 truck 0 0 2.592164 0.000000 340.719006 215.005537 822.761106 2.29 1.88 5.45 -6.54 1.58 7.11 2.081934 0
28 73 car 0 0 1.929882 936.627144 447.787148 1084.025037 504.322047 1.71 1.99 4.59 6.39 0.39 41.53 2.081934 0
28 89 car 0 0 2.424108 329.911849 413.559659 400.465796 471.682100 1.55 1.82 4.45 -14.19 -0.71 40.02 2.081934 0
28 84 car 0 0 2.274760 513.901238 458.555404 624.091713 519.536986 1.49 1.84 4.64 -6.42 0.73 33.39 2.081934 0
28 72 car 0 0 2.300954 503.209526 417.305524 565.540310 480.209258 1.82 1.90 4.51 -9.30 -0.45 42.06 2.081934 0
28 88 car 0 0 2.089367 766.226653 432.063522 847.480709 482.219299 1.53 1.69 4.28 -0.39 -0.39 44.29 2.081934 0
28 75 car 0 0 1.778890 1127.175447 450.950110 1297.312133 517.041611 1.71 1.99 4.59 11.00 0.70 35.11 2.081934 0
28 90 car 0 0 2.185756 645.639215 425.463748 722.981069 482.142237 1.60 1.67 4.07 -4.31 -0.36 40.83 2.081934 0
29 79 car 0 0 1.687187 1124.861449 470.874898 1548.691817 615.880352 1.60 1.77 4.29 6.02 1.39 15.02 2.077148 0
29 7 car 0 0 1.620387 1277.221947 465.087939 1600.000000 688.209865 1.60 1.70 4.98 6.47 1.44 10.08 2.077148 0
29 80 car 0 0 1.961045 854.764860 471.005947 1073.168855 549.165063 1.57 1.85 4.61 3.25 1.20 27.51 2.077148 0
29 77 car 0 0 2.144595 694.638281 422.113134 766.803630 479.050548 1.60 1.67 4.07 -2.79 -0.46 40.62 2.077148 0
29 91 car 0 0 1.548730 1511.187246 475.442133 1600.000000 534.799804 1.60 1.89 4.61 22.08 1.21 36.02 2.077148 0
29 83 car 0 0 1.987987 859.682359 444.758998 999.282984 497.522555 1.52 1.99 4.59 3.68 0.16 40.55 2.077148 0
29 73 car 0 0 1.919918 937.762111 442.061181 1096.325295 503.032988 1.71 1.99 4.59 6.13 0.33 38.51 2.077148 0
29 89 car 0 0 2.453467 274.769828 405.046471 356.913190 468.445702 1.55 1.82 4.45 -14.49 -0.76 36.87 2.077148 0
29 84 car 0 0 2.296185 471.492948 452.849339 597.210900 520.545834 1.49 1.84 4.64 -6.63 0.68 30.31 2.077148 0
29 72 car 0 0 2.321782 464.816796 410.313841 535.437464 478.376523 1.82 1.90 4.51 -9.65 -0.47 38.94 2.077148 0
29 88 car 0 0 2.092366 753.492985 423.861005 840.494965 478.047934 1.53 1.69 4.28 -0.69 -0.50 41.23 2.077148 0
29 75 car 0 0 1.753504 1148.713214 444.796624 1333.430592 517.132262 1.71 1.99 4.59 10.81 0.64 32.14 2.077148 0
29 90 car 0 0 2.197297 622.151463 418.604180 704.593848 480.047215 1.60 1.67 4.07 -4.61 -0.40 37.74 2.077148 0
30 79 car 0 0 1.645312 1185.505748 468.349429 1600.000000 650.129462 1.60 1.77 4.29 5.93 1.41 12.06 2.072490 0
30 7 car 0 0 1.564916 1441.242686 454.008671 1600.000000 780.401721 1.60 1.70 4.98 6.42 1.44 7.12 2.072490 0
30 80 car 0 0 1.949002 851.240224 472.450515 1095.669807 561.108656 1.57 1.85 4.61 3.09 1.28 24.50 2.072490 0
30 77 car 0 0 2.150434 678.891032 418.442347 755.823147 480.173284 1.60 1.67 4.07 -2.99 -0.40 37.64 2.072490 0
30 91 car 0 0 1.528297 1565.263601 474.373205 1600.000000 539.243111 1.60 1.89 4.61 21.89 1.22 33.13 2.072490 0
30 83 car 0 0 1.981398 856.859375 442.250919 1007.037376 499.288191 1.52 1.99 4.59 3.49 0.20 37.57 2.072490 0
30 73 car 0 0 1.907332 941.641857 441.047022 1113.055263 506.856988 1.71 1.99 4.59 5.95 0.41 35.54 2.072490 0
30 89 car 0 0 2.485777 212.568661 403.288583 309.204062 472.496358 1.55 1.82 4.45 -14.73 -0.59 33.80 2.072490 0
30 84 car 0 0 2.317859 426.960646 448.807037 571.313621 524.212009 1.49 1.84 4.64 -6.72 0.69 27.34 2.072490 0
30 72 car 0 0 2.348723 415.034332 409.614153 499.492286 483.355599 1.82 1.90 4.51 -10.09 -0.29 35.86 2.072490 0
30 88 car 0 0 2.094753 741.406353 420.659641 834.729620 479.410784 1.53 1.69 4.28 -0.92 -0.43 38.21 2.072490 0
30 75 car 0 0 1.724230 1174.926182 440.101313 1377.173036 519.637608 1.71 1.99 4.59 10.63 0.65 29.20 2.072490 0
30 90 car 0 0 2.209577 597.608786 417.470237 685.514421 484.286901 1.60 1.67 4.07 -4.85 -0.25 34.71 2.072490 0
31 79 car 0 0 1.610997 1287.781532 469.447468 1600.000000 717.656039 1.60 1.77 4.29 5.87 1.48 9.10 2.071110 0
31 80 car 0 0 1.934091 852.179917 477.932040 1129.588776 580.230682 1.57 1.85 4.61 3.02 1.41 21.51 2.071110 0
31 77 car 0 0 2.157301 665.444825 418.616771 748.240824 485.955080 1.60 1.67 4.07 -3.05 -0.21 34.66 2.071110 0
31 92 car 0 0 1.739743 1193.593327 477.123258 1310.370588 523.014316 1.38 1.60 3.95 13.78 0.99 39.97 2.071110 0
31 83 car 0 0 1.974857 857.222138 442.899746 1019.861506 505.181095 1.52 1.99 4.59 3.40 0.34 34.59 2.071110 0
31 73 car 0 0 1.893719 950.007992 442.456918 1136.602580 514.494454 1.71 1.99 4.59 5.86 0.58 32.56 2.071110 0
31 89 car 0 0 2.519685 148.756990 398.350604 264.727637 475.226801 1.55 1.82 4.45 -14.72 -0.48 30.81 2.071110 0
31 84 car 0 0 2.348527 370.641556 450.483521 540.642825 536.167408 1.49 1.84 4.64 -6.79 0.83 24.38 2.071110 0
31 72 car 0 0 2.372673 373.861364 404.291409 470.835395 485.602613 1.82 1.90 4.51 -10.15 -0.22 32.93 2.071110 0
31 88 car 0 0 2.096784 733.214310 425.061007 834.276540 488.576365 1.53 1.69 4.28 -0.98 -0.14 35.24 2.071110 0
31 75 car 0 0 1.690844 1210.499919 444.530501 1434.461490 533.988082 1.71 1.99 4.59 10.50 0.86 26.20 2.071110 0
31 90 car 0 0 2.225071 572.561381 418.317322 666.905607 491.634128 1.60 1.67 4.07 -4.98 -0.05 31.70 2.071110 0
32 79 car 0 0 1.557484 1489.303037 458.970110 1600.000000 846.857283 1.60 1.77 4.29 5.91 1.49 6.19 2.079434 0
32 80 car 0 0 1.912915 869.210687 476.839614 1189.031575 597.044467 1.57 1.85 4.61 3.19 1.43 18.61 2.079434 0
32 77 car 0 0 2.163286 665.243116 413.698325 754.407936 487.132130 1.60 1.67 4.07 -2.74 -0.17 31.84 2.079434 0
32 92 car 0 0 1.714106 1237.992939 474.780510 1363.345661 524.539916 1.38 1.60 3.95 14.18 0.96 37.01 2.079434 0
32 83 car 0 0 1.965427 872.699401 436.191704 1049.852279 504.658900 1.52 1.99 4.59 3.69 0.30 31.67 2.079434 0
32 73 car 0 0 1.876101 974.926562 436.607032 1179.834440 516.094841 1.71 1.99 4.59 6.14 0.56 29.62 2.079434 0
32 89 car 0 0 2.555998 93.201525 385.179128 231.753144 470.798106 1.55 1.82 4.45 -14.37 -0.55 28.10 2.079434 0
32 84 car 0 0 2.383421 317.926167 444.565314 520.031336 542.838132 1.49 1.84 4.64 -6.59 0.83 21.59 2.079434 0
32 72 car 0 0 2.398154 342.577113 394.951707 454.199081 484.456652 1.82 1.90 4.51 -9.84 -0.24 30.15 2.079434 0
32 88 car 0 0 2.098828 736.845923 418.651741 846.560421 488.157344 1.53 1.69 4.28 -0.70 -0.14 32.35 2.079434 0
32 75 car 0 0 1.648218 1273.141197 439.409843 1524.733738 541.414238 1.71 1.99 4.59 10.72 0.89 23.22 2.079434 0
32 90 car 0 0 2.241017 559.286107 411.936683 660.386474 492.742416 1.60 1.67 4.07 -4.77 -0.02 28.84 2.079434 0
33 80 car 0 0 1.880953 924.941333 479.415802 1301.836586 623.757135 1.57 1.85 4.61 3.77 1.49 15.79 2.111401 0
33 77 car 0 0 2.168051 696.433855 405.709945 792.463338 486.036909 1.60 1.67 4.07 -1.73 -0.18 29.21 2.111401 0
33 92 car 0 0 1.682511 1326.576878 470.016216 1464.169443 524.532560 1.38 1.60 3.95 15.49 0.88 33.82 2.111401 0
33 83 car 0 0 1.952155 922.432501 427.961191 1116.890158 503.461126 1.52 1.99 4.59 4.70 0.24 28.84 2.111401 0
33 73 car 0 0 1.853366 1036.339743 428.387315 1264.658688 516.780860 1.71 1.99 4.59 7.07 0.52 26.71 2.111401 0
33 89 car 0 0 2.593481 74.033410 375.422825 233.178992 468.985865 1.55 1.82 4.45 -13.39 -0.55 25.87 2.111401 0
33 84 car 0 0 2.422305 289.534196 434.626883 529.139351 547.603560 1.49 1.84 4.64 -5.91 0.78 19.06 2.111401 0
33 72 car 0 0 2.423902 343.976065 385.832514 470.232143 483.431315 1.82 1.90 4.51 -8.85 -0.24 27.76 2.111401 0
33 88 car 0 0 2.097557 773.953649 410.943628 893.649028 487.070782 1.53 1.69 4.28 0.32 -0.16 29.66 2.111401 0
33 75 car 0 0 1.619901 1388.403838 430.667700 1600.000000 549.522359 1.71 1.99 4.59 11.47 0.88 20.17 2.111401 0
33 90 car 0 0 2.252395 582.512661 402.872907 690.521555 491.749301 1.60 1.67 4.07 -3.81 -0.04 26.35 2.111401 0
34 80 car 0 0 1.827533 1044.432207 485.461746 1508.745231 663.255497 1.57 1.85 4.61 4.79 1.57 13.07 2.176169 0
34 77 car 0 0 2.166688 776.063645 398.346105 880.484970 486.574365 1.60 1.67 4.07 0.18 -0.16 26.85 2.176169 0
34 92 car 0 0 1.658214 1475.867954 473.361696 1600.000000 534.401214 1.38 1.60 3.95 17.68 1.01 30.28 2.176169 0
34 83 car 0 0 1.931277 1024.409062 424.306022 1241.098792 508.141527 1.52 1.99 4.59 6.56 0.31 26.03 2.176169 0
34 73 car 0 0 1.821862 1154.027416 424.523547 1415.445106 524.178187 1.71 1.99 4.59 8.80 0.60 23.75 2.176169 0
34 89 car 0 0 2.628158 112.028131 368.004591 290.787075 468.807748 1.55 1.82 4.45 -11.61 -0.53 24.26 2.176169 0
34 84 car 0 0 2.456115 313.797411 429.681772 590.557308 559.551627 1.49 1.84 4.64 -4.63 0.83 16.93 2.176169 0
34 72 car 0 0 2.446192 396.412007 380.941870 535.075110 486.252396 1.82 1.90 4.51 -7.02 -0.17 25.84 2.176169 0
34 88 car 0 0 2.088294 861.412286 405.902531 994.269545 489.759501 1.53 1.69 4.28 2.29 -0.09 27.12 2.176169 0
34 75 car 0 0 1.623499 1594.745632 424.632363 1600.000000 568.606451 1.71 1.99 4.59 12.81 0.96 16.90 2.176169 0
34 90 car 0 0 2.257260 655.402908 399.625190 771.288267 496.778946 1.60 1.67 4.07 -2.05 0.06 24.17 2.176169 0
35 80 car 0 0 1.823793 1270.931995 502.141083 1600.000000 735.816767 1.57 1.85 4.61 6.17 1.71 10.22 2.278552 0
35 77 car 0 0 2.152460 917.928311 401.955980 1035.679803 498.915424 1.60 1.67 4.07 3.00 0.09 24.42 2.278552 0
35 83 car 0 0 1.894912 1201.185189 425.842393 1453.702164 521.067952 1.52 1.99 4.59 9.30 0.51 22.93 2.278552 0
35 73 car 0 0 1.796790 1356.830830 425.213716 1600.000000 541.478000 1.71 1.99 4.59 11.28 0.79 20.43 2.278552 0
35 89 car 0 0 2.654960 221.293353 375.463104 410.126909 481.102041 1.55 1.82 4.45 -8.93 -0.28 23.03 2.278552 0
35 84 car 0 0 2.479990 397.722382 441.237519 717.587113 591.859055 1.49 1.84 4.64 -2.81 1.06 15.00 2.278552 0
35 72 car 0 0 2.458662 509.510096 387.048832 661.836933 499.036117 1.82 1.90 4.51 -4.27 0.08 24.17 2.278552 0
35 88 car 0 0 2.065483 1013.281769 414.765166 1167.239314 507.016274 1.53 1.69 4.28 5.16 0.26 24.43 2.278552 0
35 90 car 0 0 2.247532 791.564854 403.257142 919.563355 509.777234 1.60 1.67 4.07 0.59 0.28 22.05 2.278552 0
36 77 car 0 0 2.124515 1125.778861 414.342975 1270.003333 524.508538 1.60 1.67 4.07 6.44 0.51 21.78 2.417202 0
36 83 car 0 0 1.902534 1464.860105 438.726374 1600.000000 550.341795 1.52 1.99 4.59 12.42 0.89 19.43 2.417202 0
36 89 car 0 0 2.676900 382.724273 411.085672 576.839261 519.095855 1.55 1.82 4.45 -5.69 0.41 22.06 2.417202 0
36 84 car 0 0 2.484017 558.727775 466.367550 904.321814 642.502828 1.49 1.84 4.64 -0.63 1.40 13.21 2.417202 0
36 72 car 0 0 2.459485 682.569285 412.868314 842.805960 533.033443 1.82 1.90 4.51 -0.82 0.69 22.53 2.417202 0
36 88 car 0 0 2.032826 1231.833217 426.701145 1425.220073 532.586460 1.53 1.69 4.28 8.52 0.65 21.49 2.417202 0
36 90 car 0 0 2.225315 986.898324 424.783123 1137.709090 542.509136 1.60 1.67 4.07 3.73 0.77 19.82 2.417202 0
37 77 car 0 0 2.089975 1444.771666 418.066173 1600.000000 551.490093 1.60 1.67 4.07 10.39 0.82 18.31 2.598613 0
37 89 car 0 0 2.682118 609.901622 438.617116 810.635759 552.259891 1.55 1.82 4.45 -1.59 0.94 20.79 2.598613 0
37 84 car 0 0 2.452972 800.059551 485.989559 1203.989375 704.811459 1.49 1.84 4.64 1.86 1.62 11.10 2.598613 0
37 72 car 0 0 2.437730 934.057206 430.099605 1109.519811 563.274230 1.82 1.90 4.51 3.42 1.12 20.36 2.598613 0
37 88 car 0 0 2.049255 1583.191710 417.662029 1600.000000 552.047993 1.53 1.69 4.28 12.41 0.79 17.62 2.598613 0
37 90 car 0 0 2.175444 1283.056987 429.745474 1490.212241 570.265700 1.60 1.67 4.07 7.42 1.03 16.89 2.598613 0
38 89 car 0 0 2.662965 891.902863 443.536604 1112.149767 568.431962 1.55 1.82 4.45 2.88 1.10 18.76 2.808608 0
38 84 car 0 0 2.394155 1146.816343 478.453832 1600.000000 781.088354 1.49 1.84 4.64 4.23 1.60 8.58 2.808608 0
38 72 car 0 0 2.394256 1267.218307 410.812648 1479.292970 570.588043 1.82 1.90 4.51 7.71 1.05 17.29 2.808608 0
39 89 car 0 0 2.615215 1219.541741 431.093927 1487.165480 577.327277 1.55 1.82 4.45 6.86 1.06 15.90 3.016322 0
