109 5 Car 0 0 -1.214970 877.191711 190.267807 973.614441 245.162247 1.507812 1.687051 4.041130 9.645580 1.969339 21.814435 -0.804429 
110 5 Car 0 0 -1.224466 866.526489 188.936386 966.075134 244.755447 1.507812 1.687051 4.041130 9.162753 1.943332 21.409208 -0.825836 
111 5 Car 0 0 -1.233380 853.358643 187.042572 954.687927 244.495071 1.507812 1.687051 4.041130 8.679926 1.917325 21.003980 -0.847243 
112 5 Car 0 0 -1.241673 844.422241 186.707413 937.992126 245.705215 1.507812 1.687051 4.041130 8.197099 1.891318 20.598752 -0.868650 
113 4 Car 0 1 0.667215 60.108589 183.801361 231.802643 278.476837 1.523438 1.697113 4.518535 -8.507631 1.593847 11.655923 0.047361 
113 5 Car 0 0 -1.253046 831.985474 185.431366 933.081909 245.153107 1.507812 1.687051 4.041130 7.801927 1.868010 20.193475 -0.890057 
114 4 Car 0 1 0.671941 3.767287 183.145142 214.837463 289.700531 1.523438 1.697113 4.518535 -8.382176 1.587298 10.920564 0.028883 
114 5 Car 0 0 -1.263931 824.791199 185.130692 925.602356 246.634613 1.507812 1.687051 4.041130 7.406756 1.844702 19.788199 -0.911464 
115 4 Car 0 1 0.678976 1.444246 186.235077 204.724197 296.144104 1.523438 1.697113 4.518535 -8.256721 1.580750 10.185206 0.010405 
115 5 Car 0 0 -1.273630 817.313171 186.394547 919.055847 248.408875 1.507812 1.687051 4.041130 7.041350 1.854915 19.312490 -0.929746 
116 4 Car 1 0 0.688643 2.005466 195.711990 184.502380 304.859985 1.523438 1.697113 4.518535 -8.131265 1.574201 9.449847 -0.008072 
116 5 Car 0 0 -1.282844 807.587708 187.449860 907.479675 253.039886 1.507812 1.687051 4.041130 6.675945 1.865128 18.836781 -0.948028 
117 4 Car 1 0 0.701319 2.178077 201.874466 165.332520 314.698303 1.523438 1.697113 4.518535 -8.005810 1.567653 8.714489 -0.026550 
117 5 Car 0 0 -1.291533 801.071167 188.554764 906.649841 252.833923 1.507812 1.687051 4.041130 6.310539 1.875342 18.361072 -0.966311 
117 6 Car 0 2 -1.849068 740.589722 189.180283 810.032959 235.392014 1.460938 1.583189 3.934669 5.096025 1.899656 22.712512 -1.631951 
118 5 Car 0 0 -1.299653 791.320251 188.952805 897.885437 258.627472 1.507812 1.687051 4.041130 5.945134 1.885555 17.885363 -0.984593 
118 6 Car 0 2 -1.855028 728.319397 186.872818 798.909912 235.771667 1.460938 1.583189 3.934669 4.692560 1.897226 22.196363 -1.650218 
119 5 Car 0 0 -1.307154 785.006714 189.976074 894.125244 260.232971 1.507812 1.687051 4.041130 5.579728 1.895768 17.409654 -1.002875 
119 6 Car 0 2 -1.860341 714.863281 188.337051 791.253479 241.027573 1.460938 1.583189 3.934669 4.289095 1.894795 21.680213 -1.668485 
120 5 Car 0 0 -1.317722 774.952209 190.271973 883.860657 264.614471 1.507812 1.687051 4.041130 5.273482 1.883524 16.919287 -1.021501 
120 6 Car 0 2 -1.864962 703.193237 188.744156 784.026306 241.604706 1.460938 1.583189 3.934669 3.885630 1.892364 21.164064 -1.686752 
120 9 Car 0 1 -1.787982 658.733032 182.229950 715.260315 227.189468 1.596000 1.698089 3.562650 2.985247 1.961234 28.126936 -1.684104 
121 5 Car 0 0 -1.327773 766.911133 190.920334 882.162842 264.409637 1.507812 1.687051 4.041130 4.967236 1.871280 16.428920 -1.040127 
121 6 Car 0 2 -1.868837 689.766602 191.344711 776.588501 240.438889 1.460938 1.583189 3.934669 3.482166 1.889933 20.647915 -1.705019 
121 7 Car 0 1 1.698914 413.623291 179.125290 488.559113 234.535355 1.500000 1.675028 4.026695 -5.058704 1.748989 23.013090 1.484354 
121 9 Car 0 1 -1.790308 646.810852 182.779678 702.316162 228.478012 1.596000 1.698089 3.562650 2.481103 1.936886 27.572519 -1.702287 
122 5 Car 0 0 -1.337259 759.126038 190.775711 875.054688 269.194580 1.507812 1.687051 4.041130 4.660990 1.859036 15.938552 -1.058753 
122 6 Car 0 2 -1.871910 683.638245 190.709854 765.876953 243.444534 1.460938 1.583189 3.934669 3.078701 1.887502 20.131766 -1.723286 
122 7 Car 0 1 1.703200 396.110901 180.268707 472.558319 233.929932 1.500000 1.675028 4.026695 -5.452760 1.752278 22.359097 1.466140 
122 9 Car 0 1 -1.791943 633.256104 182.310913 690.162964 227.991348 1.596000 1.698089 3.562650 1.976960 1.912539 27.018102 -1.720470 
123 5 Car 0 0 -1.346122 748.748108 189.934967 867.865662 270.222168 1.507812 1.687051 4.041130 4.354745 1.846793 15.448185 -1.077379 
123 6 Car 0 2 -1.876755 667.475586 190.468781 758.173767 244.733582 1.460938 1.583189 3.934669 2.736864 1.861971 19.585411 -1.740930 
123 7 Car 0 1 1.708560 373.621979 180.091034 452.385651 235.258041 1.500000 1.675028 4.026695 -5.846816 1.755566 21.705104 1.447925 
123 9 Car 0 1 -1.792850 619.499451 181.981506 681.412476 227.700272 1.596000 1.698089 3.562650 1.472817 1.888191 26.463685 -1.738654 
124 5 Car 0 0 -1.354299 741.506348 189.644440 862.689880 272.428223 1.507812 1.687051 4.041130 4.048499 1.834549 14.957818 -1.096005 
124 6 Car 0 1 -1.880827 661.985352 188.969955 748.159607 244.824219 1.460938 1.583189 3.934669 2.395028 1.836440 19.039056 -1.758574 
124 7 Car 0 1 1.715519 352.189697 180.363144 436.148468 237.001236 1.500000 1.675028 4.026695 -6.232901 1.758719 20.986494 1.429711 
124 9 Car 0 1 -1.792992 608.265442 181.464951 668.234253 228.421249 1.596000 1.698089 3.562650 0.968673 1.863843 25.909268 -1.756837 
124 10 Car 0 2 -1.794737 578.450256 184.385284 616.147400 219.407455 1.524000 1.728591 3.894227 -0.202809 1.865769 30.982161 -1.801912 
125 5 Car 0 0 -1.361359 732.454102 189.112167 856.811279 274.507568 1.507812 1.687051 4.041130 3.797119 1.806937 14.419563 -1.109985 
125 6 Car 0 1 -1.884060 663.974304 187.908279 739.818298 247.415939 1.460938 1.583189 3.934669 2.053191 1.810909 18.492702 -1.776217 
125 7 Car 0 1 1.723831 329.459259 180.565048 416.697083 241.224030 1.500000 1.675028 4.026695 -6.618987 1.761872 20.267884 1.411496 
125 9 Car 0 1 -1.792327 593.243591 180.256378 653.984436 228.360733 1.596000 1.698089 3.562650 0.464530 1.839496 25.354851 -1.775021 
125 10 Car 0 2 -1.795268 565.021362 183.656891 602.971069 220.096786 1.524000 1.728591 3.894227 -0.653934 1.864488 30.306336 -1.817339 
126 5 Car 0 0 -1.367865 724.638123 188.926041 851.239380 276.091492 1.507812 1.687051 4.041130 3.545739 1.779326 13.881308 -1.123965 
126 6 Car 0 1 -1.886380 646.184814 186.570251 733.628967 249.940475 1.460938 1.583189 3.934669 1.711354 1.785379 17.946347 -1.793861 
126 7 Car 0 1 1.732232 301.915070 181.031097 396.018097 244.785278 1.500000 1.675028 4.026695 -7.005057 1.765480 19.633874 1.393282 
126 9 Car 0 1 -1.789179 579.606140 179.302460 638.081848 229.547821 1.596000 1.698089 3.562650 0.086422 1.824659 24.739589 -1.786541 
126 14 Car 0 2 -1.746292 546.477844 181.830200 587.844666 219.772614 1.365956 1.508586 3.485915 -2.653718 1.896564 34.831527 -1.822336 
127 5 Car 0 0 -1.373749 717.528564 188.626434 848.210449 280.991180 1.507812 1.687051 4.041130 3.294360 1.751714 13.343053 -1.137945 
127 6 Car 0 1 -1.887705 631.631287 185.756271 723.349182 253.598282 1.460938 1.583189 3.934669 1.369518 1.759848 17.399992 -1.811505 
127 7 Car 0 1 1.751842 277.543976 182.483368 371.315704 249.057999 1.500000 1.675028 4.026695 -7.338655 1.811952 18.851262 1.384846 
127 9 Car 0 2 -1.785291 568.421448 180.134338 618.720947 228.071121 1.596000 1.698089 3.562650 -0.291686 1.809822 24.124327 -1.798062 
127 14 Car 0 2 -1.735399 524.165466 181.897888 560.719971 215.145050 1.365956 1.508586 3.485915 -3.124155 1.873219 34.153126 -1.826487 
128 5 Car 0 0 -1.387459 714.662476 187.609253 849.332336 284.062042 1.507812 1.687051 4.041130 3.163470 1.724226 12.815722 -1.151925 
128 6 Car 0 1 -1.890098 619.784729 184.971298 718.050171 255.233078 1.460938 1.583189 3.934669 1.273391 1.762642 16.809908 -1.816865 
128 7 Car 0 1 1.764641 254.629501 186.128891 351.047150 253.385406 1.500000 1.675028 4.026695 -7.534025 1.859040 18.179217 1.376409 
128 9 Car 0 2 -1.780612 561.909302 183.600143 623.102844 230.630630 1.596000 1.698089 3.562650 -0.669794 1.794985 23.509066 -1.809583 
128 10 Car 0 2 -1.792738 529.249878 182.076523 567.399475 221.238800 1.524000 1.728591 3.894227 -2.007307 1.860647 28.278863 -1.863619 
128 14 Car 0 2 -1.723945 512.178711 182.189178 549.705750 216.008224 1.365956 1.508586 3.485915 -3.594592 1.849874 33.474725 -1.830638 
129 5 Car 0 0 -1.401145 709.923218 186.278610 852.187683 285.049438 1.507812 1.687051 4.041130 3.032580 1.696738 12.288390 -1.165905 
129 6 Car 0 1 -1.892277 608.437866 185.697708 719.095642 258.160248 1.460938 1.583189 3.934669 1.177264 1.765436 16.219823 -1.822225 
129 7 Car 0 1 1.778638 232.249741 190.176559 338.054932 260.129272 1.500000 1.675028 4.026695 -7.729395 1.906128 17.507171 1.367973 
129 9 Car 0 2 -1.784830 551.078552 182.222458 616.867737 229.125137 1.596000 1.698089 3.562650 -0.822440 1.825543 22.927458 -1.821104 
129 10 Car 0 2 -1.797054 520.194153 183.890976 560.766663 225.290100 1.524000 1.728591 3.894227 -2.176977 1.888670 27.747982 -1.875296 
129 14 Car 0 2 -1.720550 503.955719 183.258881 544.887268 218.586502 1.365956 1.508586 3.485915 -3.782531 1.910069 32.869018 -1.834788 
130 5 Car 0 0 -1.409774 714.458374 187.749527 858.277832 292.665771 1.507812 1.687051 4.041130 2.994795 1.685065 11.664496 -1.165695 
130 6 Car 0 1 -1.894218 601.946045 186.064026 718.820984 263.177124 1.460938 1.583189 3.934669 1.081137 1.768231 15.629738 -1.827584 
130 7 Car 0 1 1.787584 208.798279 192.966888 331.674744 266.656067 1.500000 1.675028 4.026695 -7.805040 1.951351 16.860550 1.359537 
130 9 Car 0 1 -1.788678 543.634644 181.671143 615.995605 234.807571 1.596000 1.698089 3.562650 -0.975086 1.856101 22.345850 -1.832625 
130 10 Car 0 2 -1.801094 515.418701 184.100723 555.971252 226.650711 1.524000 1.728591 3.894227 -2.346646 1.916692 27.217102 -1.886973 
130 11 Car 2 2 1.614619 301.979370 184.073822 354.460510 243.318420 1.444000 1.595116 3.791789 -10.413430 2.122375 26.952817 1.248783 
130 14 Car 0 2 -1.716888 492.832489 183.012985 534.818115 219.146179 1.365956 1.508586 3.485915 -3.970471 1.970264 32.263311 -1.838939 
131 5 Car 0 0 -1.419332 718.427979 187.411163 867.158447 299.293060 1.507812 1.687051 4.041130 2.957010 1.673391 11.040601 -1.165486 
131 6 Car 0 1 -1.895895 599.890381 188.641541 723.866272 267.041595 1.460938 1.583189 3.934669 0.985010 1.771025 15.039653 -1.832944 
131 7 Car 0 1 1.797586 192.500549 196.019058 320.005219 273.965637 1.500000 1.675028 4.026695 -7.880686 1.996574 16.213928 1.351100 
131 9 Car 0 2 -1.785184 506.831207 183.689804 611.480896 239.579132 1.596000 1.698089 3.562650 -0.962247 1.863274 21.743826 -1.829748 
131 10 Car 0 2 -1.804844 512.068665 187.004913 561.255066 229.644516 1.524000 1.728591 3.894227 -2.516316 1.944715 26.686222 -1.898650 
131 11 Car 2 2 1.647098 277.667389 186.575531 344.924530 247.501831 1.444000 1.595116 3.791789 -10.444050 2.117685 26.349305 1.272724 
131 14 Car 0 2 -1.712946 494.418304 185.880783 532.689331 223.636551 1.365956 1.508586 3.485915 -4.158410 2.030459 31.657605 -1.843090 
132 5 Car 0 0 -1.429969 727.158875 187.696991 881.857849 307.473663 1.507812 1.687051 4.041130 2.919225 1.661718 10.416706 -1.165277 
132 6 Car 0 0 -1.897275 600.895996 189.921478 728.971497 272.768738 1.460938 1.583189 3.934669 0.888883 1.773820 14.449569 -1.838304 
132 7 Car 0 1 1.815683 173.964249 200.370819 304.321381 282.525970 1.500000 1.675028 4.026695 -7.854878 2.058684 15.647967 1.356748 
132 9 Car 0 2 -1.781655 518.462585 184.818787 609.245728 237.015274 1.596000 1.698089 3.562650 -0.949408 1.870447 21.141801 -1.826871 
132 10 Car 0 2 -1.792783 507.936462 189.872971 568.231140 231.642365 1.524000 1.728591 3.894227 -2.361827 1.913223 26.012204 -1.883140 
132 11 Car 2 2 1.679912 303.171448 188.317139 342.485016 244.332184 1.444000 1.595116 3.791789 -10.474670 2.112995 25.745794 1.296665 
132 14 Car 0 2 -1.716206 494.790588 187.841461 530.783203 224.216705 1.365956 1.508586 3.485915 -4.115970 2.040032 31.116158 -1.847240 
133 5 Car 0 0 -1.448312 734.547913 187.880402 896.922974 313.063599 1.507812 1.687051 4.041130 2.958094 1.647834 9.814724 -1.165068 
133 6 Car 0 0 -1.895760 601.557678 190.811920 738.032593 277.508240 1.460938 1.583189 3.934669 0.943184 1.733345 13.809178 -1.830244 
133 7 Car 0 1 1.834528 156.425034 203.113174 301.279297 289.784332 1.500000 1.675028 4.026695 -7.829071 2.120795 15.082007 1.362396 
133 9 Car 0 2 -1.778088 548.048889 184.158127 615.514465 242.466064 1.596000 1.698089 3.562650 -0.936568 1.877620 20.539777 -1.823994 
133 10 Car 0 2 -1.780905 503.421570 185.617966 595.674866 237.410782 1.524000 1.728591 3.894227 -2.207339 1.881731 25.338187 -1.867631 
133 11 Car 2 2 1.670112 300.278564 185.640991 344.079681 233.137650 1.444000 1.595116 3.791789 -10.420711 2.105750 25.142289 1.280482 
133 14 Car 0 2 -1.719436 499.037903 186.938614 556.404663 229.208481 1.365956 1.508586 3.485915 -4.073530 2.049605 30.574712 -1.851391 
134 5 Car 0 0 -1.468768 750.280090 186.513245 922.607544 318.136292 1.507812 1.687051 4.041130 2.996962 1.633949 9.212741 -1.164858 
134 6 Car 0 0 -1.894861 606.086365 190.287430 748.474548 279.249176 1.460938 1.583189 3.934669 0.997486 1.692869 13.168787 -1.822184 
134 7 Car 0 1 1.848943 137.993820 202.824402 292.066376 294.784515 1.500000 1.675028 4.026695 -7.715352 2.062768 14.536140 1.368044 
134 9 Car 0 1 -1.779793 545.429443 182.875839 621.876038 243.620636 1.596000 1.698089 3.562650 -0.815982 1.813034 19.918347 -1.821117 
134 11 Car 2 2 1.660587 272.405853 185.712479 332.744537 247.562210 1.444000 1.595116 3.791789 -10.366752 2.098504 24.538784 1.264298 
134 14 Car 0 2 -1.722633 494.982574 185.896973 525.616455 226.130051 1.365956 1.508586 3.485915 -4.031091 2.059178 30.033266 -1.855542 
135 5 Car 0 0 -1.487144 772.280640 183.613785 959.866943 327.618896 1.507812 1.687051 4.041130 3.087093 1.612753 8.546018 -1.152671 
135 6 Car 0 0 -1.900402 613.094727 187.737198 765.845154 284.050354 1.460938 1.583189 3.934669 1.127434 1.649685 12.547841 -1.814124 
135 7 Car 0 1 1.863939 127.248711 200.171844 289.806305 295.442352 1.500000 1.675028 4.026695 -7.601633 2.004741 13.990272 1.373692 
135 9 Car 0 1 -1.781790 548.435974 179.214569 628.570435 243.745087 1.596000 1.698089 3.562650 -0.695396 1.748448 19.296917 -1.818240 
135 10 Car 0 2 -1.757762 508.214600 181.243469 596.906677 235.579025 1.524000 1.728591 3.894227 -1.898363 1.818746 23.990151 -1.836612 
135 14 Car 0 2 -1.719131 495.350494 183.370209 524.518677 222.467941 1.365956 1.508586 3.485915 -3.685314 1.913117 29.395300 -1.843363 
136 5 Car 0 0 -1.509707 789.375488 177.254883 1007.207214 340.628021 1.507812 1.687051 4.041130 3.177224 1.591556 7.879294 -1.140483 
136 6 Car 0 0 -1.907289 620.840942 183.968872 782.735474 285.386078 1.460938 1.583189 3.934669 1.257383 1.606500 11.926896 -1.806064 
136 7 Car 0 1 1.879576 114.060493 198.769562 286.830688 298.453064 1.500000 1.675028 4.026695 -7.487914 1.946714 13.444405 1.379340 
136 9 Car 0 1 -1.779144 551.319641 177.071701 639.711243 243.277328 1.596000 1.698089 3.562650 -0.467588 1.680464 18.681261 -1.804740 
136 11 Car 0 2 1.659845 296.867371 186.692566 336.122192 241.610062 1.444000 1.595116 3.791789 -9.829007 2.084749 23.559152 1.268136 
136 14 Car 0 2 -1.716033 498.406738 179.800552 559.293640 218.978912 1.365956 1.508586 3.485915 -3.339537 1.767055 28.757335 -1.831185 
137 5 Car 0 0 -1.537279 826.269104 174.551208 1059.929932 352.328217 1.507812 1.687051 4.041130 3.267355 1.570359 7.212571 -1.128295 
137 6 Car 0 0 -1.915725 633.142700 180.563339 804.686523 289.632629 1.460938 1.583189 3.934669 1.387332 1.563315 11.305950 -1.798004 
137 7 Car 0 1 1.899623 100.892990 199.967453 286.419495 303.957367 1.500000 1.675028 4.026695 -7.301819 1.943605 12.921454 1.393598 
137 9 Car 0 1 -1.777233 559.277527 173.910019 646.448120 242.895950 1.596000 1.698089 3.562650 -0.239780 1.612480 18.065605 -1.791239 
137 11 Car 0 2 1.659323 272.769623 185.054199 340.691956 245.718719 1.444000 1.595116 3.791789 -9.560135 2.077871 23.069336 1.270055 
137 14 Car 0 2 -1.713363 507.228210 177.225876 567.132080 222.610413 1.365956 1.508586 3.485915 -2.993760 1.620993 28.119369 -1.819007 
138 5 Car 0 0 -1.570868 858.252441 176.011154 1150.259521 364.165405 1.507812 1.687051 4.041130 3.357486 1.549162 6.545848 -1.116107 
138 6 Car 0 0 -1.922206 641.183594 180.611832 832.226257 295.483398 1.460938 1.583189 3.934669 1.546583 1.565398 10.646476 -1.783144 
138 7 Car 0 1 1.920105 88.180672 199.424255 286.006683 306.221558 1.500000 1.675028 4.026695 -7.115723 1.940496 12.398503 1.407857 
138 9 Car 0 1 -1.778332 569.575317 173.643005 657.913208 244.184067 1.596000 1.698089 3.562650 0.027678 1.602678 17.458079 -1.777738 
138 13 Car 0 2 1.676836 319.886047 188.372604 358.053192 234.356384 1.422414 1.512803 3.707634 -10.762107 1.950111 28.166016 1.314590 
138 14 Car 0 2 -1.713569 514.305359 177.074310 573.886597 216.784729 1.365956 1.508586 3.485915 -2.580594 1.589683 27.496960 -1.806829 
139 5 Car 0 0 -1.611710 901.235291 175.014267 1234.149170 366.733765 1.507812 1.687051 4.041130 3.447617 1.527966 5.879125 -1.103920 
139 6 Car 0 0 -1.931274 653.558655 182.886520 859.965454 305.501648 1.460938 1.583189 3.934669 1.705835 1.567482 9.987002 -1.768284 
139 7 Car 0 1 1.941074 78.462921 196.869720 285.787262 316.825836 1.500000 1.675028 4.026695 -6.929628 1.937387 11.875551 1.422115 
139 9 Car 0 1 -1.780466 580.311707 173.725906 673.149719 247.816345 1.596000 1.698089 3.562650 0.295136 1.592876 16.850552 -1.764238 
139 10 Car 0 2 -1.767605 547.956238 177.625565 594.387512 230.346542 1.524000 1.728591 3.894227 -0.924009 1.616367 21.796482 -1.810223 
139 11 Car 0 2 1.688247 295.944702 182.485153 354.884827 240.427612 1.444000 1.595116 3.791789 -8.901584 2.059020 22.041383 1.308103 
139 13 Car 0 2 1.689967 323.246094 186.015320 360.053528 236.034729 1.422414 1.512803 3.707634 -10.355778 1.964566 27.662378 1.334479 
139 14 Car 0 2 -1.714374 505.871460 176.060196 583.500000 204.337326 1.365956 1.508586 3.485915 -2.167428 1.558373 26.874551 -1.794650 
140 5 Car 1 0 -1.658231 962.925964 179.384338 1232.654541 370.170349 1.507812 1.687051 4.041130 3.518190 1.523520 5.188552 -1.089260 
140 6 Car 0 0 -1.943395 666.842224 180.560883 896.002930 318.449738 1.460938 1.583189 3.934669 1.865086 1.569565 9.327528 -1.753423 
140 7 Car 0 0 1.962587 50.608833 198.386322 280.347900 320.009003 1.500000 1.675028 4.026695 -6.743532 1.934277 11.352600 1.436373 
140 9 Car 0 1 -1.783740 590.674988 172.313171 690.061890 253.870865 1.596000 1.698089 3.562650 0.562594 1.583073 16.243026 -1.750737 
140 10 Car 0 2 -1.766705 560.550537 179.844391 606.732849 232.945847 1.524000 1.728591 3.894227 -0.598387 1.635104 21.176517 -1.795408 
140 11 Car 0 2 1.702359 304.314819 183.137878 358.754486 244.830002 1.444000 1.595116 3.791789 -8.572309 2.049595 21.527407 1.327128 
140 13 Car 0 2 1.702814 330.830750 185.369980 370.256500 228.996368 1.422414 1.512803 3.707634 -9.949450 1.979020 27.158740 1.354367 
140 14 Car 0 2 -1.712370 522.359375 177.719147 579.008118 221.810898 1.365956 1.508586 3.485915 -1.779458 1.664112 26.328279 -1.779828 
141 5 Car 1 0 -1.715880 1016.382935 181.669205 1238.820312 370.809937 1.507812 1.687051 4.041130 3.588762 1.519074 4.497980 -1.074601 
141 6 Car 0 0 -1.959144 685.411194 180.907974 932.476807 329.261047 1.460938 1.583189 3.934669 2.024338 1.571649 8.668054 -1.738563 
141 7 Car 0 0 1.984712 33.496765 200.731216 275.824402 329.465698 1.500000 1.675028 4.026695 -6.557437 1.931168 10.829649 1.450632 
141 9 Car 0 1 -1.784993 601.666016 174.472763 708.854797 256.196716 1.596000 1.698089 3.562650 0.788631 1.588985 15.565109 -1.736348 
141 10 Car 0 2 -1.766644 556.279419 174.941849 648.943970 239.591705 1.524000 1.728591 3.894227 -0.272764 1.653841 20.556552 -1.780594 
141 11 Car 0 2 1.716214 309.008179 187.720383 360.580078 247.053177 1.444000 1.595116 3.791789 -8.243033 2.040170 21.013430 1.346152 
141 13 Car 0 2 1.715361 334.586517 187.410797 378.145294 235.083145 1.422414 1.512803 3.707634 -9.543121 1.993475 26.655103 1.374256 
141 14 Car 0 2 -1.710926 552.409058 179.957748 593.566162 222.621719 1.365956 1.508586 3.485915 -1.391488 1.769852 25.782008 -1.765006 
142 5 Car 1 0 -1.786998 1090.886108 184.640991 1242.000000 369.741730 1.507812 1.687051 4.041130 3.659335 1.514628 3.807408 -1.059942 
142 6 Car 0 0 -1.979237 699.053833 188.850266 987.996765 348.137512 1.460938 1.583189 3.934669 2.183589 1.573732 8.008580 -1.723703 
142 7 Car 0 0 2.010728 9.644523 203.240326 271.098816 336.855743 1.500000 1.675028 4.026695 -6.405541 1.910822 10.261510 1.463834 
142 9 Car 0 1 -1.787616 611.500000 174.339386 722.678894 259.901306 1.596000 1.698089 3.562650 1.014668 1.594896 14.887192 -1.721958 
142 10 Car 0 2 -1.767493 578.795166 174.940903 685.613464 246.728180 1.524000 1.728591 3.894227 0.052858 1.672578 19.936587 -1.765779 
142 13 Car 0 2 1.727586 344.669464 187.558640 385.222076 232.321182 1.422414 1.512803 3.707634 -9.136792 2.007929 26.151465 1.394144 
142 14 Car 0 2 -1.711373 561.265869 182.717316 598.493835 226.745209 1.365956 1.508586 3.485915 -1.043093 1.660802 25.145599 -1.753093 
143 5 Car 1 0 -1.874057 1167.797974 233.296585 1242.000000 372.799377 1.507812 1.687051 4.041130 3.729908 1.510182 3.116836 -1.045282 
143 6 Car 0 0 -2.000594 718.733276 187.894073 1048.839233 365.317932 1.460938 1.583189 3.934669 2.288183 1.573222 7.310347 -1.710037 
143 7 Car 0 0 2.037971 3.945435 203.429886 266.387146 351.140991 1.500000 1.675028 4.026695 -6.253645 1.890475 9.693371 1.477036 
143 9 Car 0 1 -1.791787 623.073853 175.511292 744.243958 265.552429 1.596000 1.698089 3.562650 1.240704 1.600807 14.209276 -1.707569 
143 10 Car 0 2 -1.769332 588.234741 182.048996 639.303894 241.102509 1.524000 1.728591 3.894227 0.378480 1.691314 19.316622 -1.750964 
143 11 Car 0 2 1.743066 310.989563 186.747742 376.917328 248.778900 1.444000 1.595116 3.791789 -7.584483 2.021319 19.985477 1.384200 
143 13 Car 0 2 1.739472 348.433960 188.613174 391.505371 233.037201 1.422414 1.512803 3.707634 -8.730464 2.022384 25.647828 1.414033 
143 14 Car 0 2 -1.712469 568.635376 181.059097 611.913269 227.739517 1.365956 1.508586 3.485915 -0.693419 1.672750 24.507926 -1.741180 
144 6 Car 0 0 -2.028080 746.786560 188.581650 1120.825439 370.837891 1.460938 1.583189 3.934669 2.392777 1.572713 6.612114 -1.696371 
144 7 Car 0 0 2.066620 5.374852 204.538483 257.596466 354.245422 1.500000 1.675028 4.026695 -6.101750 1.870129 9.125231 1.490238 
144 9 Car 0 1 -1.797710 638.054993 176.439270 763.306519 274.159576 1.596000 1.698089 3.562650 1.466741 1.606718 13.531359 -1.693179 
144 10 Car 0 2 -1.769732 597.405212 181.859055 653.371277 243.607101 1.524000 1.728591 3.894227 0.628769 1.659900 18.651451 -1.737493 
144 13 Car 0 2 1.740013 352.917847 188.117188 398.289398 233.562469 1.422414 1.512803 3.707634 -8.366892 1.975433 25.085194 1.420748 
144 14 Car 0 2 -1.714262 578.409058 182.326096 620.935608 229.073929 1.365956 1.508586 3.485915 -0.343746 1.684698 23.870253 -1.729267 
145 6 Car 0 0 -2.063276 769.092041 192.738113 1224.501343 370.754883 1.460938 1.583189 3.934669 2.497372 1.572203 5.913880 -1.682705 
145 7 Car 0 0 2.096888 2.176555 201.020020 244.883087 362.938599 1.500000 1.675028 4.026695 -5.949854 1.849782 8.557092 1.503440 
145 9 Car 0 1 -1.805628 646.354370 174.412949 784.252319 275.496246 1.596000 1.698089 3.562650 1.692777 1.612629 12.853442 -1.678790 
145 10 Car 0 2 -1.771128 608.254517 180.173859 669.496399 248.513092 1.524000 1.728591 3.894227 0.879059 1.628486 17.986280 -1.724021 
145 13 Car 0 2 1.740246 361.726959 187.440536 404.754272 233.081711 1.422414 1.512803 3.707634 -8.003320 1.928483 24.522561 1.427462 
145 14 Car 0 2 -1.716805 590.001099 182.924622 623.662109 230.225555 1.365956 1.508586 3.485915 0.005928 1.696646 23.232580 -1.717354 
146 6 Car 1 0 -2.108258 798.260986 190.743286 1233.944336 369.361633 1.460938 1.583189 3.934669 2.601966 1.571693 5.215647 -1.669039 
146 7 Car 0 0 2.129033 4.118187 200.604538 238.555649 365.590363 1.500000 1.675028 4.026695 -5.797958 1.829436 7.988953 1.516642 
146 9 Car 0 0 -1.813630 660.045654 172.273880 808.459290 282.042938 1.596000 1.698089 3.562650 1.860389 1.583684 12.163682 -1.666620 
146 10 Car 0 2 -1.773625 617.012756 179.412155 680.144348 248.572556 1.524000 1.728591 3.894227 1.129349 1.597071 17.321109 -1.710550 
146 13 Car 0 2 1.754517 365.135895 185.169647 409.969574 233.959915 1.422414 1.512803 3.707634 -7.665528 1.861270 23.940039 1.447347 
146 14 Car 0 2 -1.720152 598.109802 179.421951 640.176514 231.374710 1.365956 1.508586 3.485915 0.355602 1.708595 22.594907 -1.705441 
147 6 Car 1 0 -2.165739 825.375305 195.138046 1226.825806 370.889740 1.460938 1.583189 3.934669 2.706560 1.571184 4.517414 -1.655374 
147 7 Car 1 0 2.168642 3.231622 203.856171 227.209274 368.208984 1.500000 1.675028 4.026695 -5.712203 1.821298 7.393239 1.527853 
147 9 Car 0 0 -1.823856 672.600098 170.749573 831.395813 285.112885 1.596000 1.698089 3.562650 2.028000 1.554739 11.473922 -1.654449 
147 10 Car 0 2 -1.777339 629.656189 180.615692 693.221924 247.332977 1.524000 1.728591 3.894227 1.379638 1.565657 16.655938 -1.697078 
147 13 Car 0 2 1.768489 363.153046 183.096878 413.484009 231.907150 1.422414 1.512803 3.707634 -7.327736 1.794057 23.357517 1.467231 
147 14 Car 0 2 -1.721812 606.645386 178.846848 653.760315 230.678360 1.365956 1.508586 3.485915 0.645788 1.575658 21.920870 -1.693527 
148 6 Car 1 0 -2.233630 874.558105 201.851028 1240.250122 373.927368 1.460938 1.583189 3.934669 2.742628 1.568411 3.795580 -1.644973 
148 7 Car 1 0 2.211567 0.442579 198.429825 212.977783 364.144470 1.500000 1.675028 4.026695 -5.626449 1.813160 6.797524 1.539065 
148 9 Car 0 0 -1.837011 686.055054 168.549728 858.181091 290.816620 1.596000 1.698089 3.562650 2.199600 1.525667 10.784448 -1.642279 
148 10 Car 0 2 -1.782405 637.672852 176.732010 711.535889 251.018921 1.524000 1.728591 3.894227 1.629928 1.534242 15.990767 -1.683607 
148 13 Car 0 1 1.782139 366.720795 180.998871 417.826324 231.629990 1.422414 1.512803 3.707634 -6.989944 1.726844 22.774995 1.487116 
148 14 Car 0 2 -1.724312 618.885071 177.557663 663.841675 232.961273 1.365956 1.508586 3.485915 0.935975 1.442721 21.246833 -1.681614 
149 6 Car 1 0 -2.322372 918.217224 207.316360 1242.000000 375.000000 1.460938 1.583189 3.934669 2.778696 1.565639 3.073746 -1.634573 
149 7 Car 1 0 2.258347 1.040167 207.128815 191.341995 361.387878 1.500000 1.675028 4.026695 -5.540694 1.805022 6.201810 1.550276 
149 9 Car 0 0 -1.848510 699.486084 167.718201 888.335205 300.565186 1.596000 1.698089 3.562650 2.315374 1.545154 10.072460 -1.630109 
149 10 Car 0 2 -1.787985 646.843872 176.826279 726.828918 255.354187 1.524000 1.728591 3.894227 1.793479 1.551362 15.281022 -1.674341 
149 13 Car 0 2 1.780557 368.651398 181.598816 421.115448 233.461731 1.422414 1.512803 3.707634 -6.798607 1.759077 22.177755 1.485929 
149 14 Car 0 2 -1.723541 626.711792 177.016678 673.938660 234.349854 1.365956 1.508586 3.485915 1.139928 1.484550 20.561188 -1.669701 
150 6 Car 1 0 -2.438617 971.110718 264.079895 1237.381836 370.809448 1.460938 1.583189 3.934669 2.814765 1.562867 2.351912 -1.624173 
150 7 Car 1 0 2.309621 1.261335 210.239471 164.581497 369.712494 1.500000 1.675028 4.026695 -5.454939 1.796885 5.606096 1.561488 
150 9 Car 0 0 -1.863195 714.320679 171.276718 921.430481 307.471436 1.596000 1.698089 3.562650 2.431149 1.564641 9.360472 -1.617939 
150 10 Car 0 1 -1.794925 657.519409 178.161011 746.931763 262.173065 1.524000 1.728591 3.894227 1.957031 1.568481 14.571276 -1.665076 
150 11 Car 0 2 1.823746 327.052826 190.753174 396.557190 261.407776 1.444000 1.595116 3.791789 -5.929903 1.830707 15.824764 1.470101 
150 13 Car 0 2 1.778953 368.050140 182.819489 426.101959 237.547424 1.422414 1.512803 3.707634 -6.607269 1.791310 21.580515 1.484741 
150 14 Car 0 2 -1.723513 634.833496 179.816147 686.591553 239.749054 1.365956 1.508586 3.485915 1.343880 1.526379 19.875544 -1.657788 
151 7 Car 1 0 2.366144 0.453036 216.635757 132.814575 369.480316 1.500000 1.675028 4.026695 -5.369185 1.788747 5.010382 1.572699 
151 9 Car 0 0 -1.882121 730.641418 175.566254 960.559143 322.927887 1.596000 1.698089 3.562650 2.518459 1.571081 8.663837 -1.609559 
151 10 Car 0 2 -1.803411 665.957703 179.847351 766.203735 267.638489 1.524000 1.728591 3.894227 2.120583 1.585601 13.861530 -1.655811 
151 11 Car 0 2 1.835271 319.120026 193.549713 395.590240 267.238098 1.444000 1.595116 3.791789 -5.745487 1.852144 15.217688 1.479373 
151 13 Car 0 2 1.777326 368.838226 185.962662 424.866882 240.505508 1.422414 1.512803 3.707634 -6.415932 1.823542 20.983275 1.483554 
151 14 Car 0 2 -1.724301 650.198303 180.299133 704.981140 250.326752 1.365956 1.508586 3.485915 1.547833 1.568208 19.189900 -1.645875 
152 7 Car 1 0 2.433952 1.526822 221.965851 88.812653 373.138428 1.500000 1.675028 4.026695 -5.322616 1.796841 4.369837 1.580673 
152 9 Car 0 0 -1.905133 738.778076 175.614151 1009.921997 344.101013 1.596000 1.698089 3.562650 2.605769 1.577522 7.967202 -1.601178 
152 10 Car 0 2 -1.810281 677.229614 184.372406 782.205750 273.698547 1.524000 1.728591 3.894227 2.236975 1.604095 13.149017 -1.646546 
152 11 Car 0 1 1.849665 309.469666 199.581451 390.336182 275.262177 1.444000 1.595116 3.791789 -5.602225 1.880166 14.598558 1.488644 
152 13 Car 0 1 1.775673 366.416992 188.156647 429.583405 244.815857 1.422414 1.512803 3.707634 -6.224595 1.855775 20.386035 1.482367 
152 14 Car 0 2 -1.725986 650.587280 183.200912 710.383667 249.758911 1.365956 1.508586 3.485915 1.751786 1.610038 18.504256 -1.633961 
153 9 Car 0 0 -1.933141 757.122620 176.429337 1065.590576 361.302338 1.596000 1.698089 3.562650 2.693079 1.583962 7.270567 -1.592798 
153 10 Car 0 2 -1.818856 685.608398 185.996231 801.671448 283.312256 1.524000 1.728591 3.894227 2.353367 1.622590 12.436503 -1.637280 
153 11 Car 0 2 1.864481 301.246582 198.772888 390.468262 280.921021 1.444000 1.595116 3.791789 -5.458963 1.908188 13.979427 1.497916 
153 13 Car 0 0 1.773993 365.935181 187.574158 429.431091 248.818985 1.422414 1.512803 3.707634 -6.033258 1.888008 19.788795 1.481180 
153 14 Car 0 2 -1.728662 659.475220 186.433701 717.135437 251.228729 1.365956 1.508586 3.485915 1.955738 1.651867 17.818612 -1.622048 
