0 0 Car 1 0 -2.162543 889.969238 204.278046 1236.478516 367.491608 1.381664 1.510562 4.101504 3.407977 1.536793 4.758829 -1.570796 
0 2 Car 0 0 1.910674 294.537872 172.718842 320.942993 195.684067 1.411824 1.480149 3.630527 -21.419781 1.721707 51.943176 1.521110 
1 0 Car 1 0 -2.140108 877.775818 200.039047 1241.225830 367.506012 1.381664 1.510562 4.101504 3.388173 1.539172 5.048745 -1.576586 
1 2 Car 0 0 1.918982 288.949188 169.403870 341.459137 195.642838 1.411824 1.480149 3.630527 -21.343011 1.634904 50.756371 1.522566 
2 0 Car 1 0 -2.119693 871.770935 200.960266 1236.170044 368.732208 1.381664 1.510562 4.101504 3.368369 1.541552 5.338661 -1.582376 
2 2 Car 0 0 1.927573 280.077087 168.262054 316.041718 194.015762 1.411824 1.480149 3.630527 -21.264865 1.678346 49.568205 1.524023 
3 0 Car 1 0 -2.101121 854.540405 204.431717 1231.646240 371.024353 1.381664 1.510562 4.101504 3.348566 1.543931 5.628578 -1.588166 
3 2 Car 0 0 1.936467 273.965271 174.588013 334.131134 198.829651 1.411824 1.480149 3.630527 -21.186720 1.721789 48.380038 1.525479 
4 0 Car 0 0 -2.084231 844.355042 195.828110 1229.737183 373.560028 1.381664 1.510562 4.101504 3.328762 1.546310 5.918494 -1.593956 
5 0 Car 0 0 -2.068874 838.106384 199.921509 1242.000000 374.062714 1.381664 1.510562 4.101504 3.308958 1.548690 6.208410 -1.599746 
5 2 Car 0 0 1.955236 256.382172 172.895218 324.668427 199.993515 1.411824 1.480149 3.630527 -21.030428 1.808674 46.003706 1.528392 
6 0 Car 0 0 -2.049482 826.714783 197.549393 1242.000000 370.895325 1.381664 1.510562 4.101504 3.286537 1.540383 6.521717 -1.601736 
6 2 Car 0 0 1.965525 249.145615 173.435181 316.550781 202.124069 1.411824 1.480149 3.630527 -21.029748 1.848203 44.833062 1.528958 
6 3 Car 0 1 1.944221 291.761444 176.954330 320.875488 199.415894 1.315632 1.513865 3.547118 -21.157471 1.747549 49.022464 1.538511 
7 0 Car 0 0 -2.031578 817.204041 196.512283 1241.565430 374.445129 1.381664 1.510562 4.101504 3.264193 1.539405 6.834948 -1.603725 
7 2 Car 0 0 1.976237 239.048965 178.285995 292.700836 204.373550 1.411824 1.480149 3.630527 -21.029068 1.887731 43.662418 1.529524 
7 3 Car 0 2 1.953515 279.860107 177.890701 313.829224 201.402786 1.315632 1.513865 3.547118 -21.138959 1.851869 47.835150 1.539206 
8 0 Car 0 0 -2.015027 813.932739 198.892395 1202.638916 374.735596 1.381664 1.510562 4.101504 3.242347 1.585594 7.147685 -1.605715 
8 2 Car 0 0 1.986886 228.872131 175.224686 296.450470 204.197968 1.411824 1.480149 3.630527 -21.003027 1.800589 42.494195 1.530090 
8 3 Car 0 2 1.962993 275.993408 178.709091 302.472351 200.073898 1.315632 1.513865 3.547118 -21.112441 1.765919 46.650139 1.539901 
9 0 Car 0 0 -1.999707 800.692688 197.412857 1165.973267 370.809692 1.381664 1.510562 4.101504 3.219470 1.534087 7.461444 -1.607705 
9 2 Car 0 1 1.997993 217.612961 177.351700 271.518585 204.532944 1.411824 1.480149 3.630527 -20.976986 1.713447 41.325971 1.530656 
9 3 Car 0 2 1.972853 267.378967 174.507919 305.693665 201.734299 1.315632 1.513865 3.547118 -21.085924 1.679968 45.465128 1.540596 
10 0 Car 0 0 -1.989472 788.694763 193.953613 1140.894775 358.727814 1.381664 1.510562 4.101504 3.191573 1.540673 7.667828 -1.609695 
10 2 Car 0 2 2.009590 205.540710 176.039276 246.402115 203.312836 1.411824 1.480149 3.630527 -20.950945 1.626305 40.157748 1.531221 
10 3 Car 0 2 1.983118 243.200378 171.529480 291.349823 198.477386 1.315632 1.513865 3.547118 -21.059406 1.594017 44.280117 1.541291 
11 0 Car 0 0 -1.974457 783.167603 191.995178 1106.483276 352.212921 1.381664 1.510562 4.101504 3.208640 1.516513 8.073921 -1.609695 
11 2 Car 0 2 2.022195 195.339600 177.462845 263.916473 204.171188 1.411824 1.480149 3.630527 -20.844275 1.685586 39.007356 1.534049 
11 3 Car 0 2 1.993812 233.439575 172.242737 285.443329 200.288239 1.315632 1.513865 3.547118 -21.032889 1.508066 43.095106 1.541985 
12 0 Car 0 0 -1.964085 779.564026 193.481674 1075.685181 347.067871 1.381664 1.510562 4.101504 3.220351 1.518550 8.372974 -1.609695 
12 2 Car 0 1 2.035280 195.316010 177.055466 248.437256 205.690781 1.411824 1.480149 3.630527 -20.737605 1.744866 37.856964 1.536876 
12 3 Car 0 1 2.005010 238.104446 176.679352 279.809113 200.809021 1.315632 1.513865 3.547118 -20.916988 1.586613 41.973154 1.545001 
13 0 Car 0 0 -1.954332 770.753662 191.018768 1054.580444 338.063446 1.381664 1.510562 4.101504 3.231946 1.509560 8.672142 -1.609695 
13 2 Car 0 0 2.048878 171.593979 177.533356 236.805756 208.326828 1.411824 1.480149 3.630527 -20.630935 1.804147 36.706573 1.539703 
13 3 Car 0 1 2.016582 220.569153 170.314041 272.223419 201.700470 1.315632 1.513865 3.547118 -20.801087 1.665161 40.851201 1.548017 
14 0 Car 0 0 -1.945147 769.077087 193.057480 1037.833374 331.571930 1.381664 1.510562 4.101504 3.243415 1.488704 8.971434 -1.609695 
14 2 Car 0 0 2.063027 160.003647 179.905075 229.094086 211.685486 1.411824 1.480149 3.630527 -20.524265 1.863427 35.556181 1.542530 
14 3 Car 0 1 2.028554 214.265488 174.831909 267.026917 205.942322 1.315632 1.513865 3.547118 -20.685186 1.743709 39.729248 1.551033 
15 0 Car 0 0 -1.936483 764.865295 193.430832 1017.888672 327.301422 1.381664 1.510562 4.101504 3.255802 1.554745 9.269818 -1.609695 
15 2 Car 0 0 2.077766 147.108948 181.790833 224.886414 214.420364 1.411824 1.480149 3.630527 -20.417595 1.922708 34.405789 1.545358 
15 3 Car 0 1 2.040952 206.935303 178.108093 259.545135 207.924744 1.315632 1.513865 3.547118 -20.569286 1.822257 38.607295 1.554049 
16 0 Car 0 0 -1.925835 766.794373 192.966171 999.497192 320.293365 1.381664 1.510562 4.101504 3.248616 1.548157 9.593708 -1.609695 
16 2 Car 0 0 2.096230 131.994675 181.008942 207.388351 216.175659 1.411824 1.480149 3.630527 -20.348354 1.910880 33.281701 1.550814 
16 3 Car 0 1 2.053807 197.774826 177.783432 253.069199 210.545410 1.315632 1.513865 3.547118 -20.453385 1.900804 37.485343 1.557065 
17 0 Car 0 0 -1.915795 758.082153 192.171585 981.983765 311.170441 1.381664 1.510562 4.101504 3.241430 1.541569 9.917599 -1.609695 
17 2 Car 0 0 2.115372 114.414238 181.665283 195.999298 216.140350 1.411824 1.480149 3.630527 -20.279112 1.899051 32.157612 1.556271 
17 3 Car 0 1 2.062768 182.984879 176.187393 245.526932 210.609604 1.315632 1.513865 3.547118 -20.204109 1.881437 36.389581 1.558796 
18 0 Car 0 0 -1.906314 752.292053 189.696655 968.298462 307.266937 1.381664 1.510562 4.101504 3.234244 1.534981 10.241490 -1.609695 
18 2 Car 0 0 2.135241 97.338142 182.286285 184.497879 218.110168 1.411824 1.480149 3.630527 -20.209870 1.887222 31.033523 1.561727 
18 3 Car 0 1 2.076770 173.953186 175.724472 233.809067 210.545944 1.315632 1.513865 3.547118 -20.174193 1.871423 35.266377 1.560178 
19 0 Car 0 0 -1.897348 747.932861 188.673538 955.522827 302.970001 1.381664 1.510562 4.101504 3.227057 1.528394 10.565380 -1.609695 
19 2 Car 0 0 2.155889 76.464622 182.931870 168.373795 220.340302 1.411824 1.480149 3.630527 -20.140628 1.875394 29.909435 1.567183 
19 3 Car 0 1 2.091399 159.533997 178.182953 223.978500 211.674179 1.315632 1.513865 3.547118 -20.144277 1.861408 34.143174 1.561559 
20 0 Car 0 0 -1.888858 744.506042 190.403625 940.802795 298.070038 1.381664 1.510562 4.101504 3.219871 1.521806 10.889271 -1.609695 
20 2 Car 0 0 2.177374 56.510006 183.948837 157.456573 222.706284 1.411824 1.480149 3.630527 -20.071387 1.863565 28.785347 1.572640 
20 3 Car 0 1 2.106699 144.913681 181.685791 209.752396 214.245163 1.315632 1.513865 3.547118 -20.114360 1.851394 33.019970 1.562941 
21 0 Car 0 0 -1.881229 741.523376 190.135483 930.973083 295.362000 1.381664 1.510562 4.101504 3.201323 1.535155 11.244542 -1.611755 
21 2 Car 0 0 2.196159 32.293640 183.369843 145.499329 226.310822 1.411824 1.480149 3.630527 -20.045644 1.851917 27.696963 1.574073 
21 3 Car 0 1 2.122715 127.049019 181.362610 198.524200 217.433563 1.315632 1.513865 3.547118 -20.084444 1.841379 31.896767 1.564323 
22 0 Car 0 0 -1.874132 744.059143 190.894058 914.665588 291.218018 1.381664 1.510562 4.101504 3.182775 1.548505 11.599813 -1.613815 
22 2 Car 0 0 2.218051 7.384250 186.678162 116.611061 229.074509 1.411824 1.480149 3.630527 -20.040288 1.839331 26.498292 1.575226 
22 3 Car 0 1 2.139619 108.516418 183.587769 182.951096 221.177170 1.315632 1.513865 3.547118 -20.086134 1.930707 30.757746 1.564867 
23 0 Car 0 0 -1.867525 738.599915 190.568619 902.747864 287.504272 1.381664 1.510562 4.101504 3.164227 1.561854 11.955084 -1.615876 
23 2 Car 0 0 2.239020 0.000000 186.562210 95.970146 232.038467 1.411824 1.480149 3.630527 -20.039124 1.828005 25.415846 1.576324 
23 3 Car 0 2 2.156694 88.840019 183.459427 166.999390 223.110947 1.315632 1.513865 3.547118 -20.059349 1.869820 29.620467 1.565412 
24 0 Car 0 0 -1.861372 727.932922 187.162277 895.289551 283.102417 1.381664 1.510562 4.101504 3.145678 1.575204 12.310354 -1.617936 
24 2 Car 0 0 2.263289 0.000000 185.613937 73.929108 230.190033 1.411824 1.480149 3.630527 -20.063821 1.815689 24.212665 1.576614 
24 3 Car 0 2 2.174673 69.099861 182.057556 161.296661 221.164658 1.315632 1.513865 3.547118 -20.032565 1.808933 28.483189 1.565956 
25 0 Car 0 0 -1.855638 724.026489 188.065430 880.345398 278.820038 1.381664 1.510562 4.101504 3.127130 1.588554 12.665625 -1.619996 
25 1 Car 1 0 -2.473704 1089.305176 244.491684 1242.000000 372.510590 1.598096 1.659369 3.553793 3.777288 1.532647 2.805535 -1.591302 
25 2 Car 2 3 2.286695 0.318463 184.941711 29.684042 227.451630 1.411824 1.480149 3.630527 -20.095492 1.804519 23.111986 1.576614 
25 3 Car 0 2 2.193623 73.526474 181.308960 132.908798 220.187469 1.315632 1.513865 3.547118 -20.005780 1.748047 27.345910 1.566501 
26 0 Car 0 0 -1.848424 714.949219 189.517349 872.357056 276.889191 1.381664 1.510562 4.101504 3.107886 1.605665 13.045118 -1.620640 
26 1 Car 1 0 -2.426712 1066.481567 218.039612 1241.723022 372.981110 1.598096 1.659369 3.553793 3.768056 1.527298 3.103051 -1.590885 
26 3 Car 0 1 2.213613 11.202693 180.272079 113.957497 225.088272 1.315632 1.513865 3.547118 -19.978996 1.687160 26.208631 1.567045 
27 0 Car 0 0 -1.838867 716.309082 190.826187 857.655945 272.670898 1.381664 1.510562 4.101504 3.048608 1.622568 13.422626 -1.621284 
27 1 Car 1 0 -2.383132 1037.687500 199.537766 1242.000000 372.755432 1.598096 1.659369 3.553793 3.758824 1.521949 3.400567 -1.590468 
27 3 Car 0 1 2.235232 0.000000 183.839767 94.661957 227.956650 1.315632 1.513865 3.547118 -20.012190 1.731695 25.043980 1.566116 
28 0 Car 0 0 -1.831160 705.704346 188.394653 849.451538 271.931732 1.381664 1.510562 4.101504 3.009346 1.639574 13.801126 -1.621928 
28 1 Car 1 0 -2.343218 1016.200928 200.105759 1241.608643 373.478271 1.598096 1.659369 3.553793 3.758783 1.514456 3.707490 -1.590468 
28 3 Car 1 1 2.258133 0.000000 186.207932 69.495613 228.647858 1.315632 1.513865 3.547118 -20.045384 1.776230 23.879330 1.565187 
29 0 Car 0 0 -1.823863 706.881592 189.026520 837.342590 270.044922 1.381664 1.510562 4.101504 2.970085 1.656581 14.179626 -1.622571 
29 1 Car 1 0 -2.306438 981.141174 188.620956 1239.102417 372.062042 1.598096 1.659369 3.553793 3.759099 1.540696 4.014061 -1.590468 
29 3 Car 2 1 2.282398 0.210342 187.140503 41.552818 229.099152 1.315632 1.513865 3.547118 -20.078578 1.820764 22.714679 1.564258 
30 0 Car 0 0 -1.816946 701.231323 188.770523 829.540283 266.441376 1.381664 1.510562 4.101504 2.930824 1.673588 14.558126 -1.623215 
30 1 Car 1 0 -2.272524 965.605957 180.656342 1240.932617 373.019928 1.598096 1.659369 3.553793 3.759166 1.543462 4.320877 -1.590468 
31 0 Car 0 0 -1.811908 695.616394 188.634018 819.072021 261.889130 1.381664 1.510562 4.101504 2.824466 1.662803 14.939588 -1.629652 
31 1 Car 1 0 -2.249465 952.856995 172.406128 1241.938965 375.000000 1.598096 1.659369 3.553793 3.704850 1.545899 4.608289 -1.603846 
32 0 Car 0 0 -1.807385 689.658875 188.144775 807.740295 260.131226 1.381664 1.510562 4.101504 2.718109 1.652017 15.321051 -1.636089 
32 1 Car 1 0 -2.228671 927.557983 176.579376 1242.000000 374.216064 1.598096 1.659369 3.553793 3.650374 1.533178 4.895859 -1.617224 
33 0 Car 0 0 -1.803345 681.258789 186.594467 798.044678 256.932678 1.381664 1.510562 4.101504 2.611752 1.641231 15.702513 -1.642526 
33 1 Car 1 0 -2.210009 902.621948 176.579788 1242.000000 373.469177 1.598096 1.659369 3.553793 3.596126 1.542055 5.183203 -1.630602 
34 0 Car 0 0 -1.799761 675.807922 186.028702 784.162720 255.080292 1.381664 1.510562 4.101504 2.505394 1.630446 16.083975 -1.648963 
34 1 Car 1 0 -2.193347 879.586609 175.584457 1241.023193 371.405151 1.598096 1.659369 3.553793 3.541471 1.512506 5.470949 -1.643980 
35 0 Car 0 0 -1.796604 670.363464 184.904404 776.746643 252.345093 1.381664 1.510562 4.101504 2.399037 1.619660 16.465437 -1.655400 
35 1 Car 0 0 -2.178551 871.800415 175.161423 1237.812256 372.465576 1.598096 1.659369 3.553793 3.487218 1.520827 5.758300 -1.657358 
36 0 Car 0 0 -1.784236 658.691772 184.324310 766.369263 249.534744 1.381664 1.510562 4.101504 2.244392 1.622299 16.900184 -1.655400 
36 1 Car 0 0 -2.146710 851.147522 173.030289 1234.294434 375.000000 1.598096 1.659369 3.553793 3.364260 1.522143 6.045295 -1.660352 
37 0 Car 0 0 -1.772442 654.968872 183.447281 756.052185 247.466385 1.381664 1.510562 4.101504 2.089746 1.624939 17.334931 -1.655400 
37 1 Car 0 0 -2.116725 824.696472 176.494873 1239.650635 373.921967 1.598096 1.659369 3.553793 3.241303 1.523458 6.332290 -1.663345 
38 0 Car 0 0 -1.761186 648.542847 182.798691 744.591614 246.245377 1.381664 1.510562 4.101504 1.935101 1.627578 17.769678 -1.655400 
38 1 Car 0 0 -2.088517 808.138733 176.453720 1220.030151 375.000000 1.598096 1.659369 3.553793 3.118346 1.524774 6.619285 -1.666339 
39 0 Car 0 0 -1.750433 639.242676 183.778229 734.569702 242.864471 1.381664 1.510562 4.101504 1.780456 1.630218 18.204425 -1.655400 
39 1 Car 0 0 -2.062002 790.216919 168.709000 1157.179077 368.570038 1.598096 1.659369 3.553793 2.995389 1.526089 6.906280 -1.669332 
40 0 Car 0 0 -1.740154 630.434082 183.007553 724.136292 243.183197 1.381664 1.510562 4.101504 1.625811 1.632857 18.639172 -1.655400 
40 1 Car 0 0 -2.037094 772.208313 177.194351 1113.516602 369.577209 1.598096 1.659369 3.553793 2.872432 1.527405 7.193276 -1.672326 
41 0 Car 0 0 -1.733917 626.621704 183.267242 713.086121 241.773285 1.381664 1.510562 4.101504 1.442928 1.650376 19.060936 -1.660407 
41 1 Car 0 0 -2.007266 754.781494 176.280014 1074.681641 361.820801 1.598096 1.659369 3.553793 2.739680 1.533368 7.538237 -1.672326 
42 0 Car 0 0 -1.728143 618.679260 184.537735 706.728149 240.946381 1.381664 1.510562 4.101504 1.260046 1.667895 19.482701 -1.665415 
42 1 Car 0 0 -1.979402 735.788940 176.123993 1033.114868 352.341095 1.598096 1.659369 3.553793 2.606928 1.539331 7.883199 -1.672326 
43 0 Car 0 0 -1.722806 614.143799 183.613724 695.407898 240.013031 1.381664 1.510562 4.101504 1.077164 1.685413 19.904465 -1.670423 
43 1 Car 0 0 -1.953351 726.561340 179.555527 989.933289 345.771606 1.598096 1.659369 3.553793 2.474176 1.545294 8.228161 -1.672326 
44 0 Car 0 0 -1.717881 605.367371 183.484528 687.350586 239.964844 1.381664 1.510562 4.101504 0.894281 1.702932 20.326230 -1.675431 
44 1 Car 0 0 -1.928976 711.875671 175.837509 955.337463 337.113953 1.598096 1.659369 3.553793 2.341424 1.551257 8.573123 -1.672326 
45 0 Car 0 0 -1.713347 600.778564 183.746094 677.694519 238.426727 1.381664 1.510562 4.101504 0.711399 1.720451 20.747994 -1.680439 
45 1 Car 0 0 -1.906146 696.136047 173.278519 927.714233 329.542297 1.598096 1.659369 3.553793 2.208671 1.557220 8.918085 -1.672326 
46 0 Car 0 0 -1.709375 596.096802 184.085297 671.090027 236.697815 1.381664 1.510562 4.101504 0.533648 1.738486 21.126697 -1.685352 
46 1 Car 0 0 -1.886287 680.712097 174.946259 896.764038 324.487183 1.598096 1.659369 3.553793 2.068064 1.563111 9.251436 -1.674410 
47 0 Car 0 0 -1.705707 592.811157 185.478745 663.979675 237.252731 1.381664 1.510562 4.101504 0.355896 1.756521 21.505399 -1.690265 
47 1 Car 0 0 -1.867721 673.074280 176.700058 872.686707 321.706879 1.598096 1.659369 3.553793 1.927456 1.569001 9.584788 -1.676493 
48 0 Car 0 0 -1.702331 586.606750 187.098602 656.620239 237.706818 1.381664 1.510562 4.101504 0.178145 1.774557 21.884102 -1.695177 
48 1 Car 0 0 -1.850353 662.549316 178.961319 849.298279 317.489410 1.598096 1.659369 3.553793 1.786848 1.574892 9.918140 -1.678576 
49 0 Car 0 0 -1.700702 582.494324 185.107742 649.728516 234.987900 1.381664 1.510562 4.101504 0.032764 1.719312 22.267706 -1.700090 
49 1 Car 0 0 -1.834096 651.313538 179.496536 830.636658 313.417175 1.598096 1.659369 3.553793 1.646240 1.580783 10.251491 -1.680660 
50 0 Car 0 0 -1.699291 578.169312 182.732498 643.628906 230.064011 1.381664 1.510562 4.101504 -0.112617 1.664068 22.651311 -1.705003 
50 1 Car 0 0 -1.818867 643.315918 176.704575 813.631531 305.560150 1.598096 1.659369 3.553793 1.505633 1.586674 10.584843 -1.682743 
51 0 Car 0 1 -1.693085 574.698120 180.891968 639.703674 227.428360 1.381664 1.510562 4.101504 -0.259788 1.633095 23.029572 -1.705003 
51 1 Car 0 0 -1.804066 638.383728 172.857162 793.380249 297.474335 1.598096 1.659369 3.553793 1.386093 1.589196 10.946157 -1.682743 
52 0 Car 0 1 -1.687078 570.499512 179.503571 634.597656 226.253448 1.381664 1.510562 4.101504 -0.406959 1.602121 23.407834 -1.705003 
52 1 Car 0 0 -1.790138 632.631104 170.882965 777.592346 292.787170 1.598096 1.659369 3.553793 1.266554 1.591718 11.307471 -1.682743 
53 0 Car 0 1 -1.681260 566.636597 179.520462 628.370422 225.140564 1.381664 1.510562 4.101504 -0.554130 1.571148 23.786095 -1.705003 
53 1 Car 0 0 -1.777013 623.894531 171.397018 765.325745 285.223328 1.598096 1.659369 3.553793 1.147014 1.594240 11.668784 -1.682743 
54 0 Car 0 1 -1.675896 562.930420 180.510208 621.848999 225.232437 1.381664 1.510562 4.101504 -0.693552 1.647004 24.164132 -1.705003 
54 1 Car 0 0 -1.764628 614.035217 171.721146 752.031311 282.244049 1.598096 1.659369 3.553793 1.027475 1.596762 12.030098 -1.682743 
55 0 Car 0 1 -1.670697 563.016235 181.909149 613.887817 226.103989 1.381664 1.510562 4.101504 -0.832974 1.722859 24.542169 -1.705003 
55 1 Car 0 0 -1.752926 609.322571 176.585785 741.233093 282.004852 1.598096 1.659369 3.553793 0.907935 1.599284 12.391412 -1.682743 
55 4 Car 0 0 1.907697 246.572174 180.483963 287.991058 200.561172 1.467936 1.622439 4.316936 -27.542839 2.183087 57.675398 1.463716 
56 0 Car 0 1 -1.662186 557.852478 183.221283 611.010071 225.923019 1.381664 1.510562 4.101504 -0.954662 1.737890 24.906501 -1.700828 
56 1 Car 0 0 -1.744336 602.435852 178.371597 729.776550 277.709351 1.598096 1.659369 3.553793 0.822601 1.605689 12.779777 -1.682743 
56 4 Car 0 0 1.915257 239.959106 180.565750 281.630676 201.697601 1.467936 1.622439 4.316936 -27.371778 2.207352 56.645588 1.466720 
57 0 Car 0 1 -1.653801 556.079285 184.323669 606.706177 225.786469 1.381664 1.510562 4.101504 -1.076350 1.752921 25.270832 -1.696653 
57 1 Car 0 0 -1.736234 597.859009 179.621506 715.639465 275.945221 1.598096 1.659369 3.553793 0.737266 1.612094 13.168141 -1.682743 
57 4 Car 0 0 1.922964 234.935608 181.445221 278.405914 203.051300 1.467936 1.622439 4.316936 -27.200716 2.231617 55.615778 1.469724 
58 0 Car 0 1 -1.646714 554.569458 183.624557 604.248169 225.629715 1.381664 1.510562 4.101504 -1.167928 1.738376 25.639854 -1.692477 
58 1 Car 0 0 -1.728579 594.469604 176.352600 707.500122 271.305939 1.598096 1.659369 3.553793 0.651931 1.618499 13.556506 -1.682743 
58 4 Car 0 0 1.930927 230.796234 180.733643 273.374237 202.158310 1.467936 1.622439 4.316936 -27.037006 2.189137 54.585993 1.472729 
59 0 Car 0 1 -1.639709 554.221436 183.132736 601.392761 224.539963 1.381664 1.510562 4.101504 -1.259505 1.723832 26.008877 -1.688302 
59 1 Car 0 0 -1.721338 591.935059 175.337921 700.294739 269.563232 1.598096 1.659369 3.553793 0.566597 1.624904 13.944870 -1.682743 
59 4 Car 0 0 1.939054 225.600784 179.897598 271.774689 202.336014 1.467936 1.622439 4.316936 -26.873296 2.146657 53.556208 1.475733 
60 0 Car 0 1 -1.632783 553.915894 184.447708 597.331665 224.998276 1.381664 1.510562 4.101504 -1.351083 1.709287 26.377899 -1.684127 
60 1 Car 0 0 -1.714477 592.037842 177.049286 694.635803 267.758698 1.598096 1.659369 3.553793 0.481262 1.631309 14.333234 -1.682743 
60 4 Car 0 0 1.947353 221.382721 179.842590 267.039978 202.762405 1.467936 1.622439 4.316936 -26.709585 2.104177 52.526424 1.478738 
61 0 Car 0 1 -1.632546 552.980713 184.449768 596.715271 224.438293 1.381664 1.510562 4.101504 -1.240094 1.640514 25.243331 -1.681799 
61 1 Car 0 0 -1.706945 587.547241 179.354721 685.666992 266.564819 1.598096 1.659369 3.553793 0.379535 1.641967 14.678296 -1.682743 
61 4 Car 0 0 1.955030 217.200867 179.878387 263.204102 203.330414 1.467936 1.622439 4.316936 -26.514764 2.038130 51.451768 1.481064 
62 0 Car 0 1 -1.626907 553.205872 185.017654 593.976318 223.017227 1.381664 1.510562 4.101504 -1.346639 1.679016 25.665566 -1.679471 
62 1 Car 0 0 -1.699749 584.981934 178.902084 682.291260 261.343109 1.598096 1.659369 3.553793 0.277808 1.652626 15.023357 -1.682743 
62 4 Car 0 0 1.962903 209.800888 178.054153 259.814240 202.013931 1.467936 1.622439 4.316936 -26.319943 1.972083 50.377113 1.483391 
63 0 Car 0 1 -1.621375 549.890747 184.122238 589.520569 222.353455 1.381664 1.510562 4.101504 -1.453185 1.717518 26.087802 -1.677143 
63 1 Car 0 0 -1.692869 581.050964 178.218887 676.182800 258.120697 1.598096 1.659369 3.553793 0.176081 1.663284 15.368418 -1.682743 
63 4 Car 0 0 1.972848 202.009872 178.732697 251.667130 201.592789 1.467936 1.622439 4.316936 -26.237827 1.946742 49.292145 1.485718 
64 0 Car 0 1 -1.615945 548.051880 186.583450 581.879272 221.424210 1.381664 1.510562 4.101504 -1.559730 1.756021 26.510037 -1.674815 
64 1 Car 0 0 -1.686285 575.677002 173.925247 666.936890 256.531799 1.598096 1.659369 3.553793 0.074353 1.673943 15.713480 -1.682743 
64 4 Car 0 0 1.982936 191.991882 178.103622 245.803680 202.440994 1.467936 1.622439 4.316936 -26.147381 1.953528 48.207502 1.488044 
65 0 Car 0 2 -1.610612 545.371704 186.812500 579.373047 222.251633 1.381664 1.510562 4.101504 -1.666276 1.794523 26.932273 -1.672487 
65 1 Car 0 0 -1.679979 574.516541 175.117462 660.494934 255.882919 1.598096 1.659369 3.553793 -0.027374 1.684602 16.058541 -1.682743 
65 4 Car 0 0 1.993581 185.570236 180.848190 238.450439 205.798218 1.467936 1.622439 4.316936 -26.071307 2.112471 47.119948 1.490371 
66 0 Car 0 2 -1.601964 545.093201 191.481567 574.319580 225.019333 1.381664 1.510562 4.101504 -1.727329 1.824221 27.551774 -1.664664 
66 1 Car 0 0 -1.675116 570.778442 179.807755 654.546021 258.554932 1.598096 1.659369 3.553793 -0.108582 1.752656 16.381932 -1.682743 
66 4 Car 0 0 2.003790 175.441803 184.050400 232.641052 210.383408 1.467936 1.622439 4.316936 -25.957616 2.300258 46.016498 1.492423 
67 1 Car 0 0 -1.670440 565.654236 183.620270 651.142212 259.858948 1.598096 1.659369 3.553793 -0.189789 1.820710 16.705323 -1.682743 
67 4 Car 0 0 2.014735 165.794891 186.225159 224.770447 212.876343 1.467936 1.622439 4.316936 -25.868455 2.435991 44.911765 1.494474 
68 0 Car 0 2 -1.584774 542.262390 187.566086 573.475891 224.153961 1.381664 1.510562 4.101504 -1.849436 1.883618 28.790778 -1.649017 
68 1 Car 0 0 -1.665555 562.882080 181.404251 646.561096 255.503387 1.598096 1.659369 3.553793 -0.279188 1.741816 17.029505 -1.682743 
68 4 Car 0 0 2.025393 157.147232 181.993515 216.501587 210.714874 1.467936 1.622439 4.316936 -25.747163 2.208319 43.813555 1.496526 
69 0 Car 0 2 -1.576228 542.458252 183.226791 572.744812 218.229828 1.381664 1.510562 4.101504 -1.912522 1.720952 29.412290 -1.641194 
69 1 Car 0 0 -1.660850 561.679626 175.806198 639.714844 247.709991 1.598096 1.659369 3.553793 -0.368587 1.662923 17.353687 -1.682743 
69 4 Car 0 0 2.036400 146.920578 179.262817 209.474472 207.750687 1.467936 1.622439 4.316936 -25.625870 1.980647 42.715346 1.498578 
70 0 Car 0 2 -1.571213 544.991516 175.857513 580.542725 216.209412 1.381664 1.510562 4.101504 -1.950575 1.741619 29.819113 -1.636571 
70 1 Car 0 0 -1.656315 558.965088 175.264938 634.699707 243.163635 1.598096 1.659369 3.553793 -0.457986 1.584029 17.677869 -1.682743 
70 4 Car 0 0 2.047992 133.266281 178.301590 198.853470 204.171982 1.467936 1.622439 4.316936 -25.515555 1.849133 41.615266 1.500629 
71 0 Car 0 2 -1.566209 540.567261 180.406052 568.270020 213.349960 1.381664 1.510562 4.101504 -1.988628 1.762286 30.225935 -1.631948 
71 1 Car 0 0 -1.653567 555.791321 175.743469 632.971741 242.529434 1.598096 1.659369 3.553793 -0.515724 1.611330 17.973686 -1.682743 
71 4 Car 0 1 2.060491 121.598686 178.765442 169.854706 205.503159 1.467936 1.622439 4.316936 -25.380517 1.849595 40.517668 1.503645 
72 0 Car 0 2 -1.561214 540.051331 181.842957 566.196960 214.131607 1.381664 1.510562 4.101504 -2.026680 1.782953 30.632757 -1.627324 
72 1 Car 0 0 -1.650906 554.035156 177.989944 629.077576 242.536407 1.598096 1.659369 3.553793 -0.573463 1.638631 18.269502 -1.682743 
72 4 Car 0 1 2.073393 112.284576 177.825699 181.300201 208.871948 1.467936 1.622439 4.316936 -25.245480 1.850057 39.420069 1.506660 
73 1 Car 0 0 -1.648330 552.942261 178.234665 627.264954 242.570969 1.598096 1.659369 3.553793 -0.631201 1.665933 18.565318 -1.682743 
73 4 Car 0 1 2.086724 117.923752 179.400406 173.723434 209.841492 1.467936 1.622439 4.316936 -25.110442 1.850520 38.322471 1.509675 
74 1 Car 0 0 -1.645833 550.177979 180.135849 624.590942 241.856537 1.598096 1.659369 3.553793 -0.688940 1.693234 18.861135 -1.682743 
74 4 Car 0 0 2.100817 81.926750 180.252914 165.111938 211.997711 1.467936 1.622439 4.316936 -24.990748 1.913706 37.223289 1.512691 
75 1 Car 0 0 -1.643413 547.175354 179.928513 622.841675 240.618744 1.598096 1.659369 3.553793 -0.746678 1.720535 19.156951 -1.682743 
75 4 Car 0 0 2.114779 73.464539 178.078308 154.008026 211.145782 1.467936 1.622439 4.316936 -24.841072 1.784651 36.127972 1.515706 
76 1 Car 0 0 -1.637103 548.495911 180.008453 621.580322 239.550064 1.598096 1.659369 3.553793 -0.766491 1.718372 19.407701 -1.676937 
76 4 Car 0 0 2.130044 54.507969 178.993256 143.624954 210.962753 1.467936 1.622439 4.316936 -24.693805 1.767071 35.067327 1.519929 
77 1 Car 0 0 -1.630805 549.373352 179.721939 621.354614 238.893478 1.598096 1.659369 3.553793 -0.786304 1.716210 19.658451 -1.671131 
77 4 Car 0 0 2.145807 37.682407 177.652740 135.243591 211.061295 1.467936 1.622439 4.316936 -24.546539 1.749491 34.006681 1.524152 
78 1 Car 0 0 -1.624519 550.896179 180.303925 620.515503 238.787537 1.598096 1.659369 3.553793 -0.806117 1.714047 19.909201 -1.665325 
78 4 Car 0 0 2.162102 21.888300 178.346497 123.259499 213.108582 1.467936 1.622439 4.316936 -24.399272 1.731911 32.946036 1.528375 
79 1 Car 0 0 -1.618246 552.961609 178.621948 620.702332 239.043198 1.598096 1.659369 3.553793 -0.825930 1.711885 20.159951 -1.659519 
79 4 Car 0 0 2.178961 3.595537 176.225632 112.041580 212.736099 1.467936 1.622439 4.316936 -24.252006 1.714331 31.885391 1.532598 
80 1 Car 0 0 -1.611983 550.200928 178.219864 619.148743 236.181885 1.598096 1.659369 3.553793 -0.845743 1.709722 20.410701 -1.653713 
80 4 Car 0 0 2.196421 0.321545 176.547012 95.244675 213.036179 1.467936 1.622439 4.316936 -24.104739 1.696751 30.824745 1.536821 
81 1 Car 0 0 -1.608704 553.443542 177.310425 618.863647 236.085983 1.598096 1.659369 3.553793 -0.823121 1.706984 20.663418 -1.648854 
81 4 Car 0 0 2.215301 0.000000 175.906174 80.197701 212.434647 1.467936 1.622439 4.316936 -23.966389 1.659993 29.740620 1.541263 
82 1 Car 0 0 -1.605388 553.074402 179.539139 618.631531 236.378662 1.598096 1.659369 3.553793 -0.800500 1.704245 20.916136 -1.643995 
82 4 Car 0 0 2.234901 0.837417 176.173721 68.361687 213.135773 1.467936 1.622439 4.316936 -23.828038 1.623236 28.656494 1.545705 
83 1 Car 0 0 -1.602035 554.949707 179.508514 619.707947 236.275482 1.598096 1.659369 3.553793 -0.777878 1.701506 21.168853 -1.639136 
83 4 Car 1 0 2.255267 0.589900 175.954010 50.987747 215.675858 1.467936 1.622439 4.316936 -23.689688 1.586479 27.572368 1.550148 
84 1 Car 0 0 -1.598648 556.933594 180.397980 619.942139 235.388046 1.598096 1.659369 3.553793 -0.755257 1.698768 21.421570 -1.634276 
84 4 Car 2 0 2.276452 0.128572 174.959366 32.894775 213.897232 1.467936 1.622439 4.316936 -23.551338 1.549721 26.488242 1.554590 
85 1 Car 0 0 -1.595226 557.597290 178.605957 620.169128 232.939835 1.598096 1.659369 3.553793 -0.732635 1.696029 21.674288 -1.629417 
85 4 Car 2 0 2.298508 0.434333 174.800751 12.423343 209.005249 1.467936 1.622439 4.316936 -23.412988 1.512964 25.404116 1.559033 
86 1 Car 0 0 -1.595963 559.188843 176.686569 619.603821 231.593750 1.598096 1.659369 3.553793 -0.724681 1.688607 21.919532 -1.629417 
87 1 Car 0 0 -1.596684 559.414978 175.669235 620.401978 230.730896 1.598096 1.659369 3.553793 -0.716726 1.681184 22.164777 -1.629417 
88 1 Car 0 0 -1.597390 559.127319 175.899170 620.865051 228.108612 1.598096 1.659369 3.553793 -0.708771 1.673761 22.410021 -1.629417 
89 1 Car 0 0 -1.598080 559.464478 175.261490 622.898376 227.554657 1.598096 1.659369 3.553793 -0.700816 1.666339 22.655266 -1.629417 
90 1 Car 0 0 -1.598756 561.219055 176.650558 620.933655 227.250351 1.598096 1.659369 3.553793 -0.692862 1.658916 22.900510 -1.629417 
91 1 Car 0 0 -1.598814 561.106323 176.905502 620.567444 226.005783 1.598096 1.659369 3.553793 -0.699873 1.662617 23.176058 -1.629417 
92 1 Car 0 0 -1.598871 561.647400 177.051178 621.509766 227.822937 1.598096 1.659369 3.553793 -0.706885 1.666318 23.451605 -1.629417 
93 1 Car 0 0 -1.598927 562.562195 178.413071 621.715393 227.038925 1.598096 1.659369 3.553793 -0.713897 1.670019 23.727152 -1.629417 
94 1 Car 0 0 -1.598981 563.308716 177.867508 619.017761 226.552292 1.598096 1.659369 3.553793 -0.720909 1.673720 24.002699 -1.629417 
95 1 Car 0 0 -1.599034 565.175537 176.027374 617.926514 226.125641 1.598096 1.659369 3.553793 -0.727921 1.677420 24.278246 -1.629417 
96 1 Car 0 0 -1.594039 562.758423 174.976791 618.845520 224.212921 1.598096 1.659369 3.553793 -0.726653 1.623391 24.590373 -1.623970 
97 1 Car 0 0 -1.589034 563.803650 172.653854 617.020813 221.030045 1.598096 1.659369 3.553793 -0.725385 1.569361 24.902500 -1.618523 
98 1 Car 0 0 -1.585025 566.314819 174.056992 617.819702 220.807816 1.598096 1.659369 3.553793 -0.697096 1.640679 25.214364 -1.613076 
98 6 Car 0 0 1.964114 277.975494 167.787857 320.091064 188.956192 1.427856 1.730417 3.866351 -23.906762 1.146464 55.559746 1.559331 
99 1 Car 0 0 -1.580982 566.179321 176.453079 618.660034 223.420853 1.598096 1.659369 3.553793 -0.668807 1.711998 25.526227 -1.607629 
99 6 Car 0 0 1.972166 270.111450 169.947571 314.344818 192.556107 1.427856 1.730417 3.866351 -23.867909 1.388613 54.381088 1.560180 
100 1 Car 0 0 -1.576905 567.930176 179.461075 619.020813 225.131088 1.598096 1.659369 3.553793 -0.640517 1.783316 25.838091 -1.602182 
100 6 Car 0 0 1.980235 265.117004 170.985535 312.248291 193.660782 1.427856 1.730417 3.866351 -23.815394 1.406400 53.204943 1.561030 
101 1 Car 0 0 -1.572150 569.473083 178.663940 619.471191 224.894592 1.598096 1.659369 3.553793 -0.630001 1.790350 26.150093 -1.596735 
101 6 Car 0 0 1.988708 255.767868 170.268311 306.603668 195.070541 1.427856 1.730417 3.866351 -23.769709 1.536368 52.027541 1.561879 
101 8 Car 0 2 1.922491 299.342651 174.291656 336.623291 190.962540 1.500000 1.616267 4.047507 -24.007067 1.585702 58.439143 1.534084 
102 1 Car 0 0 -1.567378 568.902283 180.925491 619.139465 224.755692 1.598096 1.659369 3.553793 -0.619484 1.797383 26.462096 -1.591288 
102 6 Car 0 0 1.997474 248.608459 173.304688 299.092773 197.130112 1.427856 1.730417 3.866351 -23.724025 1.666336 50.850140 1.562728 
102 8 Car 0 2 1.929667 294.471161 176.688797 323.486633 192.276413 1.500000 1.616267 4.047507 -23.949772 1.699601 57.255937 1.534914 
103 1 Car 0 0 -1.562591 569.328125 182.808441 622.898804 225.063248 1.598096 1.659369 3.553793 -0.608967 1.804416 26.774098 -1.585841 
103 6 Car 0 1 2.006552 240.560120 175.821564 284.173676 198.429474 1.427856 1.730417 3.866351 -23.678340 1.796304 49.672738 1.563577 
103 7 Car 0 2 1.864524 320.839233 177.423157 348.026215 194.520065 1.500000 1.791984 4.500000 -24.549294 1.903250 63.335242 1.495911 
103 8 Car 0 2 1.937074 289.954468 179.278580 321.561676 193.691025 1.500000 1.616267 4.047507 -23.892477 1.813499 56.072731 1.535744 
104 1 Car 0 0 -1.557788 571.244385 180.364700 625.631897 220.147064 1.598096 1.659369 3.553793 -0.598451 1.811450 27.086101 -1.580394 
104 6 Car 0 2 2.016213 231.782928 175.195755 269.783173 200.912109 1.427856 1.730417 3.866351 -23.654754 1.774003 48.485574 1.564250 
104 7 Car 0 1 1.871087 315.634888 179.273560 343.346619 196.056808 1.500000 1.791984 4.500000 -24.514780 1.890482 62.148567 1.496584 
104 8 Car 0 2 1.944724 273.081390 176.341843 314.958466 197.666260 1.500000 1.616267 4.047507 -23.835182 1.927398 54.889525 1.536574 
105 1 Car 0 0 -1.552972 571.346497 177.543335 618.962219 217.734650 1.598096 1.659369 3.553793 -0.587934 1.818483 27.398104 -1.574947 
105 6 Car 0 2 2.026239 223.979843 175.873398 310.477112 202.189178 1.427856 1.730417 3.866351 -23.631168 1.751702 47.298410 1.564923 
105 7 Car 0 1 1.877850 307.459717 178.001251 339.466003 195.880051 1.500000 1.791984 4.500000 -24.480265 1.877714 60.961892 1.497257 
105 8 Car 0 2 1.952931 274.448029 176.118652 310.225861 197.390594 1.500000 1.616267 4.047507 -23.797657 1.904683 53.670048 1.537163 
106 1 Car 0 0 -1.553489 572.104675 178.091751 619.200867 220.176025 1.598096 1.659369 3.553793 -0.581069 1.809485 27.743095 -1.574947 
106 6 Car 0 1 2.036651 211.331192 177.307449 280.058502 207.920486 1.427856 1.730417 3.866351 -23.607582 1.729401 46.111246 1.565596 
106 7 Car 0 1 1.884823 302.048706 177.315994 334.226196 194.879257 1.500000 1.791984 4.500000 -24.445750 1.864945 59.775216 1.497930 
106 8 Car 0 1 1.961436 263.938324 176.277466 305.235870 197.667587 1.500000 1.616267 4.047507 -23.760132 1.881967 52.450571 1.537752 
107 1 Car 0 0 -1.553993 572.363342 178.166168 619.020996 220.933914 1.598096 1.659369 3.553793 -0.574204 1.800486 28.088087 -1.574947 
107 6 Car 0 1 2.047471 199.575256 174.478195 257.034241 198.920670 1.427856 1.730417 3.866351 -23.583995 1.707100 44.924081 1.566268 
107 7 Car 0 2 1.892015 296.364136 177.265594 329.768616 195.314072 1.500000 1.791984 4.500000 -24.411236 1.852177 58.588541 1.498602 
107 8 Car 0 1 1.970255 256.304718 176.530045 299.192749 197.549026 1.500000 1.616267 4.047507 -23.722607 1.859252 51.231094 1.538341 
108 1 Car 0 0 -1.554485 573.401733 178.192596 619.361023 218.938934 1.598096 1.659369 3.553793 -0.567339 1.791488 28.433079 -1.574947 
108 6 Car 0 1 2.058724 206.291061 174.234222 249.993011 201.143356 1.427856 1.730417 3.866351 -23.560409 1.684799 43.736917 1.566941 
108 7 Car 0 2 1.899438 289.187500 176.735657 323.281158 195.481430 1.500000 1.791984 4.500000 -24.376721 1.839409 57.401865 1.499275 
108 8 Car 0 1 1.979407 247.138382 174.449829 292.805756 197.538803 1.500000 1.616267 4.047507 -23.685082 1.836537 50.011617 1.538930 
109 1 Car 0 0 -1.554966 573.893005 177.608276 618.805237 218.738403 1.598096 1.659369 3.553793 -0.560475 1.782489 28.778071 -1.574947 
109 6 Car 0 0 2.071076 185.334808 174.306839 241.113602 201.385239 1.427856 1.730417 3.866351 -23.530890 1.713149 42.487395 1.567743 
109 7 Car 0 2 1.907252 283.438446 177.819931 318.181244 194.968903 1.500000 1.791984 4.500000 -24.316972 1.875678 56.154390 1.500077 
109 8 Car 0 1 1.988911 238.844345 173.838730 284.939301 197.808151 1.500000 1.616267 4.047507 -23.647556 1.813821 48.792141 1.539519 
110 1 Car 0 0 -1.555435 572.846497 177.092529 620.103760 217.256699 1.598096 1.659369 3.553793 -0.553610 1.773491 29.123062 -1.574947 
110 6 Car 0 0 2.083966 164.788208 174.728134 233.225540 201.897720 1.427856 1.730417 3.866351 -23.501370 1.741498 41.237872 1.568545 
110 7 Car 0 1 1.915338 274.738098 175.258286 312.909821 195.592636 1.500000 1.791984 4.500000 -24.257222 1.911947 54.906915 1.500879 
110 8 Car 0 0 1.999253 227.802628 173.097397 279.197723 197.899475 1.500000 1.616267 4.047507 -23.611788 1.850269 47.559984 1.540434 
111 1 Car 0 0 -1.556526 574.745239 178.105499 619.617432 218.253021 1.598096 1.659369 3.553793 -0.526820 1.810289 29.434947 -1.574947 
111 6 Car 0 0 2.097426 154.769699 175.206177 218.618515 203.587204 1.427856 1.730417 3.866351 -23.471851 1.769848 39.988349 1.569347 
111 7 Car 0 1 1.923711 268.613373 176.453598 305.908386 196.928680 1.500000 1.791984 4.500000 -24.197473 1.948216 53.659440 1.501681 
111 8 Car 0 0 2.009999 232.209167 176.643051 270.478271 199.767212 1.500000 1.616267 4.047507 -23.576019 1.886717 46.327828 1.541348 
112 1 Car 0 0 -1.557595 574.705811 177.532730 620.183105 218.761642 1.598096 1.659369 3.553793 -0.500030 1.847086 29.746833 -1.574947 
112 6 Car 0 0 2.111494 139.256287 176.902649 212.134644 206.037216 1.427856 1.730417 3.866351 -23.442331 1.798197 38.738826 1.570149 
112 7 Car 0 1 1.932388 260.343292 179.051880 299.603302 198.023819 1.500000 1.791984 4.500000 -24.137724 1.984485 52.411965 1.502483 
112 8 Car 0 0 2.021174 223.816025 179.083145 261.286987 201.415405 1.500000 1.616267 4.047507 -23.540250 1.923165 45.095672 1.542263 
113 1 Car 0 0 -1.558642 576.356262 181.635330 620.671021 220.437866 1.598096 1.659369 3.553793 -0.473240 1.883884 30.058718 -1.574947 
113 6 Car 0 0 2.126210 121.986488 178.620163 196.691833 208.916641 1.427856 1.730417 3.866351 -23.412812 1.826547 37.489304 1.570951 
113 7 Car 0 1 1.941385 250.633774 180.175644 292.436188 200.201859 1.500000 1.791984 4.500000 -24.077975 2.020754 51.164490 1.503285 
113 8 Car 0 0 2.032804 194.092728 178.671112 251.366531 204.827469 1.500000 1.616267 4.047507 -23.504481 1.959613 43.863516 1.543178 
114 1 Car 0 0 -1.559667 576.868225 182.172287 620.343811 220.906891 1.598096 1.659369 3.553793 -0.446450 1.920681 30.370603 -1.574947 
114 6 Car 0 0 2.142383 103.699562 180.616913 183.086411 211.076706 1.427856 1.730417 3.866351 -23.382483 1.791874 36.196908 1.572006 
114 7 Car 0 1 1.951253 243.450150 180.723846 285.636841 202.631821 1.500000 1.791984 4.500000 -24.021731 1.937294 49.887158 1.504340 
114 8 Car 0 0 2.044918 181.939987 180.487564 243.361206 207.169342 1.500000 1.616267 4.047507 -23.468712 1.996061 42.631360 1.544092 
115 1 Car 0 0 -1.560672 578.343933 182.119293 621.257935 221.330338 1.598096 1.659369 3.553793 -0.419660 1.957479 30.682488 -1.574947 
115 6 Car 0 0 2.159346 83.749229 177.843918 171.047867 211.691849 1.427856 1.730417 3.866351 -23.352153 1.757201 34.904512 1.573060 
115 7 Car 0 1 1.961502 229.892883 178.320724 270.530304 201.757339 1.500000 1.791984 4.500000 -23.965488 1.853834 48.609826 1.505394 
115 8 Car 0 0 2.058300 167.185608 179.854523 235.350998 207.990585 1.500000 1.616267 4.047507 -23.427332 1.902159 41.330762 1.545173 
116 1 Car 0 0 -1.561100 578.796936 179.756165 620.887146 219.167877 1.598096 1.659369 3.553793 -0.410350 1.953009 30.966850 -1.574947 
116 6 Car 0 0 2.177155 64.150543 176.854202 157.387711 211.424042 1.427856 1.730417 3.866351 -23.321824 1.722527 33.612116 1.574114 
116 7 Car 0 1 1.972155 219.373825 176.578339 265.606384 201.814499 1.500000 1.791984 4.500000 -23.909244 1.770374 47.332494 1.506448 
116 8 Car 0 0 2.072291 154.339233 178.693893 223.435287 206.348206 1.500000 1.616267 4.047507 -23.385953 1.808257 40.030165 1.546253 
117 1 Car 0 0 -1.561521 578.826904 177.798691 620.686462 214.796036 1.598096 1.659369 3.553793 -0.401040 1.948538 31.251212 -1.574947 
117 6 Car 0 0 2.195869 40.761879 175.086716 138.295349 211.587875 1.427856 1.730417 3.866351 -23.291495 1.687854 32.319720 1.575168 
117 7 Car 0 2 1.983238 209.208603 169.561020 246.115768 199.634720 1.500000 1.791984 4.500000 -23.853001 1.686914 46.055162 1.507502 
117 8 Car 0 0 2.086934 137.156693 175.317917 211.973465 205.108032 1.500000 1.616267 4.047507 -23.344573 1.714354 38.729567 1.547334 
118 1 Car 0 0 -1.561933 579.874207 177.393860 621.152283 214.468674 1.598096 1.659369 3.553793 -0.391730 1.944068 31.535573 -1.574947 
118 6 Car 0 0 2.215550 17.395317 175.732071 119.483459 212.510986 1.427856 1.730417 3.866351 -23.261166 1.653181 31.027324 1.576223 
118 8 Car 0 0 2.102533 119.050781 176.040024 198.375443 207.486145 1.500000 1.616267 4.047507 -23.314441 1.820222 37.426572 1.548414 
119 1 Car 0 0 -1.562339 579.611267 179.571472 620.710083 214.740173 1.598096 1.659369 3.553793 -0.382420 1.939598 31.819935 -1.574947 
119 6 Car 0 0 2.237218 2.030371 180.277039 99.773674 215.762238 1.427856 1.730417 3.866351 -23.238956 1.638901 29.683534 1.577228 
119 7 Car 0 2 2.007968 181.756973 181.824478 243.932022 201.527542 1.500000 1.791984 4.500000 -23.717038 1.889303 43.334679 1.509563 
119 8 Car 0 0 2.118886 99.944542 178.727020 185.218582 211.595398 1.500000 1.616267 4.047507 -23.284308 1.926091 36.123576 1.549495 
120 1 Car 0 0 -1.562737 578.842163 181.084015 620.078491 217.404633 1.598096 1.659369 3.553793 -0.373110 1.935128 32.104296 -1.574947 
120 6 Car 0 0 2.260092 0.000000 181.109894 75.653793 221.356094 1.427856 1.730417 3.866351 -23.216747 1.624620 28.339745 1.578232 
120 8 Car 0 1 2.136662 80.139748 179.365158 155.957245 214.494843 1.500000 1.616267 4.047507 -23.259836 1.911668 34.768478 1.550404 
121 1 Car 0 0 -1.562232 579.792603 180.040787 620.026794 218.039948 1.598096 1.659369 3.553793 -0.392142 1.938116 32.318613 -1.574947 
121 6 Car 1 0 2.284257 0.070019 183.009476 53.421555 223.784180 1.427856 1.730417 3.866351 -23.194538 1.610340 26.995955 1.579237 
121 7 Car 0 1 2.036744 163.196945 179.718582 221.381836 210.402328 1.500000 1.791984 4.500000 -23.583157 1.935092 40.452610 1.511577 
121 8 Car 0 2 2.155380 58.632584 185.009857 115.568039 215.506226 1.500000 1.616267 4.047507 -23.235365 1.897245 33.413381 1.551314 
122 1 Car 0 0 -1.561734 580.138428 180.526810 620.589417 216.595001 1.598096 1.659369 3.553793 -0.411175 1.941103 32.532929 -1.574947 
122 6 Car 2 0 2.309804 0.000000 180.557220 26.863539 221.648804 1.427856 1.730417 3.866351 -23.172328 1.596059 25.652166 1.580242 
122 7 Car 0 0 2.052257 135.067703 179.507721 212.414078 209.744019 1.500000 1.791984 4.500000 -23.516217 1.957987 39.011576 1.512584 
122 8 Car 0 2 2.175107 35.015888 182.131409 139.166199 219.405380 1.500000 1.616267 4.047507 -23.210893 1.882823 32.058283 1.552224 
123 1 Car 0 0 -1.561242 581.781250 178.750549 618.811584 215.096252 1.598096 1.659369 3.553793 -0.430207 1.944091 32.747246 -1.574947 
123 7 Car 0 0 2.068596 118.543808 179.830917 198.215652 210.131607 1.500000 1.791984 4.500000 -23.449911 1.920769 37.571170 1.513591 
124 1 Car 0 0 -1.560756 579.679199 179.184570 619.611572 215.016113 1.598096 1.659369 3.553793 -0.449239 1.947079 32.961562 -1.574947 
124 7 Car 0 0 2.085475 98.140755 179.502289 185.140076 210.200302 1.500000 1.791984 4.500000 -23.422023 1.906353 36.213307 1.514526 
124 8 Car 0 0 2.217894 2.373242 178.349731 97.951744 218.040726 1.500000 1.616267 4.047507 -23.161950 1.853977 29.348088 1.554044 
125 1 Car 0 0 -1.560277 579.875854 181.928589 619.869507 216.048157 1.598096 1.659369 3.553793 -0.468271 1.950067 33.175879 -1.574947 
125 7 Car 0 0 2.103228 75.185570 181.548065 165.459915 213.186646 1.500000 1.791984 4.500000 -23.394135 1.891938 34.855443 1.515462 
125 8 Car 0 0 2.241532 0.000000 178.466248 74.006416 220.950043 1.500000 1.616267 4.047507 -23.126147 1.835994 27.963876 1.555104 
126 1 Car 0 0 -1.560825 580.849304 182.299820 620.340332 216.430511 1.598096 1.659369 3.553793 -0.452416 1.917368 33.330114 -1.574947 
126 7 Car 0 0 2.121919 50.245876 182.006317 150.124023 216.067719 1.500000 1.791984 4.500000 -23.366247 1.877522 33.497579 1.516397 
126 8 Car 1 0 2.266564 0.246631 178.406235 49.936024 220.040039 1.500000 1.616267 4.047507 -23.090343 1.818010 26.579665 1.556165 
127 1 Car 0 0 -1.561368 580.453857 181.509918 620.487793 214.007950 1.598096 1.659369 3.553793 -0.436560 1.884669 33.484349 -1.574947 
127 7 Car 0 1 2.141617 25.388447 181.476044 121.648476 217.400696 1.500000 1.791984 4.500000 -23.338359 1.863107 32.139716 1.517332 
127 8 Car 2 0 2.293092 0.635081 180.789734 23.593309 220.251663 1.500000 1.616267 4.047507 -23.054540 1.800026 25.195453 1.557226 
128 1 Car 0 0 -1.561907 581.947327 178.766113 620.049561 212.206604 1.598096 1.659369 3.553793 -0.420705 1.851970 33.638585 -1.574947 
128 7 Car 0 1 2.162394 1.933823 181.285568 103.246536 217.896194 1.500000 1.791984 4.500000 -23.310471 1.848692 30.781852 1.518268 
129 1 Car 0 0 -1.562440 580.829407 178.297195 620.730469 211.824539 1.598096 1.659369 3.553793 -0.404850 1.819271 33.792820 -1.574947 
129 7 Car 0 1 2.185086 0.000000 179.277557 94.317688 215.910721 1.500000 1.791984 4.500000 -23.278662 1.833936 29.402293 1.519686 
130 1 Car 0 0 -1.562969 582.757141 177.998764 621.800781 212.138916 1.598096 1.659369 3.553793 -0.388994 1.786572 33.947055 -1.574947 
130 7 Car 0 1 2.209061 0.359640 181.288513 70.333443 218.177383 1.500000 1.791984 4.500000 -23.246854 1.819180 28.022733 1.521104 
131 1 Car 0 0 -1.563549 583.403015 176.382263 622.010559 212.596146 1.598096 1.659369 3.553793 -0.370540 1.800930 34.086612 -1.574947 
131 7 Car 1 1 2.234414 0.045273 182.124237 47.752972 216.903687 1.500000 1.791984 4.500000 -23.215046 1.804424 26.643173 1.522522 
132 1 Car 0 0 -1.564125 583.167847 177.455994 622.372314 211.946518 1.598096 1.659369 3.553793 -0.352087 1.815288 34.226168 -1.574947 
132 7 Car 2 1 2.261245 0.510884 188.729706 19.991953 217.298920 1.500000 1.791984 4.500000 -23.183237 1.789668 25.263613 1.523940 
133 1 Car 0 0 -1.564696 585.055298 177.809067 623.265442 213.043198 1.598096 1.659369 3.553793 -0.333633 1.829646 34.365724 -1.574947 
134 1 Car 0 0 -1.566607 585.049255 176.039078 624.693420 210.568924 1.598096 1.659369 3.553793 -0.269243 1.765754 34.506281 -1.574947 
135 1 Car 0 0 -1.568502 587.197571 176.068085 625.797058 208.877029 1.598096 1.659369 3.553793 -0.204854 1.701863 34.646838 -1.574947 
136 1 Car 0 0 -1.569041 587.538147 174.522476 626.713928 207.513138 1.598096 1.659369 3.553793 -0.187458 1.640987 34.787354 -1.574947 
137 1 Car 0 0 -1.569576 588.973694 172.738190 627.256531 204.535828 1.598096 1.659369 3.553793 -0.170062 1.580112 34.927869 -1.574947 
138 1 Car 0 0 -1.570107 589.084351 171.470535 627.948242 203.217163 1.598096 1.659369 3.553793 -0.152666 1.519236 35.068385 -1.574947 
139 1 Car 0 0 -1.570258 589.032043 176.885254 628.614746 207.799606 1.598096 1.659369 3.553793 -0.145600 1.745270 35.205849 -1.574947 
140 1 Car 0 0 -1.570407 587.491943 179.883942 627.828064 213.426315 1.598096 1.659369 3.553793 -0.138533 1.971303 35.343314 -1.574947 
141 1 Car 0 0 -1.569664 587.549561 180.857513 628.695984 214.301941 1.598096 1.659369 3.553793 -0.165886 1.933964 35.436785 -1.574947 
142 1 Car 0 0 -1.568925 586.964050 179.226395 627.389832 212.166504 1.598096 1.659369 3.553793 -0.193238 1.896625 35.530256 -1.574947 
143 1 Car 0 0 -1.568189 587.113281 178.945282 627.586792 211.455750 1.598096 1.659369 3.553793 -0.220591 1.859287 35.623727 -1.574947 
