0 0 Car 0 1 2.618113 300.882568 187.976608 520.869446 284.911652 1.416544 1.474971 3.520100 -3.241406 1.675621 11.796207 2.354755 
1 0 Car 0 1 2.631583 219.073013 190.760132 470.527344 295.792694 1.416544 1.474971 3.520100 -3.881913 1.642897 11.098660 2.301735 
2 0 Car 0 1 2.646836 135.831192 188.320862 428.595673 308.644379 1.416544 1.474971 3.520100 -4.516514 1.654477 10.311271 2.242720 
3 0 Car 0 1 2.693063 39.936249 190.892502 365.524078 323.880829 1.416544 1.474971 3.520100 -5.086139 1.624464 9.522954 2.213507 
4 0 Car 0 0 2.728017 0.740854 194.138962 318.537079 341.277069 1.416544 1.474971 3.520100 -5.637172 1.641720 8.684239 2.165779 
4 1 Car 1 0 3.044706 1217.902222 190.870453 1241.210815 216.856293 1.620588 1.715879 4.352635 25.307314 1.832670 26.687700 -2.485576 
5 0 Car 1 0 2.757777 3.141350 197.631897 237.013214 334.678864 1.416544 1.474971 3.520100 -6.119655 1.702888 7.815429 2.109703 
5 1 Car 1 1 3.082532 1181.220459 189.639877 1240.865967 217.607010 1.620588 1.715879 4.352635 24.424745 1.819946 27.428551 -2.478897 
6 0 Car 1 0 2.795376 2.051167 202.280090 151.192322 334.745026 1.416544 1.474971 3.520100 -6.573138 1.646288 6.915062 2.054480 
6 1 Car 0 1 3.120405 1150.319214 182.532089 1240.926147 216.142914 1.620588 1.715879 4.352635 23.542175 1.807221 28.169402 -2.472219 
7 1 Car 0 1 -3.124923 1112.553955 180.530014 1242.000000 216.211166 1.620588 1.715879 4.352635 22.659605 1.794496 28.910252 -2.465541 
8 1 Car 0 1 -3.060564 1077.638306 182.822220 1221.203247 215.917877 1.620588 1.715879 4.352635 21.872664 1.813028 29.641924 -2.430066 
9 1 Car 0 1 -2.996402 1057.735229 181.729538 1186.655396 215.009445 1.620588 1.715879 4.352635 21.085723 1.831560 30.373596 -2.394591 
10 1 Car 0 1 -2.967788 1024.453003 179.828400 1146.502930 213.804367 1.620588 1.715879 4.352635 20.213983 1.807155 31.144455 -2.396880 
11 1 Car 0 1 -2.916478 992.187073 178.894012 1114.111694 213.734726 1.620588 1.715879 4.352635 19.426076 1.824503 31.984209 -2.375232 
12 1 Car 0 1 -2.865658 987.347107 179.894653 1078.976074 210.683014 1.620588 1.715879 4.352635 18.638169 1.841850 32.823963 -2.353583 
13 1 Car 0 1 -2.820707 969.542542 179.457138 1043.307739 212.527054 1.620588 1.715879 4.352635 17.912870 1.819080 33.662552 -2.335805 
14 1 Car 0 2 -2.776322 917.083557 181.539062 1023.771362 210.401291 1.620588 1.715879 4.352635 17.187571 1.796309 34.501141 -2.318027 
16 1 Car 0 1 -2.668895 871.505066 182.281555 967.675537 207.370193 1.620588 1.715879 4.352635 15.797460 1.775014 36.272872 -2.261600 
17 1 Car 0 1 -2.616180 864.957825 179.450775 944.440613 206.773712 1.620588 1.715879 4.352635 15.128700 1.764258 37.224453 -2.233387 
18 1 Car 0 1 -2.564220 845.573547 178.136383 915.766968 205.820038 1.620588 1.715879 4.352635 14.459939 1.753502 38.176034 -2.205173 
19 1 Car 0 1 -2.515334 825.965881 176.468781 909.038879 205.322632 1.620588 1.715879 4.352635 13.885374 1.742675 39.102401 -2.176960 
20 1 Car 0 1 -2.467113 812.135376 177.027817 887.349487 204.356247 1.620588 1.715879 4.352635 13.310809 1.731848 40.028767 -2.148747 
21 1 Car 0 1 -2.419540 798.068481 177.394272 870.412964 202.644028 1.620588 1.715879 4.352635 12.736244 1.721021 40.955134 -2.120534 
22 1 Car 0 1 -2.385598 782.340942 178.004761 849.707581 201.779526 1.620588 1.715879 4.352635 12.187659 1.721824 41.962346 -2.105264 
23 1 Car 0 0 -2.352336 769.821106 177.289474 837.122070 201.012222 1.620588 1.715879 4.352635 11.639075 1.722627 42.969558 -2.089995 
24 1 Car 0 0 -2.319729 758.391724 176.247589 823.027954 200.090988 1.620588 1.715879 4.352635 11.090490 1.723430 43.976769 -2.074725 
25 1 Car 0 0 -2.289330 746.864136 175.509033 810.317627 199.678619 1.620588 1.715879 4.352635 10.629539 1.724205 45.036537 -2.059456 
26 1 Car 0 0 -2.259521 740.036621 173.838196 798.535278 198.884308 1.620588 1.715879 4.352635 10.168588 1.724979 46.096305 -2.044187 
27 1 Car 0 0 -2.230274 730.888184 173.985825 788.021118 198.593689 1.620588 1.715879 4.352635 9.707637 1.725753 47.156073 -2.028917 
28 1 Car 0 0 -2.179845 722.016235 175.034134 775.413696 198.081879 1.620588 1.715879 4.352635 9.309125 1.726534 48.250877 -1.990822 
29 1 Car 0 0 -2.129905 713.638000 175.253342 766.543640 197.183945 1.620588 1.715879 4.352635 8.910612 1.727315 49.345680 -1.952726 
30 1 Car 0 0 -2.081016 707.641357 174.308029 755.284119 197.271667 1.620588 1.715879 4.352635 8.551539 1.728067 50.493052 -1.914630 
31 1 Car 0 0 -2.032567 702.183777 175.536301 748.453430 196.566238 1.620588 1.715879 4.352635 8.192465 1.728819 51.640423 -1.876534 
32 1 Car 0 0 -2.001258 696.680481 173.132721 740.060486 196.001328 1.620588 1.715879 4.352635 7.913545 1.725198 52.844942 -1.853840 
33 1 Car 0 0 -1.970311 692.695984 172.704895 732.853516 195.603668 1.620588 1.715879 4.352635 7.634626 1.721577 54.049461 -1.831147 
34 1 Car 0 0 -1.939703 687.490417 172.754578 725.141663 195.474060 1.620588 1.715879 4.352635 7.355706 1.717957 55.253980 -1.808453 
35 1 Car 0 0 -1.909416 682.189087 172.796555 718.622314 194.492416 1.620588 1.715879 4.352635 7.076786 1.714336 56.458499 -1.785760 
36 1 Car 0 0 -1.880981 677.297607 173.100906 712.710083 193.787811 1.620588 1.715879 4.352635 6.889876 1.710664 57.670664 -1.763066 
37 1 Car 0 0 -1.852775 674.794800 171.857956 707.528870 193.389679 1.620588 1.715879 4.352635 6.702965 1.706991 58.882829 -1.740372 
37 2 Car 1 0 -2.378196 1084.171021 251.317886 1239.842773 373.127899 1.416789 1.448982 3.201869 3.900785 1.627735 3.436928 -1.572132 
38 1 Car 0 0 -1.824783 673.283813 174.974609 703.161499 192.968307 1.620588 1.715879 4.352635 6.516055 1.703319 60.094994 -1.717679 
38 2 Car 1 0 -2.290127 1016.449463 212.880692 1241.108276 372.985229 1.416789 1.448982 3.201869 3.882191 1.628690 4.147320 -1.573467 
39 1 Car 0 0 -1.813485 670.057739 174.867859 698.364685 191.814713 1.620588 1.715879 4.352635 6.357942 1.699534 61.365364 -1.711110 
39 2 Car 1 0 -2.221200 948.906860 202.710312 1242.000000 370.876678 1.416789 1.448982 3.201869 3.868887 1.629430 4.944765 -1.586768 
40 1 Car 0 0 -1.802373 667.280640 172.765488 694.551819 191.326813 1.620588 1.715879 4.352635 6.199829 1.695750 62.635733 -1.704541 
40 2 Car 1 0 -2.166843 928.997498 199.987289 1238.993408 372.827301 1.416789 1.448982 3.201869 3.855584 1.630170 5.742210 -1.600069 
41 1 Car 0 0 -1.791438 664.778137 173.873184 691.255798 191.452423 1.620588 1.715879 4.352635 6.041717 1.691965 63.906102 -1.697973 
41 2 Car 0 0 -2.105346 890.561462 195.810745 1242.000000 375.000000 1.416789 1.448982 3.201869 3.832661 1.630964 6.565524 -1.597415 
42 1 Car 0 0 -1.772322 662.722656 174.564850 688.445496 191.355606 1.620588 1.715879 4.352635 5.943409 1.691654 65.307598 -1.682331 
42 2 Car 0 0 -2.053574 860.214478 192.962982 1177.705200 359.286621 1.416789 1.448982 3.201869 3.809738 1.631758 7.388839 -1.594762 
42 7 Car 2 0 -2.378513 1184.441162 234.743851 1239.971436 315.108948 1.432353 1.477831 3.251003 7.730744 1.617501 7.275584 -1.583464 
43 1 Car 0 0 -1.753350 660.788391 174.677185 684.961670 190.634720 1.620588 1.715879 4.352635 5.845100 1.691342 66.709094 -1.666690 
43 2 Car 0 0 -2.009487 832.417114 191.590027 1103.960693 340.715149 1.416789 1.448982 3.201869 3.786816 1.632553 8.212153 -1.592109 
43 7 Car 1 0 -2.327915 1136.141724 211.082199 1241.892944 303.053711 1.432353 1.477831 3.251003 7.714603 1.617690 8.023928 -1.581032 
44 1 Car 0 0 -1.734512 658.891479 174.164047 681.761780 190.172821 1.620588 1.715879 4.352635 5.746792 1.691031 68.110591 -1.651048 
44 2 Car 0 0 -1.970680 809.760925 193.282028 1044.696655 321.352570 1.416789 1.448982 3.201869 3.760373 1.633316 9.049554 -1.589455 
44 7 Car 1 0 -2.281678 1097.786743 195.773117 1241.337769 304.369751 1.432353 1.477831 3.251003 7.698462 1.617878 8.772272 -1.578600 
45 1 Car 0 0 -1.715800 657.353821 174.107941 679.983337 190.167435 1.620588 1.715879 4.352635 5.648484 1.690720 69.512087 -1.635407 
45 2 Car 0 0 -1.936993 798.550903 190.434647 1001.208252 307.451263 1.416789 1.448982 3.201869 3.733930 1.634079 9.886955 -1.586802 
45 7 Car 0 0 -2.239382 1062.690552 187.712173 1241.661377 310.548096 1.432353 1.477831 3.251003 7.682322 1.618066 9.520616 -1.576167 
46 1 Car 0 0 -1.697209 655.013245 173.787170 676.500793 189.616089 1.620588 1.715879 4.352635 5.550176 1.690409 70.913583 -1.619765 
46 2 Car 0 0 -1.907459 783.596558 189.083435 963.306458 297.523834 1.416789 1.448982 3.201869 3.707488 1.634842 10.724357 -1.584149 
46 7 Car 0 0 -2.205739 1032.186035 186.535660 1241.726318 300.291840 1.432353 1.477831 3.251003 7.670593 1.618063 10.364043 -1.582824 
47 2 Car 0 0 -1.885830 774.664551 185.726242 927.876648 284.789185 1.416789 1.448982 3.201869 3.693871 1.641759 11.581402 -1.585484 
47 7 Car 0 0 -2.176054 999.188416 187.333344 1240.962402 292.597931 1.432353 1.477831 3.251003 7.658864 1.618059 11.207469 -1.589482 
48 2 Car 0 0 -1.867025 763.187805 185.264435 900.421875 276.021240 1.416789 1.448982 3.201869 3.680255 1.648676 12.438446 -1.586819 
48 7 Car 0 0 -2.136982 967.795288 187.784485 1189.356689 281.819916 1.432353 1.477831 3.251003 7.651100 1.618735 12.112705 -1.585268 
49 2 Car 0 0 -1.848266 750.723206 185.870132 878.460449 268.649658 1.416789 1.448982 3.201869 3.657011 1.642421 13.385840 -1.588154 
49 7 Car 0 0 -2.101394 949.162720 184.692261 1143.926147 272.036560 1.432353 1.477831 3.251003 7.643336 1.619411 13.017940 -1.581054 
50 2 Car 0 0 -1.831933 742.110718 184.758774 857.936218 262.161102 1.416789 1.448982 3.201869 3.633766 1.636167 14.333233 -1.589490 
50 7 Car 0 0 -2.068847 930.301941 186.127274 1101.917114 264.367737 1.432353 1.477831 3.251003 7.635573 1.620088 13.923176 -1.576840 
51 2 Car 0 0 -1.817621 730.728760 184.701462 840.008118 255.656021 1.416789 1.448982 3.201869 3.610522 1.629912 15.280626 -1.590825 
51 7 Car 0 0 -2.041852 908.686646 182.757339 1063.527222 258.538757 1.432353 1.477831 3.251003 7.619458 1.620681 14.857715 -1.576739 
52 2 Car 0 0 -1.805076 723.165344 185.280807 822.126465 249.053070 1.416789 1.448982 3.201869 3.602378 1.663071 16.290115 -1.592160 
52 7 Car 0 0 -2.017361 890.126038 183.280823 1038.210205 254.439285 1.432353 1.477831 3.251003 7.603343 1.621274 15.792255 -1.576637 
53 2 Car 0 0 -1.791999 716.565674 181.552917 809.326416 244.798431 1.416789 1.448982 3.201869 3.565725 1.657173 17.347348 -1.593495 
53 7 Car 0 0 -1.995065 873.929443 184.451523 1010.439575 249.483047 1.432353 1.477831 3.251003 7.587229 1.621867 16.726795 -1.576535 
53 8 Car 2 0 -2.445152 1208.278564 244.625916 1241.611572 317.881378 1.439736 1.558252 3.957146 7.770481 1.631612 6.458377 -1.590629 
54 2 Car 0 0 -1.780482 708.088745 181.694092 795.236450 240.446228 1.416789 1.448982 3.201869 3.529072 1.651275 18.404581 -1.594830 
54 7 Car 0 0 -1.979957 864.073120 182.680618 983.655457 243.595886 1.432353 1.477831 3.251003 7.577455 1.622473 17.672426 -1.581612 
54 8 Car 1 0 -2.394962 1163.265625 235.844360 1237.157104 310.247437 1.439736 1.558252 3.957146 7.744805 1.625672 7.181305 -1.592747 
55 2 Car 0 0 -1.770501 703.029663 181.529816 781.428284 236.947433 1.416789 1.448982 3.201869 3.502565 1.645310 19.494774 -1.596166 
55 7 Car 0 0 -1.966570 852.180481 181.873093 960.859497 239.162125 1.432353 1.477831 3.251003 7.567680 1.623079 18.618057 -1.586689 
55 8 Car 1 0 -2.349272 1115.507690 204.579819 1240.746826 303.820587 1.439736 1.558252 3.957146 7.719129 1.619731 7.904232 -1.594866 
56 2 Car 0 0 -1.761663 697.637878 180.910614 771.771973 232.786621 1.416789 1.448982 3.201869 3.476058 1.639345 20.584967 -1.597501 
56 3 Car 1 0 -2.505397 1088.358398 265.756683 1242.000000 367.430206 1.377451 1.491847 3.318948 3.347980 1.653363 2.301272 -1.595747 
56 7 Car 0 0 -1.951885 841.822815 181.818985 942.355591 236.663773 1.432353 1.477831 3.251003 7.498362 1.623599 19.575397 -1.591765 
56 8 Car 1 0 -2.306100 1077.460083 194.318893 1240.410767 301.273682 1.439736 1.558252 3.957146 7.700758 1.613702 8.664910 -1.596985 
57 2 Car 0 0 -1.751183 688.810547 180.484100 761.399475 229.751038 1.416789 1.448982 3.201869 3.448024 1.639297 21.730567 -1.596669 
57 3 Car 1 0 -2.393141 1024.771729 276.191833 1236.637939 370.191315 1.377451 1.491847 3.318948 3.328337 1.652458 2.925466 -1.593033 
57 7 Car 0 0 -1.941750 828.866760 180.754089 924.221558 232.607162 1.432353 1.477831 3.251003 7.522785 1.624043 20.598070 -1.596842 
57 8 Car 1 1 -2.256210 1042.523071 192.236893 1240.380493 297.703003 1.439736 1.558252 3.957146 7.683010 1.627183 9.442475 -1.589079 
58 2 Car 0 0 -1.741632 686.296692 180.275269 752.529541 225.425842 1.416789 1.448982 3.201869 3.419990 1.639248 22.876167 -1.595836 
58 3 Car 1 0 -2.299068 970.943787 251.624100 1242.000000 373.586182 1.377451 1.491847 3.318948 3.308694 1.651552 3.549660 -1.590320 
58 7 Car 0 0 -1.927291 818.362671 179.918594 908.423401 229.572632 1.432353 1.477831 3.251003 7.491003 1.625195 21.613042 -1.598510 
58 8 Car 0 1 -2.210193 1016.145691 187.854568 1242.000000 278.838196 1.439736 1.558252 3.957146 7.665262 1.640665 10.220039 -1.581173 
59 2 Car 0 0 -1.732883 680.207581 179.811035 743.962158 224.325302 1.416789 1.448982 3.201869 3.391957 1.639200 24.021768 -1.595004 
59 3 Car 1 0 -2.220191 917.377747 223.310760 1242.000000 373.106445 1.377451 1.491847 3.318948 3.289052 1.650646 4.173854 -1.587606 
59 7 Car 0 0 -1.914105 807.247742 180.267929 893.612000 226.675659 1.432353 1.477831 3.251003 7.459220 1.626346 22.628014 -1.600178 
59 8 Car 0 3 -2.193174 983.187866 185.033997 1229.646729 264.211365 1.439736 1.558252 3.957146 7.678129 1.619668 11.085979 -1.600530 
60 2 Car 0 0 -1.724528 677.398132 179.514664 736.743347 222.002975 1.416789 1.448982 3.201869 3.365199 1.639109 25.237095 -1.594171 
60 3 Car 1 0 -2.154384 888.973267 208.607590 1242.000000 372.337799 1.377451 1.491847 3.318948 3.272941 1.649544 4.900174 -1.594065 
60 7 Car 0 0 -1.901671 799.793457 179.254272 879.769165 224.034409 1.432353 1.477831 3.251003 7.423743 1.627514 23.663323 -1.601846 
60 8 Car 0 2 -2.179806 964.204956 185.532471 1230.711548 247.000275 1.439736 1.558252 3.957146 7.690995 1.598670 11.951919 -1.619888 
61 2 Car 0 0 -1.716843 673.009277 179.842300 728.600525 219.141861 1.416789 1.448982 3.201869 3.338441 1.639019 26.452421 -1.593339 
61 3 Car 1 0 -2.101562 855.238770 197.909027 1242.000000 374.790344 1.377451 1.491847 3.318948 3.256830 1.648443 5.626493 -1.600523 
61 7 Car 0 0 -1.890296 791.298401 179.722717 864.066223 222.562653 1.432353 1.477831 3.251003 7.388265 1.628682 24.698633 -1.603514 
61 8 Car 0 2 -2.165352 948.517883 182.476562 1165.116211 241.780975 1.439736 1.558252 3.957146 7.645434 1.610154 12.845686 -1.639245 
62 2 Car 0 0 -1.713238 670.832275 178.889206 722.500916 216.630814 1.416789 1.448982 3.201869 3.297617 1.645018 27.750662 -1.596842 
62 3 Car 0 0 -2.058837 838.272339 195.212952 1235.643677 375.000000 1.377451 1.491847 3.318948 3.240720 1.647341 6.352813 -1.606982 
62 7 Car 0 0 -1.879870 782.487854 179.418259 853.748718 219.936493 1.432353 1.477831 3.251003 7.352788 1.629849 25.733942 -1.605182 
62 8 Car 0 2 -2.154077 942.471985 184.168350 1140.240234 240.289124 1.439736 1.558252 3.957146 7.599873 1.621638 13.739454 -1.658602 
63 2 Car 0 0 -1.710252 668.134033 179.018494 716.171021 215.903961 1.416789 1.448982 3.201869 3.256792 1.651017 29.048903 -1.600345 
63 3 Car 0 0 -2.016481 813.920898 202.481735 1142.586914 364.746216 1.377451 1.491847 3.318948 3.223294 1.646096 7.135919 -1.608854 
63 7 Car 0 0 -1.869522 774.180664 178.108444 840.517395 218.084198 1.432353 1.477831 3.251003 7.325351 1.630731 26.882505 -1.606850 
63 8 Car 0 2 -2.142879 941.437927 184.039261 1108.949219 262.586426 1.439736 1.558252 3.957146 7.540479 1.632950 14.707236 -1.677960 
64 2 Car 0 0 -1.707514 663.359131 179.926453 708.886047 213.093887 1.416789 1.448982 3.201869 3.211837 1.651698 30.395270 -1.603847 
64 3 Car 0 0 -1.981273 792.202515 196.828125 1066.836304 346.456329 1.377451 1.491847 3.318948 3.205869 1.644851 7.919025 -1.610727 
64 7 Car 0 0 -1.860081 766.138855 177.838547 829.259338 215.034866 1.432353 1.477831 3.251003 7.297914 1.631613 28.031068 -1.608518 
65 2 Car 0 0 -1.705293 661.138672 178.722137 704.114746 212.108688 1.416789 1.448982 3.201869 3.166881 1.652379 31.741638 -1.607350 
65 3 Car 0 0 -1.949338 771.086975 196.030029 1012.610962 329.704895 1.377451 1.491847 3.318948 3.183166 1.643476 8.754957 -1.612599 
65 7 Car 0 1 -1.851448 760.623108 178.863647 818.450867 213.154739 1.432353 1.477831 3.251003 7.270476 1.632495 29.179632 -1.610186 
65 8 Car 0 2 -2.079489 895.034668 181.799332 1023.337952 246.435852 1.439736 1.558252 3.957146 7.519769 1.621931 16.619548 -1.661934 
66 2 Car 0 0 -1.703529 658.605103 178.667801 700.122803 210.634521 1.416789 1.448982 3.201869 3.121925 1.653060 33.088005 -1.610853 
66 3 Car 0 0 -1.922498 758.645569 196.556000 971.295532 314.254669 1.377451 1.491847 3.318948 3.160463 1.642101 9.590889 -1.614472 
66 7 Car 0 1 -1.841938 753.676453 177.152344 806.238953 211.896561 1.432353 1.477831 3.251003 7.206070 1.633298 30.391592 -1.611854 
66 8 Car 0 2 -2.049908 869.054016 178.876938 993.762695 242.855927 1.439736 1.558252 3.957146 7.485011 1.622699 17.705975 -1.656603 
67 2 Car 0 0 -1.701143 657.812683 179.291962 694.403687 209.349472 1.416789 1.448982 3.201869 3.073254 1.655110 34.503653 -1.613611 
67 3 Car 0 0 -1.893650 750.563477 195.847931 933.548706 298.662170 1.377451 1.491847 3.318948 3.133828 1.640632 10.464747 -1.611560 
67 7 Car 0 1 -1.833224 747.808228 178.171402 797.072815 210.569229 1.432353 1.477831 3.251003 7.141664 1.634101 31.603552 -1.613522 
67 8 Car 0 2 -2.022671 858.459229 179.595627 968.228882 240.269730 1.439736 1.558252 3.957146 7.450253 1.623468 18.792403 -1.651272 
68 2 Car 0 0 -1.699155 655.917664 178.647522 690.381775 206.957047 1.416789 1.448982 3.201869 3.024582 1.657159 35.919301 -1.616369 
68 3 Car 0 0 -1.868388 742.810181 191.795303 901.825562 288.970581 1.377451 1.491847 3.318948 3.107192 1.639162 11.338606 -1.608648 
68 7 Car 0 1 -1.830596 743.084839 176.857346 789.002258 209.852859 1.432353 1.477831 3.251003 7.073860 1.628251 32.843315 -1.620825 
68 8 Car 0 1 -1.997473 849.942810 180.082321 944.300110 237.155792 1.439736 1.558252 3.957146 7.415495 1.624236 19.878830 -1.645942 
69 2 Car 0 0 -1.697520 654.029419 178.398026 686.346985 205.841217 1.416789 1.448982 3.201869 2.975911 1.659208 37.334949 -1.619126 
69 3 Car 0 0 -1.845489 730.347717 187.636673 873.339844 280.243378 1.377451 1.491847 3.318948 3.075275 1.637662 12.220389 -1.605736 
69 7 Car 0 1 -1.829375 736.175415 176.295837 780.397949 211.028061 1.432353 1.477831 3.251003 7.034835 1.622372 34.096324 -1.628128 
69 8 Car 0 2 -1.978175 833.351501 179.217178 923.154602 232.051941 1.439736 1.558252 3.957146 7.382141 1.622213 21.019544 -1.645458 
70 2 Car 0 0 -1.695898 650.501099 178.388977 682.781555 204.700745 1.416789 1.448982 3.201869 2.919306 1.656003 38.804922 -1.621884 
70 3 Car 0 0 -1.824862 720.640076 189.370316 851.276672 270.364319 1.377451 1.491847 3.318948 3.051286 1.636106 13.149712 -1.602824 
70 7 Car 0 2 -1.828726 731.269470 176.099655 773.950623 208.072403 1.432353 1.477831 3.251003 6.995811 1.616493 35.349333 -1.635431 
70 8 Car 0 1 -1.960577 821.556152 177.661148 905.830078 228.985352 1.439736 1.558252 3.957146 7.348787 1.620189 22.160258 -1.644975 
71 2 Car 0 0 -1.694591 646.107178 177.507996 679.103699 203.043930 1.416789 1.448982 3.201869 2.862702 1.652798 40.274895 -1.624642 
71 3 Car 0 0 -1.806410 712.955139 186.349640 834.511230 264.615875 1.377451 1.491847 3.318948 3.027298 1.634550 14.079035 -1.599912 
71 4 Car 1 0 -2.404200 1007.448669 224.288452 1240.517212 372.643860 1.502941 1.617828 3.891248 3.660218 1.654806 3.278528 -1.608448 
71 7 Car 0 2 -1.827505 725.559265 176.466537 766.762512 206.362473 1.432353 1.477831 3.251003 6.930933 1.610518 36.686772 -1.642734 
71 8 Car 0 1 -1.944180 809.160706 178.977875 883.089844 225.981552 1.439736 1.558252 3.957146 7.334459 1.618059 23.386542 -1.644491 
72 2 Car 0 0 -1.688841 645.215576 178.171097 674.830505 202.279282 1.416789 1.448982 3.201869 2.811232 1.650312 41.789796 -1.622623 
72 3 Car 0 0 -1.792661 706.397156 185.757217 816.844849 257.059540 1.377451 1.491847 3.318948 3.008099 1.637585 15.046518 -1.600070 
72 4 Car 1 0 -2.306106 948.567383 197.969086 1240.447266 374.142761 1.502941 1.617828 3.891248 3.643599 1.654341 4.000570 -1.604364 
72 7 Car 0 2 -1.826854 718.181091 176.033142 762.020081 206.482574 1.432353 1.477831 3.251003 6.866056 1.604543 38.024211 -1.650037 
72 8 Car 0 1 -1.929215 797.011841 179.187134 868.039307 222.507523 1.439736 1.558252 3.957146 7.320131 1.615929 24.612826 -1.644008 
73 2 Car 0 0 -1.683348 643.320618 178.146591 672.234558 200.197311 1.416789 1.448982 3.201869 2.759763 1.647826 43.304696 -1.620604 
73 3 Car 0 0 -1.779218 693.028381 184.914215 798.875793 252.571014 1.377451 1.491847 3.318948 2.973058 1.640599 16.045699 -1.600228 
73 4 Car 1 0 -2.224440 914.398071 193.324844 1236.936890 373.494995 1.502941 1.617828 3.891248 3.626981 1.653876 4.722613 -1.600280 
73 8 Car 0 1 -1.914283 785.981506 178.342194 855.488342 220.822830 1.439736 1.558252 3.957146 7.305817 1.613591 25.962718 -1.643525 
74 2 Car 0 0 -1.678087 640.326172 176.350021 669.161804 199.546997 1.416789 1.448982 3.201869 2.708294 1.645340 44.819597 -1.618586 
74 3 Car 0 0 -1.767286 691.314697 182.498749 788.137146 247.184586 1.377451 1.491847 3.318948 2.938017 1.643612 17.044879 -1.600386 
74 4 Car 1 0 -2.156550 876.978943 187.554184 1242.000000 374.804993 1.502941 1.617828 3.891248 3.608169 1.653427 5.495108 -1.600985 
74 8 Car 0 1 -1.902046 775.949402 176.891006 843.107178 218.091309 1.439736 1.558252 3.957146 7.260095 1.613733 27.213748 -1.644607 
75 2 Car 0 0 -1.672977 639.258972 176.065994 666.106018 198.700760 1.416789 1.448982 3.201869 2.651748 1.642849 46.293931 -1.616567 
75 3 Car 0 0 -1.757456 686.405945 184.067764 775.593140 243.205460 1.377451 1.491847 3.318948 2.925870 1.646473 18.090716 -1.600544 
75 4 Car 0 0 -2.100523 842.660828 195.562790 1240.169434 370.462280 1.502941 1.617828 3.891248 3.589356 1.652978 6.267604 -1.601689 
75 8 Car 0 1 -1.889975 763.426025 176.717041 829.187988 216.049500 1.439736 1.558252 3.957146 7.205578 1.613667 28.541200 -1.645689 
76 2 Car 0 0 -1.668055 638.492554 177.173447 663.430786 197.920563 1.416789 1.448982 3.201869 2.595203 1.640358 47.768265 -1.614549 
76 3 Car 0 0 -1.748674 680.345398 181.074142 765.229187 238.315323 1.377451 1.491847 3.318948 2.913723 1.649335 19.136553 -1.600702 
76 4 Car 0 0 -2.052775 825.957336 187.908142 1219.034302 368.764435 1.502941 1.617828 3.891248 3.575111 1.652373 7.083457 -1.603165 
76 8 Car 0 1 -1.878985 757.434692 177.456299 819.285950 213.703690 1.439736 1.558252 3.957146 7.151060 1.613602 29.868652 -1.646772 
77 2 Car 0 0 -1.663305 636.921021 176.845856 660.976257 197.340912 1.416789 1.448982 3.201869 2.538657 1.637867 49.242599 -1.612530 
77 3 Car 0 0 -1.739347 677.760193 182.640030 753.647278 234.498627 1.377451 1.491847 3.318948 2.879892 1.645289 20.214717 -1.600673 
77 4 Car 0 0 -2.013060 803.562927 187.783844 1141.264038 351.912384 1.502941 1.617828 3.891248 3.560866 1.651768 7.899311 -1.604640 
77 8 Car 0 1 -1.869769 747.030457 177.259903 807.652954 212.264023 1.439736 1.558252 3.957146 7.120311 1.613564 31.181836 -1.647854 
78 2 Car 0 0 -1.658648 635.256287 176.974075 658.166443 196.413712 1.416789 1.448982 3.201869 2.481484 1.635336 50.772081 -1.610512 
78 3 Car 0 0 -1.730928 672.332886 181.269714 746.252808 230.694473 1.377451 1.491847 3.318948 2.846061 1.641243 21.292881 -1.600643 
78 4 Car 0 0 -1.974860 790.642334 186.690598 1068.020630 330.924866 1.502941 1.617828 3.891248 3.537501 1.651110 8.779061 -1.604574 
78 8 Car 0 1 -1.861334 742.648315 176.535736 798.172302 211.058823 1.439736 1.558252 3.957146 7.089562 1.613526 32.495020 -1.648936 
79 2 Car 0 0 -1.654144 633.226440 176.927383 655.787170 195.744171 1.416789 1.448982 3.201869 2.424311 1.632804 52.301563 -1.608493 
79 3 Car 0 0 -1.723292 667.692444 181.009079 737.085815 226.929413 1.377451 1.491847 3.318948 2.812229 1.637198 22.371045 -1.600614 
79 4 Car 0 0 -1.942529 774.895081 186.301376 1009.146851 310.582123 1.502941 1.617828 3.891248 3.514135 1.650451 9.658812 -1.604509 
79 8 Car 0 0 -1.853598 738.392151 176.581360 789.578796 208.805756 1.439736 1.558252 3.957146 7.058813 1.613489 33.808203 -1.650018 
80 2 Car 0 0 -1.649779 631.919556 177.991409 654.003418 194.483063 1.416789 1.448982 3.201869 2.367138 1.630272 53.831044 -1.606475 
80 3 Car 0 0 -1.715895 665.126526 180.939819 730.640137 225.130264 1.377451 1.491847 3.318948 2.770933 1.640528 23.475042 -1.600585 
80 4 Car 0 0 -1.913798 761.454834 186.434784 968.643677 298.000671 1.502941 1.617828 3.891248 3.492842 1.653144 10.586228 -1.604486 
80 8 Car 0 0 -1.846487 731.838745 176.378555 784.023071 208.191269 1.439736 1.558252 3.957146 7.028064 1.613451 35.121387 -1.651101 
81 2 Car 0 0 -1.645544 631.102722 178.508636 651.429504 194.265610 1.416789 1.448982 3.201869 2.309966 1.627741 55.360526 -1.604456 
81 3 Car 0 0 -1.709142 662.575317 180.925415 722.648071 222.157791 1.377451 1.491847 3.318948 2.729637 1.643858 24.579039 -1.600556 
81 4 Car 0 0 -1.889160 749.779053 184.716034 932.457947 286.436951 1.502941 1.617828 3.891248 3.471549 1.655838 11.513643 -1.604464 
81 8 Car 0 0 -1.839549 725.983887 176.062851 775.997070 205.783646 1.439736 1.558252 3.957146 6.989396 1.613362 36.471021 -1.652183 
82 3 Car 0 0 -1.702952 659.060608 180.280930 717.707886 220.811890 1.377451 1.491847 3.318948 2.688341 1.647189 25.683036 -1.600527 
82 4 Car 0 0 -1.867822 742.845276 183.519623 901.099365 279.174988 1.502941 1.617828 3.891248 3.450256 1.658531 12.441058 -1.604441 
82 8 Car 0 1 -1.833156 720.518311 176.461746 767.466370 205.506943 1.439736 1.558252 3.957146 6.950728 1.613272 37.820655 -1.653265 
83 3 Car 0 0 -1.697137 656.166077 180.121140 711.596863 217.661743 1.377451 1.491847 3.318948 2.647049 1.650471 26.820928 -1.600498 
83 4 Car 0 0 -1.847776 728.409973 182.614685 875.445129 269.029266 1.502941 1.617828 3.891248 3.432373 1.653262 13.464528 -1.604418 
83 8 Car 0 1 -1.827256 717.197876 176.351990 760.041077 204.642090 1.439736 1.558252 3.957146 6.912059 1.613183 39.170289 -1.654347 
84 3 Car 0 0 -1.691782 654.508972 179.967392 704.406921 215.914200 1.377451 1.491847 3.318948 2.605756 1.653753 27.958820 -1.600469 
84 4 Car 0 0 -1.830341 722.522827 182.131073 850.096558 261.622650 1.502941 1.617828 3.891248 3.414490 1.647994 14.487998 -1.604396 
84 8 Car 0 2 -1.809788 712.312622 176.664612 750.660400 204.688858 1.439736 1.558252 3.957146 6.836605 1.610228 40.706879 -1.645032 
85 3 Car 0 0 -1.686835 651.398254 179.242767 700.302734 214.366394 1.377451 1.491847 3.318948 2.564464 1.657035 29.096712 -1.600439 
85 4 Car 0 0 -1.815047 711.747986 180.875443 831.708740 255.665787 1.502941 1.617828 3.891248 3.396607 1.642725 15.511468 -1.604373 
85 8 Car 0 2 -1.792889 707.526001 176.151382 739.549866 203.667648 1.439736 1.558252 3.957146 6.761150 1.607272 42.243469 -1.635717 
85 12 Car 0 1 -2.829139 1028.412109 179.197632 1081.274902 213.286743 1.479167 1.355913 3.513019 19.140990 1.791332 32.616252 -2.302856 
86 3 Car 0 0 -1.682251 650.664795 179.402756 695.210083 213.928802 1.377451 1.491847 3.318948 2.523172 1.660317 30.234605 -1.600410 
86 4 Car 0 0 -1.800667 703.460266 180.219284 812.822632 250.072388 1.502941 1.617828 3.891248 3.372780 1.651076 16.579828 -1.604350 
86 8 Car 0 2 -1.776502 704.268433 176.098907 737.251892 204.022629 1.439736 1.558252 3.957146 6.685695 1.604317 43.780059 -1.626402 
86 12 Car 0 1 -2.809796 999.332153 178.925812 1067.220093 211.702454 1.479167 1.355913 3.513019 18.778691 1.774370 33.019826 -2.297003 
87 3 Car 0 0 -1.678266 646.268494 179.177399 691.425903 212.641510 1.377451 1.491847 3.318948 2.494320 1.661262 31.420213 -1.600381 
87 4 Car 0 0 -1.787929 702.051575 179.524063 800.758850 244.564316 1.502941 1.617828 3.891248 3.348952 1.659427 17.648188 -1.604328 
87 5 Car 1 0 -2.386004 1017.628357 207.442322 1240.788574 374.462708 1.691299 1.579093 3.952055 3.651129 1.644366 3.221764 -1.583456 
87 8 Car 0 2 -1.760579 698.821411 175.694992 729.897034 202.908554 1.439736 1.558252 3.957146 6.610241 1.601361 45.316649 -1.617087 
87 12 Car 0 1 -2.790575 988.461304 180.259140 1048.168579 211.656860 1.479167 1.355913 3.513019 18.416392 1.757408 33.423400 -2.291150 
88 3 Car 0 0 -1.674564 645.085327 179.861252 687.496155 211.489426 1.377451 1.491847 3.318948 2.465468 1.662207 32.605822 -1.600352 
88 4 Car 0 0 -1.775763 695.605896 179.710083 786.233032 240.670731 1.502941 1.617828 3.891248 3.325135 1.667668 18.807828 -1.604305 
88 5 Car 1 0 -2.293565 954.551331 185.845612 1242.000000 374.387085 1.691299 1.579093 3.952055 3.650231 1.644784 3.950561 -1.585110 
88 8 Car 0 2 -1.745074 695.503906 175.980835 723.132080 202.160797 1.439736 1.558252 3.957146 6.534786 1.598406 46.853239 -1.607772 
88 12 Car 0 2 -2.771480 983.235413 178.788696 1041.421631 210.920227 1.479167 1.355913 3.513019 18.054092 1.740446 33.826975 -2.285298 
89 3 Car 0 0 -1.671115 642.699829 179.133621 682.186218 209.560211 1.377451 1.491847 3.318948 2.436616 1.663152 33.791431 -1.600323 
89 4 Car 0 0 -1.764944 689.846680 179.189407 774.826172 235.311859 1.502941 1.617828 3.891248 3.301317 1.675908 19.967468 -1.604283 
89 5 Car 1 0 -2.217998 920.658203 178.803879 1242.000000 372.814789 1.691299 1.579093 3.952055 3.649332 1.645201 4.679359 -1.586765 
89 12 Car 0 2 -2.752512 960.790710 179.760147 1029.029663 210.939636 1.479167 1.355913 3.513019 17.691793 1.723484 34.230549 -2.279445 
90 3 Car 0 0 -1.667895 639.361938 178.302185 679.004578 208.832306 1.377451 1.491847 3.318948 2.407764 1.664096 34.977040 -1.600294 
90 4 Car 0 0 -1.754603 686.809509 177.427826 762.212769 230.621368 1.502941 1.617828 3.891248 3.270210 1.673023 21.175191 -1.604260 
90 5 Car 1 0 -2.150418 883.358765 175.169785 1242.000000 372.721741 1.691299 1.579093 3.952055 3.636819 1.645488 5.471020 -1.589392 
90 12 Car 0 1 -2.733675 931.244995 179.857483 1004.127869 209.240692 1.479167 1.355913 3.513019 17.329494 1.706521 34.634123 -2.273593 
91 3 Car 0 0 -1.664445 638.890503 177.628296 675.470459 208.192230 1.377451 1.491847 3.318948 2.365711 1.664980 36.205791 -1.600264 
91 4 Car 0 0 -1.745334 680.767334 177.146164 755.035156 228.116699 1.502941 1.617828 3.891248 3.239103 1.670138 22.382915 -1.604237 
91 5 Car 0 0 -2.095284 853.765320 173.293915 1238.216431 371.220245 1.691299 1.579093 3.952055 3.624306 1.645774 6.262681 -1.592020 
92 3 Car 0 0 -1.661216 638.466736 177.787537 671.981995 205.952011 1.377451 1.491847 3.318948 2.323658 1.665864 37.434543 -1.600235 
92 4 Car 0 0 -1.736979 677.270630 176.546799 743.765991 224.492874 1.502941 1.617828 3.891248 3.207996 1.667253 23.590638 -1.604215 
92 5 Car 0 0 -2.049855 832.134094 167.709473 1213.455322 366.272644 1.691299 1.579093 3.952055 3.611793 1.646060 7.054342 -1.594647 
93 3 Car 0 0 -1.658117 636.181946 176.347427 669.687622 204.431412 1.377451 1.491847 3.318948 2.281610 1.666654 38.710836 -1.600206 
93 4 Car 0 0 -1.729021 668.658508 175.386703 736.508057 223.431961 1.502941 1.617828 3.891248 3.176898 1.664213 24.877471 -1.604192 
93 5 Car 0 0 -2.008951 810.912964 167.796234 1150.677246 351.415100 1.691299 1.579093 3.952055 3.595060 1.646230 7.905167 -1.597274 
94 3 Car 0 0 -1.655212 634.226746 175.812622 666.754761 203.583908 1.377451 1.491847 3.318948 2.239562 1.667444 39.987129 -1.600177 
94 4 Car 0 0 -1.721821 667.811462 177.358658 727.245239 220.425049 1.502941 1.617828 3.891248 3.145799 1.661172 26.164304 -1.604169 
94 5 Car 0 0 -1.974967 791.923828 169.046371 1093.487061 332.828278 1.691299 1.579093 3.952055 3.578327 1.646399 8.755992 -1.599902 
95 3 Car 0 0 -1.652483 633.066589 177.294632 664.796021 201.877686 1.377451 1.491847 3.318948 2.197514 1.668234 41.263422 -1.600148 
95 4 Car 0 0 -1.715277 663.584839 177.349182 722.243652 217.847229 1.502941 1.617828 3.891248 3.114700 1.658132 27.451137 -1.604147 
95 5 Car 0 0 -1.946453 778.937256 169.857895 1022.342407 316.349487 1.691299 1.579093 3.952055 3.561595 1.646568 9.606817 -1.602529 
96 3 Car 0 0 -1.649914 632.658997 176.351929 663.221497 201.556976 1.377451 1.491847 3.318948 2.155466 1.669024 42.539715 -1.600119 
96 4 Car 0 0 -1.708907 662.761047 178.016342 715.986816 215.616135 1.502941 1.617828 3.891248 3.084632 1.660069 28.857365 -1.604124 
96 5 Car 0 0 -1.914726 769.331787 168.334824 980.259155 300.556976 1.691299 1.579093 3.952055 3.528932 1.647742 10.493742 -1.599894 
97 3 Car 0 0 -1.647338 630.899902 176.439163 661.651428 200.210571 1.377451 1.491847 3.318948 2.108204 1.667299 43.873207 -1.600115 
97 4 Car 0 0 -1.703114 658.970764 176.986694 709.105530 213.095627 1.502941 1.617828 3.891248 3.054563 1.662006 30.263592 -1.604101 
97 5 Car 0 0 -1.887803 755.364929 166.304657 943.755310 289.391205 1.691299 1.579093 3.952055 3.515288 1.648874 11.409188 -1.597259 
97 6 Car 1 0 -2.389268 1052.257080 269.925507 1240.544800 369.541992 1.408456 1.569173 3.226245 3.606719 1.632646 3.044157 -1.566915 
98 3 Car 0 0 -1.644912 630.262695 176.892685 658.813965 199.430161 1.377451 1.491847 3.318948 2.060941 1.665573 45.206699 -1.600111 
98 4 Car 0 0 -1.697823 656.481995 177.134232 703.646790 211.268738 1.502941 1.617828 3.891248 3.024494 1.663942 31.669820 -1.604079 
98 5 Car 0 0 -1.864121 744.135681 168.923965 911.103271 280.488190 1.691299 1.579093 3.952055 3.501644 1.650006 12.324634 -1.594624 
98 6 Car 1 0 -2.278684 988.139099 223.190186 1242.000000 373.162842 1.408456 1.569173 3.226245 3.610367 1.630869 3.843777 -1.563033 
99 3 Car 0 0 -1.642623 628.887695 177.175613 655.522156 198.464951 1.377451 1.491847 3.318948 2.013679 1.663847 46.540191 -1.600107 
99 4 Car 0 0 -1.692971 653.965454 177.406509 699.443970 209.815979 1.502941 1.617828 3.891248 2.994426 1.665879 33.076048 -1.604056 
99 5 Car 0 0 -1.846919 732.924438 171.550629 883.787964 270.398560 1.691299 1.579093 3.952055 3.478648 1.651024 13.290039 -1.597354 
99 6 Car 1 0 -2.189465 930.612488 207.753418 1242.000000 369.460388 1.408456 1.569173 3.226245 3.607684 1.628976 4.713126 -1.566887 
99 12 Car 0 1 -2.638771 873.750549 177.888229 921.058655 205.946121 1.479167 1.355913 3.513019 14.879816 1.689455 37.677276 -2.265763 
100 3 Car 0 0 -1.640461 627.778503 179.531479 650.986084 196.816528 1.377451 1.491847 3.318948 1.966417 1.662121 47.873683 -1.600103 
100 4 Car 0 0 -1.687713 654.497742 178.379456 693.117920 207.830231 1.502941 1.617828 3.891248 2.942660 1.669907 34.554426 -1.604034 
100 5 Car 0 0 -1.832196 724.638672 171.232315 862.796814 263.344818 1.691299 1.579093 3.952055 3.455653 1.652043 14.255443 -1.600083 
100 6 Car 1 0 -2.119276 889.736511 200.486862 1242.000000 373.314362 1.408456 1.569173 3.226245 3.605001 1.627082 5.582475 -1.570742 
100 12 Car 0 1 -2.630319 862.637207 177.721420 915.490723 205.194763 1.479167 1.355913 3.513019 14.660066 1.677765 37.968462 -2.264893 
101 3 Car 0 0 -1.638415 627.072144 178.166779 648.457092 196.253189 1.377451 1.491847 3.318948 1.919154 1.660395 49.207175 -1.600099 
101 4 Car 0 0 -1.682877 651.965576 175.660172 688.928040 207.002121 1.502941 1.617828 3.891248 2.890895 1.673935 36.032804 -1.604011 
101 5 Car 0 0 -1.819526 721.802307 170.721649 843.009155 259.389740 1.691299 1.579093 3.952055 3.432657 1.653061 15.220848 -1.602813 
101 6 Car 0 0 -2.057333 860.548279 199.504044 1242.000000 374.653900 1.408456 1.569173 3.226245 3.601794 1.625122 6.487216 -1.570728 
101 12 Car 0 1 -2.614211 856.326416 177.331894 916.742554 205.640030 1.479167 1.355913 3.513019 14.480406 1.677985 38.232322 -2.255155 
102 4 Car 0 0 -1.678440 649.787598 177.238205 685.493896 204.302994 1.502941 1.617828 3.891248 2.840652 1.678014 37.518787 -1.603988 
102 5 Car 0 0 -1.807890 711.039490 171.303253 825.553406 251.320404 1.691299 1.579093 3.952055 3.406497 1.654111 16.227983 -1.605542 
102 6 Car 0 0 -2.007045 835.875488 193.178131 1155.140015 359.043121 1.408456 1.569173 3.226245 3.598586 1.623163 7.391957 -1.570714 
102 10 Car 1 1 -2.380142 1135.920044 223.078537 1241.102661 310.913422 1.448468 1.606648 4.202972 7.534664 1.625066 7.283213 -1.598477 
102 12 Car 0 1 -2.598160 837.961304 178.046875 912.136414 205.540146 1.479167 1.355913 3.513019 14.300747 1.678205 38.496182 -2.245416 
103 4 Car 0 0 -1.673866 647.872314 176.571182 681.728149 203.554779 1.502941 1.617828 3.891248 2.776725 1.681938 39.073233 -1.603966 
103 5 Car 0 0 -1.797834 703.424316 173.031555 810.965637 245.357391 1.691299 1.579093 3.952055 3.380337 1.655162 17.235118 -1.608272 
103 6 Car 0 0 -1.965601 815.202637 192.444305 1071.236816 335.367340 1.408456 1.569173 3.226245 3.595379 1.621203 8.296698 -1.570700 
103 10 Car 1 0 -2.320051 1083.536743 195.914444 1239.568726 306.239197 1.448468 1.606648 4.202972 7.520849 1.624174 8.232296 -1.598162 
103 12 Car 0 1 -2.582165 834.679810 178.133728 905.649475 205.875793 1.479167 1.355913 3.513019 14.121087 1.678425 38.760042 -2.235678 
104 4 Car 0 0 -1.669635 643.383911 175.607376 677.345398 202.558899 1.502941 1.617828 3.891248 2.712797 1.685861 40.627680 -1.603943 
104 5 Car 0 0 -1.788910 697.505371 171.595642 796.207336 241.017700 1.691299 1.579093 3.952055 3.360521 1.656015 18.299303 -1.611001 
104 6 Car 0 0 -1.927581 790.835693 191.723526 1017.140320 317.283813 1.408456 1.569173 3.226245 3.582295 1.626402 9.272905 -1.570687 
104 10 Car 1 0 -2.266916 1042.237915 191.040939 1242.000000 315.789978 1.448468 1.606648 4.202972 7.507034 1.623282 9.181379 -1.597847 
104 12 Car 0 1 -2.566226 828.566284 178.024063 908.409973 200.008163 1.479167 1.355913 3.513019 13.941427 1.678645 39.023902 -2.225940 
105 4 Car 0 0 -1.665886 640.814392 175.898941 673.001831 201.590149 1.502941 1.617828 3.891248 2.656344 1.677226 42.183778 -1.603920 
105 5 Car 0 0 -1.781206 694.747253 172.188324 782.964478 236.254135 1.691299 1.579093 3.952055 3.340705 1.656867 19.363488 -1.613731 
105 6 Car 0 0 -1.895780 779.122864 188.937897 965.918518 301.245819 1.408456 1.569173 3.226245 3.569211 1.631601 10.249111 -1.570673 
105 10 Car 0 0 -2.217770 1006.335388 187.022873 1242.000000 300.688385 1.448468 1.606648 4.202972 7.493223 1.622244 10.176102 -1.597532 
106 4 Car 0 0 -1.662399 639.072937 175.340378 670.051880 199.960464 1.502941 1.617828 3.891248 2.599890 1.668591 43.739875 -1.603898 
106 5 Car 0 1 -1.772622 690.197754 171.865341 772.878784 232.486984 1.691299 1.579093 3.952055 3.308806 1.658603 20.393139 -1.614851 
106 6 Car 0 0 -1.868838 775.062866 189.876236 928.547668 291.069794 1.408456 1.569173 3.226245 3.556127 1.636799 11.225317 -1.570659 
106 10 Car 0 0 -2.174344 972.444153 183.102051 1239.923828 292.675201 1.448468 1.606648 4.202972 7.479411 1.621206 11.170826 -1.597217 
106 12 Car 0 2 -2.534516 829.166138 177.078842 912.338745 200.328995 1.479167 1.355913 3.513019 13.582108 1.679085 39.551622 -2.206463 
107 4 Car 0 0 -1.659147 637.628967 175.415466 666.639282 198.318649 1.502941 1.617828 3.891248 2.543437 1.659956 45.295973 -1.603875 
107 5 Car 0 1 -1.764420 685.024780 171.405334 762.729492 228.559464 1.691299 1.579093 3.952055 3.276914 1.660187 21.498857 -1.615971 
107 6 Car 0 0 -1.847328 755.331787 189.116669 897.895569 279.197784 1.408456 1.569173 3.226245 3.541877 1.636586 12.189143 -1.572045 
107 10 Car 0 0 -2.135912 948.930969 180.842209 1202.275757 281.612793 1.448468 1.606648 4.202972 7.461797 1.620224 12.156675 -1.596901 
107 12 Car 0 2 -2.520825 842.083313 177.075592 890.571167 199.941010 1.479167 1.355913 3.513019 13.466103 1.668332 39.729137 -2.196724 
108 4 Car 0 0 -1.656107 635.342041 175.535248 663.342285 197.368515 1.502941 1.617828 3.891248 2.486983 1.651321 46.852070 -1.603853 
108 5 Car 0 1 -1.757460 679.225281 173.309540 747.189819 226.436920 1.691299 1.579093 3.952055 3.253079 1.661787 22.601523 -1.617091 
108 6 Car 0 0 -1.827657 743.578369 186.239578 877.109009 268.275726 1.408456 1.569173 3.226245 3.527633 1.636247 13.219527 -1.573430 
108 10 Car 0 0 -2.101635 919.743286 182.336197 1150.675903 270.909729 1.448468 1.606648 4.202972 7.444182 1.619243 13.142525 -1.596586 
108 12 Car 0 2 -2.507159 831.778931 176.072052 887.743652 204.783005 1.479167 1.355913 3.513019 13.350098 1.657578 39.906652 -2.186986 
109 4 Car 0 0 -1.653259 631.755005 174.361099 661.634766 196.986664 1.502941 1.617828 3.891248 2.430530 1.642686 48.408168 -1.603830 
109 5 Car 0 1 -1.751227 673.820435 170.958664 741.055176 223.360580 1.691299 1.579093 3.952055 3.229244 1.663387 23.704189 -1.618212 
109 6 Car 0 0 -1.810784 735.303223 184.695374 852.297913 262.260223 1.408456 1.569173 3.226245 3.513389 1.635908 14.249911 -1.574815 
109 10 Car 0 0 -2.070937 901.953979 182.502716 1102.336792 262.810974 1.448468 1.606648 4.202972 7.426567 1.618261 14.128374 -1.596271 
109 12 Car 0 1 -2.493517 830.709656 175.825912 883.568542 204.216492 1.479167 1.355913 3.513019 13.234092 1.646824 40.084167 -2.177248 
110 4 Car 0 0 -1.650205 631.229614 174.260132 658.367249 196.281952 1.502941 1.617828 3.891248 2.355630 1.641041 49.973505 -1.603803 
110 5 Car 0 1 -1.744971 668.834900 173.439651 737.432739 221.718353 1.691299 1.579093 3.952055 3.195906 1.664864 24.863908 -1.619332 
110 6 Car 0 0 -1.796384 727.214966 185.474442 834.564758 256.581207 1.408456 1.569173 3.226245 3.499144 1.635576 15.266561 -1.576200 
110 10 Car 0 0 -2.041919 886.077515 182.049606 1063.781250 258.119354 1.448468 1.606648 4.202972 7.408958 1.617145 15.170006 -1.595956 
110 12 Car 0 1 -2.479899 819.618713 177.247162 881.240723 203.098190 1.479167 1.355913 3.513019 13.118087 1.636071 40.261682 -2.167509 
111 4 Car 0 0 -1.647333 630.708252 174.704544 656.332520 195.543060 1.502941 1.617828 3.891248 2.280730 1.639397 51.538842 -1.603776 
111 5 Car 0 1 -1.736776 667.313721 173.080597 730.947815 219.956512 1.691299 1.579093 3.952055 3.156612 1.664548 25.978650 -1.617895 
111 6 Car 0 0 -1.782911 717.540405 184.109482 816.909729 249.976624 1.408456 1.569173 3.226245 3.484907 1.635081 16.359278 -1.577586 
111 10 Car 0 0 -2.015861 869.354004 182.314163 1030.865967 252.048035 1.448468 1.606648 4.202972 7.391348 1.616028 16.211638 -1.595641 
111 12 Car 0 1 -2.475486 810.186340 177.235153 875.746094 202.021286 1.479167 1.355913 3.513019 13.018066 1.634986 40.407301 -2.166372 
112 4 Car 0 0 -1.644627 629.501526 175.545242 654.067993 194.913162 1.502941 1.617828 3.891248 2.205831 1.637752 53.104179 -1.603749 
112 5 Car 0 1 -1.729121 664.387878 172.710190 727.032104 216.090591 1.691299 1.579093 3.952055 3.117318 1.664231 27.093392 -1.616458 
112 6 Car 0 0 -1.771193 710.367065 182.012360 804.065918 244.526993 1.408456 1.569173 3.226245 3.470669 1.634586 17.451995 -1.578971 
112 10 Car 0 0 -1.992357 855.974548 181.197189 997.926575 245.683121 1.448468 1.606648 4.202972 7.373739 1.614911 17.253270 -1.595326 
112 12 Car 0 1 -2.471090 808.614197 177.232971 872.673828 201.991180 1.479167 1.355913 3.513019 12.918045 1.633902 40.552920 -2.165234 
113 4 Car 0 0 -1.642073 628.122253 174.695282 652.062744 193.873764 1.502941 1.617828 3.891248 2.130931 1.636108 54.669516 -1.603722 
113 5 Car 0 1 -1.721807 662.745178 172.671234 722.230164 214.136642 1.691299 1.579093 3.952055 3.078027 1.663810 28.245112 -1.615021 
113 6 Car 0 0 -1.760292 703.083923 182.262054 789.575806 239.616882 1.408456 1.569173 3.226245 3.451187 1.637210 18.584826 -1.580356 
113 10 Car 0 0 -1.973201 837.704102 180.685425 979.031250 241.185593 1.448468 1.606648 4.202972 7.363332 1.613800 18.316223 -1.597203 
113 12 Car 0 1 -2.466710 806.504028 176.580261 865.785767 202.176392 1.479167 1.355913 3.513019 12.818023 1.632817 40.698538 -2.164096 
114 4 Car 0 0 -1.639658 627.266785 175.966415 648.935608 193.319534 1.502941 1.617828 3.891248 2.056031 1.634463 56.234853 -1.603694 
114 5 Car 0 1 -1.714942 657.163513 172.314667 713.071594 213.403229 1.691299 1.579093 3.952055 3.038737 1.663389 29.396831 -1.613584 
114 6 Car 0 0 -1.750736 699.469238 180.579498 778.392639 236.448868 1.408456 1.569173 3.226245 3.431705 1.639834 19.717657 -1.581741 
114 10 Car 0 0 -1.956018 829.260986 179.778351 952.069458 238.082413 1.448468 1.606648 4.202972 7.352924 1.612688 19.379175 -1.599079 
114 12 Car 0 1 -2.462347 804.430908 176.591324 856.144592 201.861359 1.479167 1.355913 3.513019 12.718002 1.631733 40.844157 -2.162958 
115 5 Car 0 1 -1.708478 656.790283 171.917038 710.428772 212.396835 1.691299 1.579093 3.952055 2.999446 1.662968 30.548551 -1.612147 
115 6 Car 0 0 -1.742318 694.549500 181.284134 766.975891 231.947723 1.408456 1.569173 3.226245 3.412224 1.642457 20.850488 -1.583127 
115 10 Car 0 0 -1.940555 816.903870 179.274200 931.680786 234.547653 1.448468 1.606648 4.202972 7.342517 1.611576 20.442127 -1.600955 
115 12 Car 0 1 -2.460878 803.519897 176.647690 850.158936 202.251450 1.479167 1.355913 3.513019 12.709880 1.630895 40.866145 -2.161821 
116 5 Car 0 1 -1.706218 654.903259 174.504745 699.714539 211.319534 1.691299 1.579093 3.952055 2.955029 1.665744 31.701538 -1.614720 
116 6 Car 0 0 -1.734871 688.710693 180.633286 757.825439 229.184219 1.408456 1.569173 3.226245 3.392742 1.645081 21.983319 -1.584512 
116 10 Car 0 0 -1.925925 808.958618 177.975906 911.380432 230.808838 1.448468 1.606648 4.202972 7.322693 1.610388 21.525729 -1.602832 
117 5 Car 0 1 -1.704291 654.643982 174.154022 697.090576 209.570099 1.691299 1.579093 3.952055 2.910612 1.668521 32.854526 -1.617294 
117 6 Car 0 0 -1.727517 686.750366 180.166718 748.123840 226.632568 1.408456 1.569173 3.226245 3.358320 1.646392 23.135593 -1.585897 
117 10 Car 0 0 -1.912698 800.286133 177.239014 894.649597 226.583923 1.448468 1.606648 4.202972 7.302870 1.609199 22.609330 -1.604708 
118 5 Car 0 1 -1.702663 652.307373 174.297211 690.672668 208.299164 1.691299 1.579093 3.952055 2.866195 1.671298 34.007513 -1.619867 
118 6 Car 0 0 -1.720964 680.779114 178.751312 740.920715 223.766205 1.408456 1.569173 3.226245 3.323899 1.647703 24.287868 -1.587283 
118 10 Car 0 0 -1.900708 788.542603 177.419235 879.301392 224.305344 1.448468 1.606648 4.202972 7.283047 1.608011 23.692932 -1.606584 
119 5 Car 0 1 -1.701212 649.352966 174.269089 687.745117 206.385117 1.691299 1.579093 3.952055 2.821783 1.674001 35.202759 -1.622441 
119 6 Car 0 0 -1.714975 676.129578 177.371201 733.406433 221.898285 1.408456 1.569173 3.226245 3.293921 1.648898 25.502262 -1.588668 
119 10 Car 0 0 -1.889371 783.574524 178.113312 864.750366 222.357529 1.448468 1.606648 4.202972 7.256887 1.606813 24.796185 -1.608461 
120 5 Car 0 1 -1.700021 646.103210 174.393250 686.153625 205.814148 1.691299 1.579093 3.952055 2.777371 1.676705 36.398006 -1.625015 
120 6 Car 0 0 -1.709637 676.592468 177.990891 726.807068 218.792801 1.408456 1.569173 3.226245 3.263943 1.650093 26.716657 -1.590053 
120 10 Car 0 0 -1.879059 774.562805 176.645035 853.413513 220.709915 1.448468 1.606648 4.202972 7.230727 1.605615 25.899439 -1.610337 
121 5 Car 0 1 -1.696638 649.018250 174.973831 681.014282 205.434647 1.691299 1.579093 3.952055 2.739356 1.676155 37.614372 -1.625031 
121 6 Car 0 0 -1.704868 674.057129 178.027695 721.237610 216.203781 1.408456 1.569173 3.226245 3.233965 1.651288 27.931051 -1.591438 
121 10 Car 0 0 -1.869659 766.053833 177.880005 842.128845 217.158096 1.448468 1.606648 4.202972 7.204567 1.604417 27.002692 -1.612213 
122 5 Car 0 1 -1.693464 646.175476 174.037918 673.757690 202.890060 1.691299 1.579093 3.952055 2.701341 1.675605 38.830738 -1.625047 
122 6 Car 0 0 -1.700599 669.290649 177.797470 714.270081 215.010849 1.408456 1.569173 3.226245 3.203987 1.652483 29.145446 -1.592824 
122 10 Car 0 0 -1.860066 758.614563 177.343246 831.812134 215.470734 1.448468 1.606648 4.202972 7.168274 1.603051 28.187085 -1.614090 
122 12 Car 0 1 -2.451110 824.772888 177.361908 865.013123 203.887741 1.479167 1.355913 3.513019 12.662032 1.628864 40.975381 -2.153857 
123 5 Car 0 1 -1.690482 643.296387 174.549454 673.474304 201.851074 1.691299 1.579093 3.952055 2.663327 1.675055 40.047104 -1.625064 
123 6 Car 0 0 -1.696773 665.179626 177.994934 710.675781 212.883743 1.408456 1.569173 3.226245 3.174009 1.653678 30.359840 -1.594209 
123 10 Car 0 0 -1.850072 751.867065 177.344589 822.164368 214.739334 1.448468 1.606648 4.202972 7.133358 1.608077 29.299022 -1.614112 
123 12 Car 0 1 -2.449894 814.717224 177.146484 862.326477 203.309723 1.479167 1.355913 3.513019 12.658412 1.629945 40.975027 -2.152719 
124 5 Car 0 1 -1.687136 642.338684 174.261673 667.755371 201.332214 1.691299 1.579093 3.952055 2.606221 1.682244 41.315794 -1.625080 
124 6 Car 0 0 -1.693181 663.058350 177.438217 705.496094 211.791992 1.408456 1.569173 3.226245 3.140194 1.651131 31.587146 -1.595594 
124 10 Car 0 0 -1.840760 748.752075 176.859055 812.791870 212.812637 1.448468 1.606648 4.202972 7.098443 1.613103 30.410959 -1.614134 
124 12 Car 0 1 -2.448678 808.204285 176.731247 861.908142 203.295059 1.479167 1.355913 3.513019 12.654793 1.631026 40.974674 -2.151581 
125 5 Car 0 1 -1.683988 639.634155 173.721619 665.692444 200.938095 1.691299 1.579093 3.952055 2.549116 1.689433 42.584485 -1.625096 
125 6 Car 0 0 -1.689954 659.713684 177.931854 700.713928 210.827591 1.408456 1.569173 3.226245 3.106378 1.648584 32.814453 -1.596979 
125 10 Car 0 0 -1.831735 741.354919 176.902069 803.017517 211.519058 1.448468 1.606648 4.202972 7.055922 1.618096 31.538111 -1.614156 
125 12 Car 0 1 -2.447462 805.657288 177.202942 860.878967 202.903381 1.479167 1.355913 3.513019 12.651174 1.632107 40.974320 -2.150443 
126 5 Car 0 1 -1.681021 639.166321 174.455719 663.455627 199.550705 1.691299 1.579093 3.952055 2.492011 1.696622 43.853175 -1.625113 
126 6 Car 0 0 -1.687053 657.395264 178.050964 696.111572 210.270096 1.408456 1.569173 3.226245 3.072562 1.646036 34.041759 -1.598365 
126 10 Car 0 0 -1.823297 737.305054 177.109192 796.439636 209.942917 1.448468 1.606648 4.202972 7.013402 1.623089 32.665263 -1.614178 
126 12 Car 0 1 -2.446246 803.248352 176.839462 863.450134 202.096512 1.479167 1.355913 3.513019 12.647554 1.633188 40.973967 -2.149306 
127 5 Car 0 1 -1.678219 635.952271 174.337906 660.586548 199.384933 1.691299 1.579093 3.952055 2.434905 1.703811 45.121866 -1.625129 
127 6 Car 0 0 -1.683322 655.508972 177.906189 693.021606 207.452530 1.408456 1.569173 3.226245 3.037437 1.646623 35.151658 -1.598385 
127 10 Car 0 0 -1.816882 733.419739 177.272736 788.809875 208.380707 1.448468 1.606648 4.202972 6.965703 1.617606 33.817247 -1.615976 
127 12 Car 0 1 -2.445031 801.297363 177.442795 862.044617 202.352615 1.479167 1.355913 3.513019 12.643935 1.634269 40.973613 -2.148168 
128 5 Car 0 1 -1.675445 634.214050 173.994690 659.781433 199.241104 1.691299 1.579093 3.952055 2.373059 1.692712 46.416384 -1.625145 
128 6 Car 0 0 -1.679544 652.317505 177.824371 689.597229 207.487000 1.408456 1.569173 3.226245 3.002323 1.646903 36.385167 -1.598406 
128 10 Car 0 0 -1.810979 727.084717 175.762146 781.947205 208.216232 1.448468 1.606648 4.202972 6.918004 1.612122 34.969231 -1.617774 
128 12 Car 0 1 -2.443815 802.414856 176.952682 862.417236 202.461426 1.479167 1.355913 3.513019 12.640316 1.635350 40.973259 -2.147030 
129 5 Car 0 1 -1.672821 632.957092 173.802017 657.122437 198.367508 1.691299 1.579093 3.952055 2.311213 1.681614 47.710903 -1.625162 
129 6 Car 0 0 -1.676011 650.116028 176.626373 686.135254 205.989212 1.408456 1.569173 3.226245 2.967209 1.647184 37.618675 -1.598427 
129 10 Car 0 0 -1.805542 723.791992 175.945618 774.870667 206.739288 1.448468 1.606648 4.202972 6.870305 1.606638 36.121214 -1.619572 
129 12 Car 0 1 -2.442599 802.219543 177.019745 861.204224 202.386993 1.479167 1.355913 3.513019 12.636696 1.636431 40.972906 -2.145893 
130 5 Car 0 1 -1.670335 631.928040 174.205063 652.762573 196.317352 1.691299 1.579093 3.952055 2.249367 1.670515 49.005421 -1.625178 
130 6 Car 0 0 -1.672303 647.319824 174.820175 682.277344 205.047119 1.408456 1.569173 3.226245 2.917568 1.657885 38.865525 -1.598447 
130 10 Car 0 0 -1.796901 719.960205 175.330841 768.730042 205.884155 1.448468 1.606648 4.202972 6.825325 1.624522 37.303266 -1.617818 
130 12 Car 0 1 -2.441383 801.315979 177.594864 862.538086 202.789886 1.479167 1.355913 3.513019 12.633077 1.637511 40.972552 -2.144755 
131 5 Car 0 1 -1.663804 631.487427 174.635406 651.791382 195.894165 1.691299 1.579093 3.952055 2.218452 1.668124 50.377582 -1.620480 
131 6 Car 0 0 -1.668823 645.851868 177.072311 679.509949 203.675385 1.408456 1.569173 3.226245 2.867927 1.668587 40.112374 -1.598468 
131 10 Car 0 0 -1.788664 715.138672 176.693268 762.855530 204.627869 1.448468 1.606648 4.202972 6.780346 1.642407 38.485318 -1.616064 
131 12 Car 0 1 -2.441007 801.308167 177.588882 860.350159 202.690353 1.479167 1.355913 3.513019 12.621925 1.626559 40.994242 -2.144770 
132 5 Car 0 1 -1.657370 630.175049 174.331497 649.482239 195.644012 1.691299 1.579093 3.952055 2.187537 1.665732 51.749742 -1.615782 
132 6 Car 0 0 -1.665551 643.117859 177.780823 676.782288 203.338898 1.408456 1.569173 3.226245 2.818286 1.679288 41.359223 -1.598489 
132 10 Car 0 0 -1.780797 711.270996 176.330856 757.354187 203.933121 1.448468 1.606648 4.202972 6.735367 1.660291 39.667370 -1.614310 
132 12 Car 0 1 -2.440632 801.789185 177.288528 859.217712 202.394531 1.479167 1.355913 3.513019 12.610772 1.615607 41.015931 -2.144785 
133 5 Car 0 1 -1.651024 628.450195 174.224655 646.714722 194.862427 1.691299 1.579093 3.952055 2.156622 1.663341 53.121903 -1.611085 
133 6 Car 0 0 -1.662582 643.608093 178.784683 672.528076 201.840683 1.408456 1.569173 3.226245 2.775742 1.668428 42.645001 -1.598510 
133 10 Car 0 0 -1.776026 708.239502 175.516251 751.448059 203.310989 1.448468 1.606648 4.202972 6.684005 1.648980 40.883310 -1.615585 
133 12 Car 0 1 -2.440257 801.299011 176.760651 858.534241 202.501190 1.479167 1.355913 3.513019 12.599620 1.604655 41.037620 -2.144800 
134 5 Car 0 1 -1.644761 626.927673 173.951904 645.788147 195.706863 1.691299 1.579093 3.952055 2.125707 1.660949 54.494063 -1.606387 
134 6 Car 0 0 -1.659785 641.144226 178.824265 669.842712 200.014175 1.408456 1.569173 3.226245 2.733197 1.657568 43.930779 -1.598530 
134 10 Car 0 0 -1.771592 704.978333 175.417450 746.666260 201.973999 1.448468 1.606648 4.202972 6.632644 1.637669 42.099251 -1.616860 
134 12 Car 0 1 -2.439883 801.685791 176.623947 850.201660 201.714661 1.479167 1.355913 3.513019 12.588467 1.593703 41.059309 -2.144815 
135 5 Car 0 1 -1.638574 625.928101 174.251862 644.659546 195.248001 1.691299 1.579093 3.952055 2.094792 1.658558 55.866223 -1.601689 
135 6 Car 0 0 -1.657147 640.737366 177.010345 667.921509 199.516983 1.408456 1.569173 3.226245 2.690653 1.646708 45.216556 -1.598551 
135 10 Car 0 0 -1.767466 701.657959 175.086700 742.067017 201.433624 1.448468 1.606648 4.202972 6.581283 1.626358 43.315191 -1.618135 
136 6 Car 0 0 -1.654654 639.384766 179.372726 664.698547 198.178787 1.408456 1.569173 3.226245 2.648108 1.635848 46.502334 -1.598572 
136 10 Car 0 0 -1.763979 698.650757 174.819199 737.370239 200.626251 1.448468 1.606648 4.202972 6.543261 1.624205 44.510636 -1.619409 
137 6 Car 0 0 -1.652514 636.551819 177.508987 662.705200 197.751846 1.408456 1.569173 3.226245 2.618566 1.633523 47.826298 -1.598587 
137 10 Car 0 0 -1.760734 695.127563 175.036850 732.591125 199.561188 1.448468 1.606648 4.202972 6.505239 1.622052 45.706080 -1.620684 
138 6 Car 0 0 -1.650488 634.219116 175.240952 660.937866 197.238831 1.408456 1.569173 3.226245 2.589024 1.631197 49.150262 -1.598601 
138 10 Car 0 0 -1.757712 691.438110 175.172684 729.614929 198.648148 1.448468 1.606648 4.202972 6.467217 1.619900 46.901525 -1.621959 
139 6 Car 0 0 -1.648569 630.751282 175.642120 657.744934 196.548462 1.408456 1.569173 3.226245 2.559482 1.628872 50.474226 -1.598616 
139 10 Car 0 0 -1.754363 689.504761 174.442215 724.453735 197.195999 1.448468 1.606648 4.202972 6.407224 1.617694 48.129937 -1.623234 
140 6 Car 0 0 -1.646748 632.581177 177.107880 655.590271 195.882431 1.408456 1.569173 3.226245 2.529940 1.626546 51.798190 -1.598631 
140 10 Car 0 0 -1.751238 686.329834 175.290939 721.046082 197.836761 1.448468 1.606648 4.202972 6.347232 1.615487 49.358348 -1.624508 
141 6 Car 0 0 -1.645017 631.973938 176.959732 653.939697 194.802322 1.408456 1.569173 3.226245 2.500397 1.624221 53.122154 -1.598646 
141 10 Car 0 0 -1.748321 683.842590 174.262253 717.573730 196.348282 1.448468 1.606648 4.202972 6.287239 1.613281 50.586760 -1.625783 
142 10 Car 0 0 -1.745664 680.971741 175.170181 713.249939 195.831436 1.448468 1.606648 4.202972 6.234856 1.610986 51.849400 -1.627058 
143 10 Car 0 0 -1.743189 678.717957 174.299667 710.535889 195.116531 1.448468 1.606648 4.202972 6.182473 1.608691 53.112041 -1.628333 
144 10 Car 0 0 -1.740885 676.978760 173.993317 706.926025 195.019958 1.448468 1.606648 4.202972 6.130090 1.606395 54.374681 -1.629608 
144 12 Car 0 1 -2.457786 821.021179 177.490768 858.917786 203.141083 1.479167 1.355913 3.513019 12.633908 1.596223 40.996361 -2.161288 
145 10 Car 0 0 -1.738711 674.722961 173.534256 704.292664 194.103241 1.448468 1.606648 4.202972 6.077709 1.604079 55.652534 -1.630882 
145 12 Car 0 1 -2.459817 812.137329 176.951340 858.151733 202.808975 1.479167 1.355913 3.513019 12.640197 1.597720 40.986957 -2.163116 
146 10 Car 0 0 -1.736688 672.570984 174.221085 701.290039 193.267349 1.448468 1.606648 4.202972 6.025327 1.601762 56.930388 -1.632157 
146 12 Car 0 1 -2.457520 807.663208 176.896561 857.534119 203.463287 1.479167 1.355913 3.513019 12.624185 1.609936 41.007690 -2.161318 
147 10 Car 0 0 -1.734807 672.048828 176.196121 696.991821 192.822250 1.448468 1.606648 4.202972 5.972946 1.599445 58.208241 -1.633432 
147 12 Car 0 1 -2.455223 801.640930 177.490219 857.902710 202.935074 1.479167 1.355913 3.513019 12.608173 1.622152 41.028423 -2.159520 
148 10 Car 0 0 -1.728470 668.709412 173.545273 694.881897 192.132919 1.448468 1.606648 4.202972 5.915060 1.596093 59.522452 -1.630268 
148 12 Car 0 1 -2.452926 800.882507 176.395813 854.901611 203.071854 1.479167 1.355913 3.513019 12.592161 1.634367 41.049156 -2.157721 
149 10 Car 0 0 -1.722267 666.884705 173.664917 692.457886 192.568787 1.448468 1.606648 4.202972 5.857175 1.592741 60.836662 -1.627104 
149 12 Car 0 1 -2.450630 800.731750 176.677521 854.100586 202.576859 1.479167 1.355913 3.513019 12.576149 1.646583 41.069889 -2.155923 
150 10 Car 0 0 -1.716191 664.322449 174.507111 690.998230 191.493103 1.448468 1.606648 4.202972 5.799289 1.589389 62.150873 -1.623940 
150 12 Car 0 1 -2.448335 799.052124 176.724548 852.501892 202.674591 1.479167 1.355913 3.513019 12.560137 1.658798 41.090623 -2.154124 
151 10 Car 0 0 -1.710233 662.722046 175.435471 687.530762 191.274399 1.448468 1.606648 4.202972 5.741403 1.586037 63.465084 -1.620776 
151 12 Car 0 1 -2.445373 798.245911 176.518921 855.157104 202.964081 1.479167 1.355913 3.513019 12.523161 1.641541 41.142969 -2.152326 
152 10 Car 0 0 -1.704387 661.330017 176.306732 685.477051 191.148438 1.448468 1.606648 4.202972 5.683518 1.582685 64.779294 -1.617611 
152 12 Car 0 1 -2.442413 796.720032 176.724442 857.925964 203.114517 1.479167 1.355913 3.513019 12.486186 1.624283 41.195316 -2.150527 
153 12 Car 0 1 -2.439456 796.422791 177.121460 858.691467 203.370560 1.479167 1.355913 3.513019 12.449210 1.607025 41.247662 -2.148729 
154 12 Car 0 1 -2.436501 794.571289 177.016174 859.155640 203.629898 1.479167 1.355913 3.513019 12.412234 1.589768 41.300009 -2.146931 
155 12 Car 0 1 -2.433548 793.522888 177.144043 858.773193 202.900757 1.479167 1.355913 3.513019 12.375259 1.572510 41.352356 -2.145132 
156 12 Car 0 1 -2.432108 792.143372 177.481674 856.898621 202.279739 1.479167 1.355913 3.513019 12.294843 1.591122 41.484975 -2.146335 
157 12 Car 0 0 -2.430680 791.147949 177.248001 854.178345 201.594559 1.479167 1.355913 3.513019 12.214427 1.609733 41.617594 -2.147537 
158 12 Car 0 0 -2.429266 788.976440 177.491455 852.015564 201.740128 1.479167 1.355913 3.513019 12.134012 1.628345 41.750213 -2.148740 
159 12 Car 0 0 -2.427863 789.239441 176.582993 850.508606 202.298523 1.479167 1.355913 3.513019 12.053596 1.646957 41.882832 -2.149943 
160 12 Car 0 0 -2.426474 785.032166 177.529739 847.593933 201.824738 1.479167 1.355913 3.513019 11.973180 1.665568 42.015451 -2.151145 
161 12 Car 0 0 -2.423530 782.070557 177.063492 844.557495 201.916519 1.479167 1.355913 3.513019 11.842936 1.655927 42.227870 -2.152348 
162 12 Car 0 0 -2.420619 779.509460 176.059006 843.256775 201.455078 1.479167 1.355913 3.513019 11.712691 1.646285 42.440288 -2.153551 
163 12 Car 0 0 -2.417739 776.263123 176.309311 840.222168 201.403839 1.479167 1.355913 3.513019 11.582447 1.636643 42.652707 -2.154753 
164 12 Car 0 0 -2.414890 772.844238 176.264587 834.242615 200.812195 1.479167 1.355913 3.513019 11.452203 1.627002 42.865125 -2.155956 
165 12 Car 0 0 -2.412072 770.167053 175.898270 832.801331 201.004974 1.479167 1.355913 3.513019 11.321958 1.617360 43.077544 -2.157159 
166 12 Car 0 0 -2.391643 766.990356 175.964111 830.625793 200.715973 1.479167 1.355913 3.513019 11.168268 1.623630 43.345247 -2.141533 
167 12 Car 0 0 -2.371261 763.354919 175.833939 822.900513 200.348389 1.479167 1.355913 3.513019 11.014578 1.629900 43.612950 -2.125907 
168 12 Car 0 0 -2.350925 759.544250 175.497971 818.699341 200.548309 1.479167 1.355913 3.513019 10.860888 1.636171 43.880653 -2.110281 
169 12 Car 0 0 -2.330636 755.442383 175.630722 814.659912 200.309082 1.479167 1.355913 3.513019 10.707198 1.642441 44.148355 -2.094655 
170 12 Car 0 0 -2.309402 751.663147 175.999405 809.664429 199.713577 1.479167 1.355913 3.513019 10.528834 1.637379 44.510548 -2.079029 
171 12 Car 0 0 -2.288243 748.863342 176.164963 803.165466 199.471436 1.479167 1.355913 3.513019 10.350470 1.632316 44.872741 -2.063403 
172 12 Car 0 0 -2.267159 745.001648 175.804199 800.929077 199.596924 1.479167 1.355913 3.513019 10.172107 1.627254 45.234934 -2.047777 
173 12 Car 0 0 -2.246148 741.363159 175.975266 795.494995 200.059570 1.479167 1.355913 3.513019 9.993743 1.622192 45.597126 -2.032151 
174 12 Car 0 0 -2.224798 739.008484 175.252258 791.279358 199.329895 1.479167 1.355913 3.513019 9.803974 1.617070 45.999257 -2.016525 
175 12 Car 0 0 -2.203534 734.653198 175.360458 786.987610 199.026321 1.479167 1.355913 3.513019 9.614205 1.611948 46.401387 -2.000899 
176 12 Car 0 0 -2.185252 731.571777 175.388428 783.377930 198.638977 1.479167 1.355913 3.513019 9.431713 1.624111 46.856993 -1.988247 
177 12 Car 0 0 -2.167066 728.450134 175.510086 772.606201 197.707550 1.479167 1.355913 3.513019 9.249220 1.636274 47.312599 -1.975595 
178 12 Car 0 0 -2.148974 723.819580 175.772659 772.281860 198.345795 1.479167 1.355913 3.513019 9.066727 1.648437 47.768206 -1.962943 
179 12 Car 0 0 -2.131229 720.343445 176.269501 767.966797 198.466003 1.479167 1.355913 3.513019 8.904523 1.660531 48.264376 -1.950291 
180 12 Car 0 0 -2.113578 720.143982 176.031631 763.550232 198.340912 1.479167 1.355913 3.513019 8.742319 1.672625 48.760546 -1.937639 
181 12 Car 0 0 -2.096019 714.933960 175.942810 759.766602 198.082565 1.479167 1.355913 3.513019 8.580114 1.684719 49.256717 -1.924987 
182 12 Car 0 0 -2.078685 711.497864 175.616623 754.497253 197.923721 1.479167 1.355913 3.513019 8.420374 1.690329 49.726331 -1.912334 
183 12 Car 0 0 -2.061431 708.460571 176.306000 751.238892 197.952438 1.479167 1.355913 3.513019 8.260633 1.695939 50.195946 -1.899682 
184 12 Car 0 0 -2.044255 706.877869 176.064423 747.616760 197.793671 1.479167 1.355913 3.513019 8.100893 1.701549 50.665561 -1.887030 
185 12 Car 0 0 -2.027156 704.447021 176.688232 742.603516 197.853195 1.479167 1.355913 3.513019 7.941152 1.707159 51.135175 -1.874378 
186 12 Car 0 0 -2.011239 701.354492 177.547440 740.243652 198.300049 1.479167 1.355913 3.513019 7.812970 1.809596 51.831840 -1.862902 
187 12 Car 0 0 -1.995433 698.628540 177.789474 735.324280 199.049149 1.479167 1.355913 3.513019 7.684787 1.912034 52.528505 -1.851425 
188 12 Car 0 0 -1.979736 697.930542 179.502945 731.200989 199.904053 1.479167 1.355913 3.513019 7.556605 2.014471 53.225170 -1.839948 
189 12 Car 0 0 -1.964142 693.270081 181.734756 725.276733 201.044464 1.479167 1.355913 3.513019 7.428422 2.116909 53.921834 -1.828472 
190 12 Car 0 0 -1.947752 690.841064 182.261978 722.253418 201.776031 1.479167 1.355913 3.513019 7.236497 2.129581 54.522602 -1.816995 
191 12 Car 0 0 -1.931463 687.031799 182.531189 720.728333 201.770157 1.479167 1.355913 3.513019 7.044572 2.142254 55.123370 -1.805519 
192 12 Car 0 0 -1.915272 691.438416 182.264038 715.031311 200.164047 1.479167 1.355913 3.513019 6.852646 2.154927 55.724138 -1.794042 
193 12 Car 0 0 -1.902888 682.324524 181.731476 710.236023 201.589142 1.479167 1.355913 3.513019 6.596587 2.218150 56.259980 -1.787275 
194 12 Car 0 0 -1.890603 679.478271 183.412857 707.251343 202.193405 1.479167 1.355913 3.513019 6.340528 2.281373 56.795822 -1.780508 
195 12 Car 0 0 -1.878415 674.307068 183.217361 703.254822 201.932724 1.479167 1.355913 3.513019 6.084469 2.344596 57.331664 -1.773741 
196 12 Car 0 0 -1.866320 676.966492 184.489700 699.290649 202.324097 1.479167 1.355913 3.513019 5.828410 2.407819 57.867506 -1.766974 
197 12 Car 0 0 -1.854317 667.150574 183.197693 694.729431 204.079849 1.479167 1.355913 3.513019 5.572350 2.471042 58.403348 -1.760207 
198 12 Car 0 0 -1.843155 663.662354 186.345215 690.947510 205.051773 1.479167 1.355913 3.513019 5.352269 2.557153 58.837429 -1.753440 
199 12 Car 0 0 -1.832054 658.996704 185.828903 686.598328 205.896118 1.479167 1.355913 3.513019 5.132187 2.643265 59.271511 -1.746672 
200 12 Car 0 0 -1.819324 655.772156 185.047974 683.019470 206.146210 1.479167 1.355913 3.513019 4.803134 2.641210 59.630454 -1.739905 
201 12 Car 0 0 -1.806660 652.289734 184.765366 677.575256 205.613846 1.479167 1.355913 3.513019 4.474081 2.639155 59.989397 -1.733138 
202 12 Car 0 0 -1.794061 648.488220 183.910202 673.642273 204.206039 1.479167 1.355913 3.513019 4.144409 2.578512 60.348952 -1.726371 
203 12 Car 0 0 -1.813540 644.899414 183.651215 671.167053 202.150665 1.479167 1.355913 3.513019 3.889815 2.494837 60.739167 -1.750421 
204 12 Car 0 0 -1.833075 642.063904 183.525330 666.345764 201.498642 1.479167 1.355913 3.513019 3.635220 2.411161 61.129383 -1.774470 
205 12 Car 0 0 -1.823124 639.957520 181.925339 664.307678 200.011459 1.479167 1.355913 3.513019 3.464031 2.303113 61.451374 -1.767569 
206 12 Car 0 0 -1.813204 637.547546 180.033157 661.617676 199.137985 1.479167 1.355913 3.513019 3.292842 2.195064 61.773366 -1.760668 
207 12 Car 0 0 -1.818588 636.367737 180.465012 660.830200 198.156021 1.479167 1.355913 3.513019 3.271577 2.153473 62.075829 -1.766639 
208 12 Car 0 0 -1.823978 636.167542 179.294785 660.226196 198.139221 1.479167 1.355913 3.513019 3.250312 2.111882 62.378292 -1.772611 
209 12 Car 0 0 -1.805876 636.826843 178.594055 661.530396 196.801910 1.479167 1.355913 3.513019 3.305018 2.067039 62.201561 -1.753483 
210 12 Car 0 0 -1.787779 639.264526 178.280655 662.821838 196.885452 1.479167 1.355913 3.513019 3.359724 2.022196 62.024829 -1.734354 
211 12 Car 0 0 -1.768366 642.297852 178.460556 665.912842 196.757095 1.479167 1.355913 3.513019 3.774905 2.029905 62.428704 -1.708688 
212 12 Car 0 0 -1.750010 646.164246 178.316360 668.776733 196.122055 1.479167 1.355913 3.513019 4.262564 2.036808 62.832570 -1.683022 
213 12 Car 0 0 -1.731555 653.103516 178.479065 676.418762 196.475586 1.479167 1.355913 3.513019 4.750222 2.043711 63.236436 -1.657355 
214 12 Car 0 0 -1.718717 661.918396 179.814621 684.136108 196.591751 1.479167 1.355913 3.513019 5.616387 2.045659 63.761076 -1.631689 
215 12 Car 0 0 -1.705641 672.517578 178.684036 693.902832 195.786484 1.479167 1.355913 3.513019 6.482551 2.047607 64.285716 -1.606023 
216 12 Car 0 0 -1.700614 685.329590 177.639542 707.207520 195.604813 1.479167 1.355913 3.513019 7.711977 1.936693 64.399376 -1.582371 
217 12 Car 0 0 -1.696651 700.930908 177.426392 721.627991 193.546448 1.479167 1.355913 3.513019 9.021374 1.808054 64.514131 -1.558720 
218 12 Car 0 0 -1.698220 717.767212 176.523331 738.103760 193.307007 1.479167 1.355913 3.513019 10.710908 1.744865 64.623718 -1.535068 
219 12 Car 0 0 -1.700574 735.109375 173.763885 757.819580 192.033859 1.479167 1.355913 3.513019 12.472019 1.631921 64.731232 -1.511416 
220 12 Car 0 0 -1.702589 759.190735 172.238876 779.615479 189.678131 1.479167 1.355913 3.513019 14.233129 1.518977 64.838746 -1.487765 
