0 1 Car 0 0 0.155801 459.311859 180.843399 565.943420 215.831909 1.484782 1.801123 4.311152 -4.116644 1.826652 30.902068 0.023919 
0 3 Car 0 0 1.654174 656.316467 181.414490 688.639282 204.223282 1.688593 1.877292 4.500000 4.187615 2.199353 48.523727 1.739185 
1 1 Car 0 0 0.094050 472.401886 180.395645 579.508850 216.110809 1.484782 1.801123 4.311152 -3.575880 1.816356 30.960071 -0.020544 
1 3 Car 0 0 1.654155 659.321777 180.929077 690.002991 204.884949 1.688593 1.877292 4.500000 4.187603 2.199215 48.523494 1.739166 
2 1 Car 0 0 0.032294 483.635498 180.577759 588.841797 216.158661 1.484782 1.801123 4.311152 -3.035117 1.806061 31.018075 -0.065008 
2 3 Car 0 1 1.654135 659.424377 181.955704 689.342407 205.274948 1.688593 1.877292 4.500000 4.187591 2.199076 48.523260 1.739147 
3 1 Car 0 0 -0.023302 496.159332 180.516647 604.530823 215.674118 1.484782 1.801123 4.311152 -2.555442 1.806123 31.106616 -0.105175 
3 3 Car 0 1 1.654116 660.020203 182.183945 694.079041 212.817642 1.688593 1.877292 4.500000 4.187580 2.198938 48.523026 1.739128 
4 1 Car 0 0 -0.078849 511.282837 180.712128 614.082947 215.048935 1.484782 1.801123 4.311152 -2.075768 1.806184 31.195157 -0.145343 
5 1 Car 0 0 -0.134341 525.235229 180.725235 629.940552 215.318451 1.484782 1.801123 4.311152 -1.596093 1.806246 31.283699 -0.185511 
5 3 Car 0 1 1.654078 653.233643 181.943146 683.351501 211.484299 1.688593 1.877292 4.500000 4.187556 2.198661 48.522559 1.739090 
6 1 Car 0 0 -0.193312 534.498840 180.901733 641.329041 214.927444 1.484782 1.801123 4.311152 -1.101483 1.804189 31.469332 -0.228639 
6 3 Car 0 0 1.654059 655.792908 181.535278 686.096558 205.803818 1.688593 1.877292 4.500000 4.187544 2.198522 48.522325 1.739071 
7 1 Car 0 0 -0.252116 548.126770 180.793228 651.706970 215.012543 1.484782 1.801123 4.311152 -0.606873 1.802133 31.654966 -0.271767 
7 3 Car 0 0 1.654040 656.295776 181.250275 688.423706 204.660294 1.688593 1.877292 4.500000 4.187532 2.198384 48.522091 1.739052 
8 1 Car 0 0 -0.310748 559.018372 181.513641 661.685181 215.014542 1.484782 1.801123 4.311152 -0.112264 1.800077 31.840600 -0.314896 
8 3 Car 0 1 1.654020 657.862366 181.569870 688.597961 204.544479 1.688593 1.877292 4.500000 4.187520 2.198245 48.521857 1.739033 
9 1 Car 0 0 -0.371532 569.513611 180.820297 673.453857 214.944351 1.484782 1.801123 4.311152 0.383473 1.801249 32.106772 -0.360346 
9 3 Car 0 1 1.654001 658.344727 180.796844 689.253418 205.427979 1.688593 1.877292 4.500000 4.187509 2.198107 48.521624 1.739014 
10 1 Car 0 0 -0.432061 586.236694 180.867935 681.106750 213.560516 1.484782 1.801123 4.311152 0.879210 1.802421 32.372945 -0.405797 
10 3 Car 0 1 1.653982 660.329651 183.015121 690.265686 202.765747 1.688593 1.877292 4.500000 4.187497 2.197968 48.521390 1.738995 
11 1 Car 0 0 -0.492334 597.757751 181.099136 690.704041 213.688354 1.484782 1.801123 4.311152 1.374947 1.803594 32.639117 -0.451247 
11 3 Car 0 2 1.653963 662.029175 182.347260 692.670471 200.639496 1.688593 1.877292 4.500000 4.187485 2.197830 48.521156 1.738976 
12 1 Car 0 0 -0.552352 607.069946 180.823151 701.191284 213.559555 1.484782 1.801123 4.311152 1.870684 1.804766 32.905289 -0.496698 
13 1 Car 0 0 -0.616553 619.879700 180.560043 710.061584 212.455460 1.484782 1.801123 4.311152 2.351411 1.813879 33.296837 -0.547294 
14 1 Car 0 0 -0.680416 630.140869 180.572769 714.756165 212.320724 1.484782 1.801123 4.311152 2.832137 1.822993 33.688385 -0.597891 
15 1 Car 0 0 -0.743948 640.174377 180.981613 722.564941 212.459412 1.484782 1.801123 4.311152 3.312864 1.832106 34.079933 -0.648488 
16 1 Car 0 0 -0.807158 651.640381 179.529175 729.649597 211.467194 1.484782 1.801123 4.311152 3.793590 1.841220 34.471481 -0.699085 
17 1 Car 0 0 -0.865872 658.171265 180.240479 736.296753 211.182312 1.484782 1.801123 4.311152 4.245003 1.834741 35.000220 -0.746778 
17 3 Car 0 2 1.653848 657.870483 181.012634 684.315918 199.148926 1.688593 1.877292 4.500000 4.187414 2.196999 48.519754 1.738862 
18 1 Car 0 0 -0.924233 664.203064 180.389526 742.553101 211.557892 1.484782 1.801123 4.311152 4.696416 1.828262 35.528959 -0.794470 
18 3 Car 0 1 1.653829 656.259216 181.747513 683.266235 202.949280 1.688593 1.877292 4.500000 4.187402 2.196860 48.519520 1.738843 
19 1 Car 0 0 -0.982256 678.611084 181.076508 747.074585 210.323700 1.484782 1.801123 4.311152 5.147829 1.821783 36.057698 -0.842163 
19 3 Car 0 1 1.653809 655.675903 181.577957 684.455322 205.588623 1.688593 1.877292 4.500000 4.187390 2.196722 48.519286 1.738824 
20 1 Car 0 0 -1.039953 688.440002 180.755280 751.377441 209.508774 1.484782 1.801123 4.311152 5.599241 1.815304 36.586436 -0.889856 
20 3 Car 0 0 1.653790 655.597168 181.534531 688.037354 205.257050 1.688593 1.877292 4.500000 4.187378 2.196583 48.519053 1.738805 
21 1 Car 0 0 -1.088576 697.679321 180.739609 756.442871 209.395645 1.484782 1.801123 4.311152 5.961699 1.840886 37.231834 -0.931597 
21 3 Car 0 0 1.653771 655.989746 181.557098 689.677246 205.017380 1.688593 1.877292 4.500000 4.187367 2.196445 48.518819 1.738786 
22 1 Car 0 0 -1.136952 702.334534 180.765945 749.236816 208.659561 1.484782 1.801123 4.311152 6.324157 1.866469 37.877231 -0.973337 
22 3 Car 0 0 1.653752 656.192871 181.467484 690.342529 204.844513 1.688593 1.877292 4.500000 4.187355 2.196306 48.518585 1.738767 
23 1 Car 0 0 -1.185093 707.019409 180.822708 764.440063 209.187805 1.484782 1.801123 4.311152 6.686615 1.892052 38.522629 -1.015078 
23 3 Car 0 0 1.653733 655.604614 181.994354 689.776367 204.785339 1.688593 1.877292 4.500000 4.187343 2.196167 48.518351 1.738748 
24 1 Car 0 0 -1.233012 712.337036 181.164505 765.967651 208.376129 1.484782 1.801123 4.311152 7.049073 1.917635 39.168026 -1.056819 
24 3 Car 0 0 1.653714 655.656006 182.074570 689.441101 204.757111 1.688593 1.877292 4.500000 4.187331 2.196029 48.518118 1.738729 
25 1 Car 0 0 -1.298044 718.496948 182.037079 763.682129 207.755569 1.484782 1.801123 4.311152 7.401595 1.906551 39.860134 -1.116321 
25 3 Car 0 0 1.653694 655.930237 181.343704 689.061218 204.711029 1.688593 1.877292 4.500000 4.187319 2.195890 48.517884 1.738710 
26 1 Car 0 0 -1.362879 723.749939 181.938217 768.691040 207.590652 1.484782 1.801123 4.311152 7.754118 1.895466 40.552241 -1.175823 
26 3 Car 0 0 1.653675 656.002930 181.383163 689.241089 204.707336 1.688593 1.877292 4.500000 4.187307 2.195752 48.517650 1.738691 
27 1 Car 0 0 -1.366269 726.472290 181.508057 769.924622 207.375931 1.484782 1.801123 4.311152 8.046293 1.925568 41.312809 -1.175788 
27 3 Car 0 0 1.653656 655.935425 181.384659 689.377502 204.900864 1.688593 1.877292 4.500000 4.187296 2.195613 48.517416 1.738672 
28 1 Car 0 0 -1.369533 731.102661 181.148560 770.330994 206.943802 1.484782 1.801123 4.311152 8.338468 1.955670 42.073378 -1.175753 
28 3 Car 0 0 1.653637 655.728943 182.007233 689.995605 204.891434 1.688593 1.877292 4.500000 4.187284 2.195475 48.517183 1.738653 
29 1 Car 0 0 -1.420998 733.566345 181.023376 770.563843 206.401917 1.484782 1.801123 4.311152 8.574854 1.955208 42.867170 -1.225423 
29 3 Car 0 0 1.653618 655.805786 181.446335 689.350098 204.910446 1.688593 1.877292 4.500000 4.187272 2.195336 48.516949 1.738634 
30 1 Car 0 0 -1.472398 736.120850 180.597015 770.882812 206.793427 1.484782 1.801123 4.311152 8.811240 1.954746 43.660961 -1.275093 
30 3 Car 0 0 1.653598 656.077087 181.328094 689.094910 204.676147 1.688593 1.877292 4.500000 4.187260 2.195198 48.516715 1.738615 
31 1 Car 0 0 -1.482674 739.598999 181.744995 773.342224 206.470261 1.484782 1.801123 4.311152 9.059446 2.004871 44.467398 -1.283517 
31 3 Car 0 0 1.653579 655.970520 181.338135 688.709473 204.443649 1.688593 1.877292 4.500000 4.187248 2.195059 48.516482 1.738596 
32 1 Car 0 0 -1.492883 741.477478 182.431824 775.498047 206.956390 1.484782 1.801123 4.311152 9.307651 2.054997 45.273835 -1.291941 
32 3 Car 0 0 1.653560 655.358826 181.615738 690.074280 204.847763 1.688593 1.877292 4.500000 4.187236 2.194921 48.516248 1.738577 
33 1 Car 0 0 -1.499835 743.152771 182.928116 776.355103 206.182114 1.484782 1.801123 4.311152 9.557198 2.066166 46.141723 -1.297395 
33 3 Car 0 0 1.653541 655.407654 181.461929 689.897949 204.726288 1.688593 1.877292 4.500000 4.187225 2.194782 48.516014 1.738558 
34 1 Car 0 0 -1.506732 744.750732 183.504089 776.187500 204.907303 1.484782 1.801123 4.311152 9.806746 2.077334 47.009612 -1.302849 
34 3 Car 0 0 1.653522 655.317139 181.917389 690.357788 204.962967 1.688593 1.877292 4.500000 4.187213 2.194644 48.515780 1.738539 
35 1 Car 0 0 -1.513576 745.840881 183.593414 775.233887 204.498962 1.484782 1.801123 4.311152 10.056293 2.088503 47.877500 -1.308303 
35 3 Car 0 0 1.653503 655.116821 181.918762 690.973206 204.919998 1.688593 1.877292 4.500000 4.187201 2.194505 48.515547 1.738520 
36 1 Car 0 0 -1.520370 746.711243 182.262680 776.571960 204.504547 1.484782 1.801123 4.311152 10.305840 2.099672 48.745389 -1.313757 
36 3 Car 0 0 1.653483 655.864685 181.375534 690.479858 204.947083 1.688593 1.877292 4.500000 4.187189 2.194367 48.515313 1.738501 
37 1 Car 0 0 -1.527116 747.776245 182.535645 777.732056 203.588806 1.484782 1.801123 4.311152 10.555388 2.110841 49.613277 -1.319210 
37 3 Car 0 0 1.653464 656.109924 181.448273 690.272522 204.699326 1.688593 1.877292 4.500000 4.187177 2.194228 48.515079 1.738482 
38 1 Car 0 0 -1.532525 748.119934 182.745285 777.495911 203.079590 1.484782 1.801123 4.311152 10.769831 2.157135 50.585711 -1.324458 
38 3 Car 0 0 1.653445 655.472412 181.784424 690.444397 204.653656 1.688593 1.877292 4.500000 4.187165 2.194090 48.514845 1.738463 
39 1 Car 0 0 -1.537927 748.714355 183.211334 777.015747 202.145142 1.484782 1.801123 4.311152 10.984275 2.203430 51.558146 -1.329705 
39 3 Car 0 0 1.653426 655.497253 181.618744 690.286560 204.615372 1.688593 1.877292 4.500000 4.187153 2.193951 48.514612 1.738444 
40 1 Car 0 0 -1.543324 748.568359 183.740921 778.203308 202.626099 1.484782 1.801123 4.311152 11.198718 2.249725 52.530580 -1.334952 
40 3 Car 0 0 1.653407 655.444702 181.639603 690.267578 204.602997 1.688593 1.877292 4.500000 4.187142 2.193813 48.514378 1.738425 
41 1 Car 0 0 -1.548715 748.881714 184.276627 774.167053 202.563080 1.484782 1.801123 4.311152 11.413161 2.296020 53.503014 -1.340199 
41 3 Car 0 0 1.653388 655.273438 181.944412 690.427917 204.655991 1.688593 1.877292 4.500000 4.187130 2.193674 48.514144 1.738406 
42 1 Car 0 0 -1.554102 749.596008 183.984085 775.485596 202.418106 1.484782 1.801123 4.311152 11.627605 2.342315 54.475449 -1.345446 
42 3 Car 0 0 1.653368 655.176331 182.050507 690.555237 204.766083 1.688593 1.877292 4.500000 4.187118 2.193536 48.513910 1.738387 
43 1 Car 0 0 -1.557241 750.394775 184.403976 773.633728 201.837341 1.484782 1.801123 4.311152 11.818049 2.339590 55.478163 -1.348962 
43 3 Car 0 0 1.653349 655.252686 182.123901 690.757019 204.729370 1.688593 1.877292 4.500000 4.187106 2.193397 48.513677 1.738368 
44 1 Car 0 0 -1.560394 750.065857 184.478058 773.346985 201.937820 1.484782 1.801123 4.311152 12.008492 2.336866 56.480878 -1.352479 
44 3 Car 0 0 1.653330 655.514893 182.000732 691.133667 204.788055 1.688593 1.877292 4.500000 4.187094 2.193259 48.513443 1.738349 
45 1 Car 0 0 -1.563559 750.428345 184.431900 773.511658 201.822189 1.484782 1.801123 4.311152 12.198936 2.334141 57.483593 -1.355995 
45 3 Car 0 0 1.653311 655.274597 182.116287 690.890076 204.880203 1.688593 1.877292 4.500000 4.187082 2.193120 48.513209 1.738331 
46 1 Car 0 0 -1.566736 750.136414 184.570190 772.949524 201.956772 1.484782 1.801123 4.311152 12.389380 2.331416 58.486307 -1.359511 
46 3 Car 0 0 1.653292 655.405823 181.651962 690.205811 204.731766 1.688593 1.877292 4.500000 4.187071 2.192982 48.512976 1.738312 
47 1 Car 0 0 -1.569924 749.723145 184.575180 772.305603 201.712738 1.484782 1.801123 4.311152 12.579824 2.328692 59.489022 -1.363028 
47 3 Car 0 0 1.653272 656.139526 181.738419 689.846497 204.898590 1.688593 1.877292 4.500000 4.187059 2.192843 48.512742 1.738293 
48 1 Car 0 0 -1.569076 749.586731 184.197586 771.563538 201.162170 1.484782 1.801123 4.311152 12.748325 2.364228 60.550900 -1.363045 
48 3 Car 0 0 1.653253 655.431702 181.607147 690.572876 204.712540 1.688593 1.877292 4.500000 4.187047 2.192705 48.512508 1.738274 
49 1 Car 0 0 -1.568258 748.381775 184.443039 771.509155 201.760269 1.484782 1.801123 4.311152 12.916827 2.399765 61.612779 -1.363063 
49 3 Car 0 0 1.653234 655.479187 181.788498 690.253235 204.729431 1.688593 1.877292 4.500000 4.187035 2.192566 48.512274 1.738255 
50 1 Car 0 0 -1.567467 748.001770 184.571045 770.875427 201.827560 1.484782 1.801123 4.311152 13.085328 2.435301 62.674658 -1.363080 
50 3 Car 0 0 1.653215 655.087280 182.071442 690.801208 204.945541 1.688593 1.877292 4.500000 4.187023 2.192428 48.512041 1.738236 
51 1 Car 0 0 -1.566703 748.457886 184.580780 770.704712 201.013840 1.484782 1.801123 4.311152 13.253830 2.470838 63.736537 -1.363098 
51 3 Car 0 0 1.653196 655.013123 182.078629 690.894958 205.047409 1.688593 1.877292 4.500000 4.187011 2.192289 48.511807 1.738217 
52 1 Car 0 0 -1.565964 748.108459 184.877777 772.191162 200.971878 1.484782 1.801123 4.311152 13.422331 2.506374 64.798416 -1.363115 
52 3 Car 0 0 1.653177 655.211792 182.037048 691.085327 204.998001 1.688593 1.877292 4.500000 4.187000 2.192151 48.511573 1.738198 
53 1 Car 0 0 -1.572200 747.759033 184.906448 772.061096 200.513138 1.484782 1.801123 4.311152 13.606129 2.537755 65.904914 -1.369993 
53 3 Car 0 0 1.653157 655.190369 182.158005 690.473816 204.921036 1.688593 1.877292 4.500000 4.186988 2.192012 48.511339 1.738179 
54 1 Car 0 0 -1.578456 748.086670 183.832947 775.387146 200.664673 1.484782 1.801123 4.311152 13.789927 2.569136 67.011413 -1.376871 
54 3 Car 0 0 1.653138 655.147278 181.862473 689.672668 204.919388 1.688593 1.877292 4.500000 4.186976 2.191874 48.511106 1.738160 
55 1 Car 0 0 -1.584732 747.554382 184.772049 770.556396 200.987762 1.484782 1.801123 4.311152 13.973725 2.600517 68.117912 -1.383749 
55 3 Car 0 0 1.653119 654.925049 181.697678 689.771362 204.875092 1.688593 1.877292 4.500000 4.186964 2.191735 48.510872 1.738141 
56 1 Car 0 0 -1.591028 747.452820 185.165741 766.868225 200.126907 1.484782 1.801123 4.311152 14.157523 2.631898 69.224410 -1.390627 
56 3 Car 0 0 1.653100 655.191406 181.727417 690.017944 204.817703 1.688593 1.877292 4.500000 4.186952 2.191596 48.510638 1.738122 
57 1 Car 0 0 -1.597341 746.572815 184.848801 766.643188 200.522339 1.484782 1.801123 4.311152 14.341321 2.663279 70.330909 -1.397505 
57 3 Car 0 0 1.653081 655.283569 181.889191 689.894531 204.900040 1.688593 1.877292 4.500000 4.186940 2.191458 48.510404 1.738103 
58 1 Car 0 0 -1.596491 746.314697 184.666077 766.140076 200.466644 1.484782 1.801123 4.311152 14.512863 2.686249 71.497794 -1.397527 
58 3 Car 0 0 1.653062 655.828186 181.479401 689.025818 204.961197 1.688593 1.877292 4.500000 4.186929 2.191319 48.510171 1.738084 
59 1 Car 0 0 -1.595668 745.950073 184.030975 766.948242 200.664444 1.484782 1.801123 4.311152 14.684404 2.709220 72.664679 -1.397550 
59 3 Car 0 0 1.653042 656.059082 181.455109 689.208252 205.000763 1.688593 1.877292 4.500000 4.186917 2.191181 48.509937 1.738065 
60 1 Car 0 0 -1.594871 745.443604 184.274872 765.117737 200.610779 1.484782 1.801123 4.311152 14.855946 2.732191 73.831564 -1.397572 
60 3 Car 0 0 1.653023 656.089050 181.510178 689.442200 204.904465 1.688593 1.877292 4.500000 4.186905 2.191042 48.509703 1.738046 
61 1 Car 0 0 -1.594100 745.358826 184.562653 764.276794 200.169830 1.484782 1.801123 4.311152 15.027488 2.755161 74.998449 -1.397595 
61 3 Car 0 0 1.653004 655.144348 181.934357 689.828064 204.810104 1.688593 1.877292 4.500000 4.186893 2.190904 48.509469 1.738027 
62 1 Car 0 0 -1.593353 745.076965 184.311432 763.807617 200.015442 1.484782 1.801123 4.311152 15.199030 2.778132 76.165334 -1.397617 
62 3 Car 0 0 1.652985 655.446045 181.664215 689.230713 204.857056 1.688593 1.877292 4.500000 4.186881 2.190765 48.509236 1.738008 
63 1 Car 0 0 -1.592814 744.338013 184.625458 763.604248 199.928680 1.484782 1.801123 4.311152 15.384657 2.800315 77.335529 -1.397659 
63 3 Car 0 0 1.652966 655.848267 181.292145 688.285461 204.668777 1.688593 1.877292 4.500000 4.186869 2.190627 48.509002 1.737989 
64 1 Car 0 0 -1.592292 744.006714 184.700317 762.508911 199.738174 1.484782 1.801123 4.311152 15.570285 2.822498 78.505723 -1.397700 
64 3 Car 0 0 1.652946 655.857605 181.440781 688.175964 204.639175 1.688593 1.877292 4.500000 4.186858 2.190488 48.508768 1.737970 
65 1 Car 0 0 -1.591787 743.575928 184.978836 764.020325 199.936386 1.484782 1.801123 4.311152 15.755912 2.844682 79.675918 -1.397742 
65 3 Car 0 0 1.652927 655.859802 181.428528 688.321228 204.736176 1.688593 1.877292 4.500000 4.186846 2.190350 48.508535 1.737951 
66 3 Car 0 0 1.652908 656.139954 181.507172 688.832703 204.741867 1.688593 1.877292 4.500000 4.186834 2.190211 48.508301 1.737932 
67 3 Car 0 0 1.652889 656.119507 181.425659 688.821533 204.568115 1.688593 1.877292 4.500000 4.186822 2.190073 48.508067 1.737913 
68 3 Car 0 0 1.652870 656.007812 181.485611 688.548950 204.683792 1.688593 1.877292 4.500000 4.186810 2.189934 48.507833 1.737894 
69 3 Car 0 0 1.652851 655.843933 181.647003 688.998291 204.807678 1.688593 1.877292 4.500000 4.186798 2.189796 48.507600 1.737875 
70 3 Car 0 0 1.652831 655.792847 181.582169 688.777100 204.703354 1.688593 1.877292 4.500000 4.186787 2.189657 48.507366 1.737856 
71 3 Car 0 0 1.652812 655.554688 181.614105 689.235535 204.795059 1.688593 1.877292 4.500000 4.186775 2.189519 48.507132 1.737837 
72 3 Car 0 0 1.652793 656.008423 181.296692 688.954346 204.462143 1.688593 1.877292 4.500000 4.186763 2.189380 48.506898 1.737818 
73 3 Car 0 0 1.652774 655.717651 181.783661 691.980591 205.031815 1.688593 1.877292 4.500000 4.186751 2.189242 48.506665 1.737799 
74 3 Car 0 0 1.652755 656.114136 181.522614 689.853943 204.826309 1.688593 1.877292 4.500000 4.186739 2.189103 48.506431 1.737780 
75 3 Car 0 0 1.652735 656.012695 181.547928 689.032532 204.788742 1.688593 1.877292 4.500000 4.186727 2.188965 48.506197 1.737761 
76 3 Car 0 0 1.652716 656.021301 181.509125 689.453857 204.876999 1.688593 1.877292 4.500000 4.186715 2.188826 48.505963 1.737742 
77 3 Car 0 0 1.652697 655.887878 181.368652 688.627319 204.562759 1.688593 1.877292 4.500000 4.186704 2.188688 48.505730 1.737723 
