0 1 Car 0 1 -2.294348 1052.157104 186.539703 1153.150879 225.004517 1.466102 1.622190 3.358602 16.289924 1.602928 23.743018 -1.697773 
0 2 Car 0 1 -2.156396 963.790894 186.827820 1064.360962 222.615372 1.618644 1.719078 3.575366 13.738582 1.691811 24.225602 -1.644669 
0 3 Car 0 0 -1.644380 598.947266 173.942535 636.052979 200.307831 1.491087 1.526734 3.178931 0.723855 1.091199 36.838675 -1.623174 
1 1 Car 0 1 -2.294174 1051.802246 186.534683 1153.367798 224.955063 1.466102 1.622190 3.358602 16.289974 1.602971 23.743131 -1.697600 
1 2 Car 0 1 -2.156380 965.053528 186.791351 1064.092163 222.940491 1.618644 1.719078 3.575366 13.738650 1.691751 24.225620 -1.644651 
1 3 Car 0 0 -1.644360 598.821411 173.494690 636.571716 201.258972 1.491087 1.526734 3.178931 0.723804 1.091284 36.838627 -1.623156 
2 0 Car 0 1 0.895578 1087.590820 186.633240 1204.813965 227.326584 1.568988 1.706779 3.940679 19.259228 1.774681 24.509571 1.556734 
2 1 Car 0 1 -2.294001 1052.159302 186.565948 1153.328857 225.190414 1.466102 1.622190 3.358602 16.290024 1.603014 23.743244 -1.697426 
2 2 Car 0 1 -2.156363 963.285461 187.007004 1064.256592 222.725937 1.618644 1.719078 3.575366 13.738718 1.691690 24.225637 -1.644633 
2 3 Car 0 0 -1.644340 599.226379 173.678452 635.326233 199.997650 1.491087 1.526734 3.178931 0.723754 1.091370 36.838579 -1.623138 
3 0 Car 0 1 0.895422 1090.505737 186.875076 1206.307861 227.694138 1.568988 1.706779 3.940679 19.258712 1.774243 24.509262 1.556571 
3 1 Car 0 1 -2.293827 1052.697266 186.450531 1152.684570 225.074280 1.466102 1.622190 3.358602 16.290074 1.603058 23.743356 -1.697253 
3 2 Car 0 1 -2.156347 964.909729 186.620209 1064.163330 222.943405 1.618644 1.719078 3.575366 13.738786 1.691630 24.225655 -1.644615 
3 3 Car 0 0 -1.644321 598.706238 173.558945 636.792236 201.965958 1.491087 1.526734 3.178931 0.723703 1.091455 36.838532 -1.623120 
4 1 Car 0 1 -2.293653 1052.271240 186.494690 1153.176270 225.082947 1.466102 1.622190 3.358602 16.290124 1.603101 23.743469 -1.697080 
4 2 Car 0 1 -2.156331 965.044861 186.584961 1063.918457 223.040176 1.618644 1.719078 3.575366 13.738854 1.691570 24.225672 -1.644596 
4 3 Car 0 0 -1.644301 599.370422 173.639038 636.669617 201.614059 1.491087 1.526734 3.178931 0.723652 1.091540 36.838484 -1.623102 
5 1 Car 0 1 -2.293479 1052.289185 186.577942 1152.925049 225.052567 1.466102 1.622190 3.358602 16.290175 1.603144 23.743582 -1.696907 
5 2 Car 0 1 -2.156314 965.515320 186.771973 1064.291504 222.845184 1.618644 1.719078 3.575366 13.738922 1.691510 24.225690 -1.644578 
5 3 Car 0 0 -1.644282 600.137634 173.796814 636.346497 200.372574 1.491087 1.526734 3.178931 0.723602 1.091625 36.838436 -1.623083 
6 1 Car 0 1 -2.293306 1052.003784 186.546753 1153.078369 225.085068 1.466102 1.622190 3.358602 16.290225 1.603187 23.743694 -1.696734 
6 2 Car 0 1 -2.156298 965.188477 186.828308 1063.492554 222.822525 1.618644 1.719078 3.575366 13.738990 1.691449 24.225708 -1.644560 
6 3 Car 0 0 -1.644262 598.685547 173.402557 637.121521 201.994690 1.491087 1.526734 3.178931 0.723551 1.091710 36.838389 -1.623065 
7 1 Car 0 1 -2.293132 1051.634399 186.646576 1152.867554 225.130463 1.466102 1.622190 3.358602 16.290275 1.603230 23.743807 -1.696561 
7 2 Car 0 1 -2.156282 965.162354 186.565979 1063.561157 222.794708 1.618644 1.719078 3.575366 13.739058 1.691389 24.225725 -1.644542 
7 3 Car 0 0 -1.644243 599.337524 173.631012 636.914490 201.585037 1.491087 1.526734 3.178931 0.723500 1.091795 36.838341 -1.623047 
8 0 Car 0 1 0.894642 1092.958496 186.805725 1207.289795 227.243332 1.568988 1.706779 3.940679 19.256132 1.772049 24.507714 1.555756 
8 1 Car 0 1 -2.292958 1050.986328 186.546463 1153.240967 224.977676 1.466102 1.622190 3.358602 16.290325 1.603273 23.743920 -1.696388 
8 2 Car 0 1 -2.156265 965.097595 186.457184 1063.202026 222.768646 1.618644 1.719078 3.575366 13.739126 1.691329 24.225743 -1.644524 
8 3 Car 0 0 -1.644223 598.614807 173.398605 636.847229 202.151016 1.491087 1.526734 3.178931 0.723449 1.091880 36.838293 -1.623029 
9 1 Car 0 1 -2.292784 1052.290771 186.457993 1152.863037 225.088562 1.466102 1.622190 3.358602 16.290375 1.603316 23.744033 -1.696215 
9 2 Car 0 1 -2.156249 962.731750 186.888306 1064.299438 222.620331 1.618644 1.719078 3.575366 13.739194 1.691268 24.225760 -1.644506 
9 3 Car 0 0 -1.644204 599.079651 173.486954 637.065857 202.557846 1.491087 1.526734 3.178931 0.723399 1.091965 36.838246 -1.623011 
10 0 Car 0 1 0.894330 1099.885864 188.763672 1199.228638 226.365036 1.568988 1.706779 3.940679 19.255101 1.771172 24.507095 1.555431 
10 1 Car 0 1 -2.292610 1052.103516 186.540298 1152.772461 225.073578 1.466102 1.622190 3.358602 16.290425 1.603359 23.744145 -1.696042 
10 2 Car 0 1 -2.156233 963.435669 187.030579 1064.376099 222.609772 1.618644 1.719078 3.575366 13.739262 1.691208 24.225778 -1.644487 
10 3 Car 0 0 -1.644184 599.237549 173.693314 636.908081 202.014954 1.491087 1.526734 3.178931 0.723348 1.092050 36.838198 -1.622992 
11 1 Car 0 1 -2.292437 1051.524414 186.407806 1152.745728 225.257187 1.466102 1.622190 3.358602 16.290475 1.603402 23.744258 -1.695869 
11 2 Car 0 1 -2.156216 963.686462 186.760147 1064.949219 222.696793 1.618644 1.719078 3.575366 13.739330 1.691148 24.225796 -1.644469 
11 3 Car 0 0 -1.644165 599.809937 173.757248 636.721313 201.137222 1.491087 1.526734 3.178931 0.723297 1.092135 36.838150 -1.622974 
12 1 Car 0 1 -2.292263 1052.137207 186.471863 1152.662842 225.057465 1.466102 1.622190 3.358602 16.290525 1.603445 23.744371 -1.695696 
12 2 Car 0 1 -2.156200 963.178223 186.822754 1064.304443 222.878098 1.618644 1.719078 3.575366 13.739398 1.691088 24.225813 -1.644451 
12 3 Car 0 0 -1.644145 599.597534 173.514359 637.020691 202.018646 1.491087 1.526734 3.178931 0.723247 1.092220 36.838102 -1.622956 
13 0 Car 0 1 0.893862 1082.495239 186.624939 1207.112549 225.258926 1.568988 1.706779 3.940679 19.253553 1.769855 24.506167 1.554942 
13 1 Car 0 1 -2.292089 1051.714233 186.576324 1153.100830 225.036316 1.466102 1.622190 3.358602 16.290575 1.603488 23.744483 -1.695523 
13 2 Car 0 1 -2.156184 963.824219 186.758087 1063.089844 222.639450 1.618644 1.719078 3.575366 13.739466 1.691027 24.225831 -1.644433 
13 3 Car 0 0 -1.644125 599.155579 173.559250 636.921997 201.615463 1.491087 1.526734 3.178931 0.723196 1.092305 36.838055 -1.622938 
14 1 Car 0 1 -2.291915 1052.112305 186.601624 1153.147217 225.122650 1.466102 1.622190 3.358602 16.290626 1.603531 23.744596 -1.695350 
14 2 Car 0 1 -2.156167 965.025574 186.417160 1064.613403 222.846390 1.618644 1.719078 3.575366 13.739534 1.690967 24.225849 -1.644415 
14 3 Car 0 0 -1.644106 599.675293 173.639282 636.630371 201.481049 1.491087 1.526734 3.178931 0.723145 1.092390 36.838007 -1.622920 
15 0 Car 0 1 0.893549 1096.701172 186.751343 1208.229614 227.393295 1.568988 1.706779 3.940679 19.252521 1.768978 24.505548 1.554616 
15 1 Car 0 1 -2.291741 1051.796753 186.490952 1152.837036 225.106049 1.466102 1.622190 3.358602 16.290676 1.603574 23.744709 -1.695177 
15 2 Car 0 1 -2.156151 962.580139 186.794449 1065.018921 222.726685 1.618644 1.719078 3.575366 13.739602 1.690907 24.225866 -1.644396 
15 3 Car 0 0 -1.644086 599.726868 173.463654 636.753845 201.579376 1.491087 1.526734 3.178931 0.723095 1.092476 36.837959 -1.622902 
16 0 Car 0 1 0.893393 1075.590698 187.244598 1201.443726 227.103500 1.568988 1.706779 3.940679 19.252005 1.768539 24.505238 1.554453 
16 1 Car 0 1 -2.291568 1051.691284 186.664215 1153.264526 225.052383 1.466102 1.622190 3.358602 16.290726 1.603617 23.744822 -1.695004 
16 2 Car 0 1 -2.156134 964.070312 186.630127 1064.786621 222.916168 1.618644 1.719078 3.575366 13.739670 1.690846 24.225884 -1.644378 
16 3 Car 0 0 -1.644067 599.188416 173.503052 636.350647 201.779221 1.491087 1.526734 3.178931 0.723044 1.092561 36.837912 -1.622883 
17 1 Car 0 1 -2.291394 1051.799927 186.570496 1152.901611 225.299850 1.466102 1.622190 3.358602 16.290776 1.603660 23.744934 -1.694831 
17 2 Car 0 1 -2.156118 964.240845 186.609970 1063.848022 222.945038 1.618644 1.719078 3.575366 13.739738 1.690786 24.225901 -1.644360 
17 3 Car 0 0 -1.644047 598.327515 173.306732 636.801636 202.683121 1.491087 1.526734 3.178931 0.722993 1.092646 36.837864 -1.622865 
18 1 Car 0 1 -2.291220 1051.669434 186.570770 1153.281616 225.035812 1.466102 1.622190 3.358602 16.290826 1.603703 23.745047 -1.694658 
18 2 Car 0 1 -2.156102 965.360779 186.458786 1064.253540 222.910385 1.618644 1.719078 3.575366 13.739806 1.690726 24.225919 -1.644342 
18 3 Car 0 0 -1.644028 598.263550 173.767303 636.412842 201.535583 1.491087 1.526734 3.178931 0.722943 1.092731 36.837816 -1.622847 
19 0 Car 0 1 0.892925 1091.522095 185.865662 1210.066040 225.411987 1.568988 1.706779 3.940679 19.250457 1.767223 24.504310 1.553965 
19 1 Car 0 1 -2.291046 1051.739868 186.609772 1153.041260 224.965012 1.466102 1.622190 3.358602 16.290876 1.603747 23.745160 -1.694485 
19 2 Car 0 1 -2.156085 963.616943 185.519073 1064.532715 222.031067 1.618644 1.719078 3.575366 13.739874 1.690665 24.225937 -1.644324 
19 3 Car 0 0 -1.644008 599.721558 173.569031 637.504944 203.248718 1.491087 1.526734 3.178931 0.722892 1.092816 36.837769 -1.622829 
20 0 Car 0 1 0.892769 1088.108032 186.785690 1205.133545 227.231293 1.568988 1.706779 3.940679 19.249941 1.766784 24.504000 1.553802 
20 1 Car 0 1 -2.290872 1051.554199 186.658844 1153.214111 224.928299 1.466102 1.622190 3.358602 16.290926 1.603790 23.745272 -1.694312 
20 2 Car 0 1 -2.156069 968.982056 186.244247 1063.505005 222.884369 1.618644 1.719078 3.575366 13.739942 1.690605 24.225954 -1.644305 
20 3 Car 0 0 -1.643989 600.751404 173.627609 636.465881 203.540909 1.491087 1.526734 3.178931 0.722841 1.092901 36.837721 -1.622811 
21 1 Car 0 1 -2.290699 1052.250732 186.585617 1153.059448 225.173706 1.466102 1.622190 3.358602 16.290976 1.603833 23.745385 -1.694139 
21 2 Car 0 1 -2.156053 941.850952 184.384933 1070.099365 227.463593 1.618644 1.719078 3.575366 13.740010 1.690545 24.225972 -1.644287 
21 3 Car 0 1 -1.643969 603.175171 174.285324 634.163025 194.217087 1.491087 1.526734 3.178931 0.722791 1.092986 36.837673 -1.622792 
22 0 Car 0 1 0.892457 1092.708008 186.924911 1207.625366 227.529282 1.568988 1.706779 3.940679 19.248909 1.765907 24.503381 1.553476 
22 1 Car 0 1 -2.290525 1052.664062 186.551743 1152.853149 225.050964 1.466102 1.622190 3.358602 16.291026 1.603876 23.745498 -1.693966 
22 3 Car 0 1 -1.643949 602.789185 172.289963 635.455322 205.829712 1.491087 1.526734 3.178931 0.722740 1.093071 36.837625 -1.622774 
23 1 Car 0 1 -2.290351 1052.514771 186.502701 1152.927979 225.173630 1.466102 1.622190 3.358602 16.291077 1.603919 23.745611 -1.693793 
23 2 Car 0 1 -2.156020 942.461060 184.577515 1076.527222 223.764008 1.618644 1.719078 3.575366 13.740147 1.690424 24.226007 -1.644251 
23 3 Car 0 1 -1.643930 608.690002 173.697998 636.663208 207.180618 1.491087 1.526734 3.178931 0.722689 1.093156 36.837578 -1.622756 
24 1 Car 0 1 -2.290177 1052.201416 186.486420 1153.244385 225.329758 1.466102 1.622190 3.358602 16.291127 1.603962 23.745723 -1.693620 
24 2 Car 0 1 -2.156004 967.869751 186.087769 1076.254395 234.937775 1.618644 1.719078 3.575366 13.740215 1.690364 24.226025 -1.644233 
25 1 Car 0 1 -2.290003 1052.937866 186.514633 1153.850220 225.260269 1.466102 1.622190 3.358602 16.291177 1.604005 23.745836 -1.693447 
25 2 Car 0 1 -2.155987 968.813538 184.868484 1078.078369 224.441833 1.618644 1.719078 3.575366 13.740283 1.690304 24.226042 -1.644215 
26 0 Car 0 1 0.891833 1096.140991 186.503433 1207.587158 227.553528 1.568988 1.706779 3.940679 19.246845 1.764152 24.502143 1.552824 
26 1 Car 0 1 -2.289830 1052.971191 186.449875 1153.233643 225.297394 1.466102 1.622190 3.358602 16.291227 1.604048 23.745949 -1.693273 
26 2 Car 0 1 -2.155971 973.324585 185.666702 1067.484131 226.395386 1.618644 1.719078 3.575366 13.740351 1.690243 24.226060 -1.644196 
27 0 Car 0 1 0.891677 1076.867310 186.730682 1201.230957 227.364517 1.568988 1.706779 3.940679 19.246329 1.763713 24.501834 1.552661 
27 1 Car 0 1 -2.289656 1052.184814 186.431122 1153.846069 225.689377 1.466102 1.622190 3.358602 16.291277 1.604091 23.746061 -1.693100 
27 2 Car 0 1 -2.155954 1000.672546 186.387650 1069.110840 234.047852 1.618644 1.719078 3.575366 13.740419 1.690183 24.226078 -1.644178 
28 1 Car 0 1 -2.289482 1055.894775 186.337662 1152.084229 225.616623 1.466102 1.622190 3.358602 16.291327 1.604134 23.746174 -1.692927 
28 3 Car 0 1 -1.643832 601.641357 173.297836 633.512756 202.302795 1.491087 1.526734 3.178931 0.722436 1.093582 36.837339 -1.622665 
29 1 Car 0 1 -2.289308 1058.157837 186.600433 1151.737183 225.916458 1.466102 1.622190 3.358602 16.291377 1.604177 23.746287 -1.692754 
29 3 Car 0 1 -1.643813 601.314819 173.392731 632.582397 204.125580 1.491087 1.526734 3.178931 0.722385 1.093667 36.837292 -1.622647 
30 1 Car 0 1 -2.289134 1065.593262 186.642029 1152.026123 225.816711 1.466102 1.622190 3.358602 16.291427 1.604220 23.746400 -1.692581 
30 3 Car 0 1 -1.643793 600.915283 173.036362 634.055603 204.563553 1.491087 1.526734 3.178931 0.722335 1.093752 36.837244 -1.622629 
31 1 Car 0 1 -2.288961 1006.299744 183.773514 1159.351807 234.073273 1.466102 1.622190 3.358602 16.291477 1.604263 23.746512 -1.692408 
31 2 Car 0 1 -2.155889 959.607300 168.518890 1080.719727 237.173996 1.618644 1.719078 3.575366 13.740691 1.689942 24.226148 -1.644105 
31 3 Car 0 0 -1.643774 599.851013 173.752213 634.450684 200.965576 1.491087 1.526734 3.178931 0.722284 1.093837 36.837196 -1.622611 
32 0 Car 0 1 0.890897 1031.055298 186.123917 1215.681885 228.541351 1.568988 1.706779 3.940679 19.243749 1.761520 24.500286 1.551847 
32 1 Car 0 1 -2.288787 1061.614258 186.930649 1156.498047 230.540970 1.466102 1.622190 3.358602 16.291528 1.604306 23.746625 -1.692235 
32 2 Car 0 1 -2.155873 945.409851 185.932617 1127.379395 228.536163 1.618644 1.719078 3.575366 13.740759 1.689882 24.226166 -1.644087 
32 3 Car 0 0 -1.643754 599.315002 173.369110 636.677917 202.072449 1.491087 1.526734 3.178931 0.722233 1.093922 36.837149 -1.622592 
33 0 Car 0 1 0.890741 1108.038574 187.652496 1192.154541 228.048004 1.568988 1.706779 3.940679 19.243233 1.761081 24.499977 1.551684 
33 1 Car 0 1 -2.288613 1002.807495 186.961090 1167.993530 232.704773 1.466102 1.622190 3.358602 16.291578 1.604349 23.746738 -1.692062 
33 2 Car 0 1 -2.155856 962.802917 186.818115 1049.425171 224.881104 1.618644 1.719078 3.575366 13.740827 1.689821 24.226183 -1.644069 
33 3 Car 0 0 -1.643734 599.646301 173.789459 636.769775 201.977371 1.491087 1.526734 3.178931 0.722183 1.094007 36.837101 -1.622574 
34 0 Car 0 1 0.890585 1135.411865 187.519089 1217.391724 227.301544 1.568988 1.706779 3.940679 19.242717 1.760642 24.499667 1.551521 
34 1 Car 0 1 -2.288439 960.561218 182.887970 1200.104248 233.297455 1.466102 1.622190 3.358602 16.291628 1.604392 23.746850 -1.691889 
34 2 Car 0 1 -2.155840 961.081970 187.279327 1058.276489 225.095413 1.618644 1.719078 3.575366 13.740895 1.689761 24.226201 -1.644051 
34 3 Car 0 0 -1.643715 599.244812 174.055161 635.967163 199.730331 1.491087 1.526734 3.178931 0.722132 1.094092 36.837053 -1.622556 
35 0 Car 0 1 0.890429 1135.336304 186.432022 1218.948120 227.747025 1.568988 1.706779 3.940679 19.242201 1.760204 24.499358 1.551358 
35 2 Car 0 1 -2.155824 961.866699 187.175400 1062.802856 224.030945 1.618644 1.719078 3.575366 13.740963 1.689701 24.226219 -1.644033 
35 3 Car 0 0 -1.643695 598.925049 173.719086 637.182556 202.354141 1.491087 1.526734 3.178931 0.722081 1.094177 36.837005 -1.622538 
36 0 Car 0 1 0.890273 1071.741211 179.699066 1217.596313 228.915756 1.568988 1.706779 3.940679 19.241685 1.759765 24.499048 1.551195 
36 2 Car 0 1 -2.155807 963.822998 186.745087 1063.420044 223.149902 1.618644 1.719078 3.575366 13.741031 1.689640 24.226236 -1.644015 
36 3 Car 0 0 -1.643676 598.675293 173.499344 637.046082 202.526154 1.491087 1.526734 3.178931 0.722030 1.094262 36.836958 -1.622520 
37 0 Car 0 1 0.890117 1127.634277 175.201920 1219.709961 230.233902 1.568988 1.706779 3.940679 19.241170 1.759326 24.498739 1.551033 
37 1 Car 0 1 -2.287918 1018.245178 186.313614 1221.807739 231.821136 1.466102 1.622190 3.358602 16.291778 1.604522 23.747189 -1.691370 
37 2 Car 0 1 -2.155791 962.233704 186.666473 1064.904785 223.171829 1.618644 1.719078 3.575366 13.741099 1.689580 24.226254 -1.643996 
37 3 Car 0 0 -1.643656 599.280640 173.510025 636.912964 201.756622 1.491087 1.526734 3.178931 0.721980 1.094347 36.836910 -1.622501 
38 0 Car 0 1 0.889961 1067.030884 185.587555 1219.409424 247.454712 1.568988 1.706779 3.940679 19.240654 1.758887 24.498429 1.550870 
38 1 Car 0 1 -2.287744 973.030151 186.854538 1146.640503 227.874771 1.466102 1.622190 3.358602 16.291828 1.604565 23.747301 -1.691197 
38 2 Car 0 1 -2.155775 966.499634 186.377960 1063.509766 222.932938 1.618644 1.719078 3.575366 13.741167 1.689520 24.226271 -1.643978 
38 3 Car 0 0 -1.643637 598.280701 173.493958 636.699890 202.056046 1.491087 1.526734 3.178931 0.721929 1.094432 36.836862 -1.622483 
39 0 Car 0 1 0.889804 1074.224365 174.055954 1223.485229 250.738632 1.568988 1.706779 3.940679 19.240138 1.758449 24.498120 1.550707 
39 1 Car 0 1 -2.287570 1052.552002 185.780487 1138.036255 226.034668 1.466102 1.622190 3.358602 16.291878 1.604608 23.747414 -1.691024 
39 2 Car 0 1 -2.155758 963.609985 186.397537 1065.656006 223.239426 1.618644 1.719078 3.575366 13.741235 1.689460 24.226289 -1.643960 
39 3 Car 0 0 -1.643617 598.800598 173.488266 636.993896 201.790253 1.491087 1.526734 3.178931 0.721878 1.094517 36.836815 -1.622465 
40 0 Car 0 1 0.889648 1120.357788 186.590805 1224.000000 263.139648 1.568988 1.706779 3.940679 19.239622 1.758010 24.497810 1.550544 
40 1 Car 0 1 -2.287396 1051.633179 186.329865 1149.947632 226.602554 1.466102 1.622190 3.358602 16.291928 1.604651 23.747527 -1.690851 
40 2 Car 0 1 -2.155742 965.127563 186.646698 1064.554932 222.872681 1.618644 1.719078 3.575366 13.741303 1.689399 24.226307 -1.643942 
40 3 Car 0 0 -1.643598 598.731812 173.424042 636.356140 201.628845 1.491087 1.526734 3.178931 0.721828 1.094603 36.836767 -1.622447 
41 1 Car 0 1 -2.287223 1051.351929 186.730453 1157.489258 225.218781 1.466102 1.622190 3.358602 16.291979 1.604694 23.747639 -1.690678 
41 2 Car 0 1 -2.155725 963.049927 186.675461 1064.567383 222.848831 1.618644 1.719078 3.575366 13.741371 1.689339 24.226324 -1.643924 
41 3 Car 0 0 -1.643578 598.855042 173.392242 636.762878 201.904617 1.491087 1.526734 3.178931 0.721777 1.094688 36.836719 -1.622429 
42 1 Car 0 1 -2.287049 1052.042725 186.450302 1155.786987 225.087769 1.466102 1.622190 3.358602 16.292029 1.604737 23.747752 -1.690505 
42 2 Car 0 1 -2.155709 964.850403 186.511292 1063.851074 223.106522 1.618644 1.719078 3.575366 13.741439 1.689279 24.226342 -1.643905 
42 3 Car 0 0 -1.643558 598.504150 173.457840 636.283508 201.929321 1.491087 1.526734 3.178931 0.721726 1.094773 36.836672 -1.622411 
43 1 Car 0 1 -2.286875 1051.565186 186.523285 1152.863892 225.112137 1.466102 1.622190 3.358602 16.292079 1.604780 23.747865 -1.690332 
43 2 Car 0 1 -2.155693 965.041321 186.648544 1065.095825 223.021759 1.618644 1.719078 3.575366 13.741507 1.689218 24.226359 -1.643887 
43 3 Car 0 0 -1.643539 598.848450 173.496964 636.855835 202.333572 1.491087 1.526734 3.178931 0.721676 1.094858 36.836624 -1.622392 
44 1 Car 0 1 -2.286701 1052.116211 186.607269 1153.552124 225.201370 1.466102 1.622190 3.358602 16.292129 1.604823 23.747978 -1.690159 
44 2 Car 0 1 -2.155676 966.394348 186.722336 1064.330566 222.724594 1.618644 1.719078 3.575366 13.741575 1.689158 24.226377 -1.643869 
44 3 Car 0 0 -1.643519 599.601440 173.886581 636.466675 201.114105 1.491087 1.526734 3.178931 0.721625 1.094943 36.836576 -1.622374 
45 1 Car 0 1 -2.286527 1052.208862 186.589157 1153.010986 225.253967 1.466102 1.622190 3.358602 16.292179 1.604866 23.748090 -1.689986 
45 2 Car 0 1 -2.155660 967.700134 186.609055 1062.696533 222.318466 1.618644 1.719078 3.575366 13.741643 1.689098 24.226395 -1.643851 
45 3 Car 0 0 -1.643500 599.039062 173.547180 636.509888 201.681564 1.491087 1.526734 3.178931 0.721574 1.095028 36.836528 -1.622356 
46 1 Car 0 1 -2.286354 1051.911499 186.585373 1152.846436 225.212967 1.466102 1.622190 3.358602 16.292229 1.604909 23.748203 -1.689813 
46 2 Car 0 1 -2.155644 965.299500 186.450790 1064.346069 222.946503 1.618644 1.719078 3.575366 13.741711 1.689038 24.226412 -1.643833 
46 3 Car 0 0 -1.643480 599.096313 173.535278 637.052979 201.452866 1.491087 1.526734 3.178931 0.721524 1.095113 36.836481 -1.622338 
47 0 Car 0 1 0.888556 1086.455200 188.703018 1193.651489 226.645737 1.568988 1.706779 3.940679 19.236010 1.754939 24.495644 1.549404 
47 1 Car 0 1 -2.286180 1053.273315 186.511307 1152.854492 225.141083 1.466102 1.622190 3.358602 16.292279 1.604952 23.748316 -1.689640 
47 2 Car 0 1 -2.155627 965.707947 186.726471 1063.648193 222.891678 1.618644 1.719078 3.575366 13.741779 1.688977 24.226430 -1.643815 
47 3 Car 0 0 -1.643461 598.906189 173.576202 636.298279 201.372391 1.491087 1.526734 3.178931 0.721473 1.095198 36.836433 -1.622320 
48 0 Car 0 1 0.888400 1099.806396 188.753876 1204.449219 226.536545 1.568988 1.706779 3.940679 19.235494 1.754500 24.495334 1.549241 
48 1 Car 0 1 -2.286006 1052.085815 186.528839 1153.070923 225.066711 1.466102 1.622190 3.358602 16.292329 1.604995 23.748428 -1.689467 
48 2 Car 0 1 -2.155611 967.291626 186.499466 1062.736694 222.596130 1.618644 1.719078 3.575366 13.741847 1.688917 24.226448 -1.643796 
48 3 Car 0 0 -1.643441 599.200806 173.744247 636.755310 202.358414 1.491087 1.526734 3.178931 0.721422 1.095283 36.836385 -1.622301 
49 0 Car 0 1 0.888244 1091.075317 186.918304 1206.521240 227.714203 1.568988 1.706779 3.940679 19.234978 1.754061 24.495025 1.549078 
49 1 Car 0 1 -2.285832 1051.797852 186.577576 1153.256714 225.253723 1.466102 1.622190 3.358602 16.292379 1.605038 23.748541 -1.689294 
49 2 Car 0 1 -2.155595 963.769714 187.038986 1064.144775 222.643341 1.618644 1.719078 3.575366 13.741915 1.688857 24.226465 -1.643778 
49 3 Car 0 0 -1.643422 599.105469 173.485214 636.885132 201.909592 1.491087 1.526734 3.178931 0.721372 1.095368 36.836338 -1.622283 
50 1 Car 0 1 -2.285658 1052.275879 186.485275 1153.403809 225.131638 1.466102 1.622190 3.358602 16.292430 1.605081 23.748654 -1.689121 
50 2 Car 0 1 -2.155578 962.934937 186.864548 1064.560059 222.789444 1.618644 1.719078 3.575366 13.741983 1.688796 24.226483 -1.643760 
50 3 Car 0 0 -1.643402 599.046753 173.502106 636.973877 201.377487 1.491087 1.526734 3.178931 0.721321 1.095453 36.836290 -1.622265 
51 1 Car 0 1 -2.285485 1051.757690 186.732346 1153.245728 225.120926 1.466102 1.622190 3.358602 16.292480 1.605125 23.748766 -1.688947 
51 2 Car 0 1 -2.155562 963.675171 186.823151 1064.259033 222.556473 1.618644 1.719078 3.575366 13.742051 1.688736 24.226500 -1.643742 
51 3 Car 0 0 -1.643383 599.072571 173.556778 636.545349 201.528214 1.491087 1.526734 3.178931 0.721270 1.095538 36.836242 -1.622247 
52 0 Car 0 1 0.887776 1087.137939 187.007385 1204.872803 227.410721 1.568988 1.706779 3.940679 19.233430 1.752745 24.494096 1.548589 
52 1 Car 0 1 -2.285311 1051.828491 186.542923 1153.052856 225.205841 1.466102 1.622190 3.358602 16.292530 1.605168 23.748879 -1.688774 
52 2 Car 0 1 -2.155545 962.268616 186.894394 1062.883301 222.955276 1.618644 1.719078 3.575366 13.742119 1.688676 24.226518 -1.643724 
52 3 Car 0 0 -1.643363 599.130371 173.457596 636.664124 201.926483 1.491087 1.526734 3.178931 0.721220 1.095623 36.836195 -1.622229 
53 1 Car 0 1 -2.285137 1051.308105 186.573105 1153.508423 225.118500 1.466102 1.622190 3.358602 16.292580 1.605211 23.748992 -1.688601 
53 2 Car 0 1 -2.155529 964.459106 186.627396 1065.195801 223.261856 1.618644 1.719078 3.575366 13.742187 1.688615 24.226536 -1.643705 
53 3 Car 0 0 -1.643343 598.853943 173.691406 636.784485 202.445099 1.491087 1.526734 3.178931 0.721169 1.095709 36.836147 -1.622211 
54 1 Car 0 1 -2.284963 1051.619263 186.520767 1153.083984 225.136276 1.466102 1.622190 3.358602 16.292630 1.605254 23.749105 -1.688428 
54 2 Car 0 1 -2.155513 964.133057 186.542068 1062.334229 222.545532 1.618644 1.719078 3.575366 13.742255 1.688555 24.226553 -1.643687 
54 3 Car 0 0 -1.643324 598.786987 173.828705 636.836975 202.876663 1.491087 1.526734 3.178931 0.721118 1.095794 36.836099 -1.622192 
55 1 Car 0 1 -2.284789 1052.625854 186.595383 1153.416016 225.242386 1.466102 1.622190 3.358602 16.292680 1.605297 23.749217 -1.688255 
55 2 Car 0 1 -2.155496 973.235840 186.177963 1062.565918 222.473740 1.618644 1.719078 3.575366 13.742323 1.688495 24.226571 -1.643669 
55 3 Car 0 0 -1.643304 598.643616 173.478226 636.143616 201.734589 1.491087 1.526734 3.178931 0.721068 1.095879 36.836051 -1.622174 
56 1 Car 0 1 -2.284616 1052.100586 186.498474 1153.017212 225.442856 1.466102 1.622190 3.358602 16.292730 1.605340 23.749330 -1.688082 
56 2 Car 0 1 -2.155480 927.082214 184.701477 1085.647583 224.063889 1.618644 1.719078 3.575366 13.742391 1.688435 24.226589 -1.643651 
56 3 Car 0 0 -1.643285 599.035522 173.808960 636.293030 201.595474 1.491087 1.526734 3.178931 0.721017 1.095964 36.836004 -1.622156 
57 0 Car 0 1 0.886996 1091.986938 186.757309 1207.647583 227.717941 1.568988 1.706779 3.940679 19.230850 1.750552 24.492549 1.547775 
57 1 Car 0 1 -2.284442 1051.940430 186.530685 1153.220947 225.111176 1.466102 1.622190 3.358602 16.292780 1.605383 23.749443 -1.687909 
57 3 Car 0 0 -1.643265 598.393433 173.537247 636.742065 202.047638 1.491087 1.526734 3.178931 0.720966 1.096049 36.835956 -1.622138 
58 0 Car 0 1 0.886840 1084.961548 189.019852 1191.376221 226.179184 1.568988 1.706779 3.940679 19.230334 1.750113 24.492239 1.547612 
58 1 Car 0 1 -2.284268 1052.278076 186.485779 1153.014771 225.206070 1.466102 1.622190 3.358602 16.292830 1.605426 23.749555 -1.687736 
58 2 Car 0 1 -2.155447 945.105957 186.191971 1068.733765 226.814438 1.618644 1.719078 3.575366 13.742528 1.688314 24.226624 -1.643615 
58 3 Car 0 0 -1.643246 598.722168 173.792236 637.164734 202.146561 1.491087 1.526734 3.178931 0.720916 1.096134 36.835908 -1.622120 
59 1 Car 0 1 -2.284094 1052.941040 186.487595 1153.478516 225.790939 1.466102 1.622190 3.358602 16.292881 1.605469 23.749668 -1.687563 
59 2 Car 0 1 -2.155431 961.722534 183.910004 1068.911255 227.248169 1.618644 1.719078 3.575366 13.742596 1.688254 24.226641 -1.643596 
59 3 Car 0 0 -1.643226 598.931763 174.006332 635.875488 200.636948 1.491087 1.526734 3.178931 0.720865 1.096219 36.835861 -1.622101 
60 1 Car 0 1 -2.283920 1054.010742 186.550720 1153.088379 225.679153 1.466102 1.622190 3.358602 16.292931 1.605512 23.749781 -1.687390 
60 2 Car 0 1 -2.155415 967.206238 185.976898 1084.340088 224.980698 1.618644 1.719078 3.575366 13.742664 1.688193 24.226659 -1.643578 
60 3 Car 0 0 -1.643207 598.808594 173.385971 636.181152 201.179077 1.491087 1.526734 3.178931 0.720814 1.096304 36.835813 -1.622083 
61 1 Car 0 1 -2.283747 1058.802612 186.239685 1152.669189 226.861237 1.466102 1.622190 3.358602 16.292981 1.605555 23.749894 -1.687217 
61 3 Car 0 0 -1.643187 599.098450 173.949966 636.086365 199.895309 1.491087 1.526734 3.178931 0.720764 1.096389 36.835765 -1.622065 
62 0 Car 0 1 0.886216 1098.376831 187.225693 1211.258789 230.010406 1.568988 1.706779 3.940679 19.228270 1.748358 24.491001 1.546960 
62 1 Car 0 1 -2.283573 1071.401733 187.836319 1153.919189 227.107513 1.466102 1.622190 3.358602 16.293031 1.605598 23.750006 -1.687044 
62 2 Car 0 1 -2.155382 957.589539 188.346390 1128.708130 227.104828 1.618644 1.719078 3.575366 13.742800 1.688073 24.226694 -1.643542 
62 3 Car 0 0 -1.643167 598.643372 173.527924 636.427368 201.855469 1.491087 1.526734 3.178931 0.720713 1.096474 36.835718 -1.622047 
63 0 Car 0 1 0.886060 1109.366333 187.927216 1217.590820 227.609634 1.568988 1.706779 3.940679 19.227755 1.747919 24.490692 1.546797 
63 1 Car 0 1 -2.283399 1002.902405 187.703461 1156.522461 225.105713 1.466102 1.622190 3.358602 16.293081 1.605641 23.750119 -1.686871 
63 2 Car 0 1 -2.155366 961.760254 187.285233 1057.528198 224.853470 1.618644 1.719078 3.575366 13.742868 1.688012 24.226712 -1.643524 
63 3 Car 0 0 -1.643148 598.497864 173.438614 636.531128 201.688339 1.491087 1.526734 3.178931 0.720662 1.096559 36.835670 -1.622029 
64 0 Car 0 1 0.885904 1130.587402 186.905777 1220.489502 227.254364 1.568988 1.706779 3.940679 19.227239 1.747481 24.490382 1.546635 
64 1 Car 0 1 -2.283225 1046.737915 186.702301 1162.208740 231.242310 1.466102 1.622190 3.358602 16.293131 1.605684 23.750232 -1.686698 
64 2 Car 0 1 -2.155349 962.495544 187.201111 1064.556152 223.538834 1.618644 1.719078 3.575366 13.742936 1.687952 24.226729 -1.643505 
64 3 Car 0 0 -1.643128 598.730347 173.450943 636.412292 201.366684 1.491087 1.526734 3.178931 0.720611 1.096644 36.835622 -1.622011 
65 0 Car 0 1 0.885748 1135.512207 186.592697 1220.260010 227.556931 1.568988 1.706779 3.940679 19.226723 1.747042 24.490073 1.546472 
65 1 Car 0 1 -2.283051 1047.139893 185.250671 1190.639282 225.793854 1.466102 1.622190 3.358602 16.293181 1.605727 23.750344 -1.686525 
65 2 Car 0 1 -2.155333 964.151184 186.744675 1063.643311 222.666962 1.618644 1.719078 3.575366 13.743004 1.687892 24.226747 -1.643487 
65 3 Car 0 0 -1.643109 598.435120 173.293198 636.970825 202.567520 1.491087 1.526734 3.178931 0.720561 1.096729 36.835575 -1.621992 
66 0 Car 0 1 0.885592 1061.388672 185.921188 1203.285156 224.811005 1.568988 1.706779 3.940679 19.226207 1.746603 24.489763 1.546309 
66 2 Car 0 1 -2.155316 966.109436 186.843872 1064.077881 222.452377 1.618644 1.719078 3.575366 13.743072 1.687832 24.226765 -1.643469 
66 3 Car 0 0 -1.643089 598.246765 173.393326 636.565063 202.188263 1.491087 1.526734 3.178931 0.720510 1.096815 36.835527 -1.621974 
67 0 Car 0 1 0.885436 1104.510620 187.486649 1219.799194 228.496933 1.568988 1.706779 3.940679 19.225691 1.746164 24.489454 1.546146 
67 1 Car 0 1 -2.282704 1052.220337 186.304352 1141.451782 225.519943 1.466102 1.622190 3.358602 16.293281 1.605814 23.750570 -1.686179 
67 2 Car 0 1 -2.155300 963.636475 186.844986 1064.701782 222.989777 1.618644 1.719078 3.575366 13.743140 1.687771 24.226782 -1.643451 
67 3 Car 0 0 -1.643070 597.975403 173.471054 636.361633 201.631866 1.491087 1.526734 3.178931 0.720459 1.096900 36.835479 -1.621956 
68 1 Car 0 1 -2.282530 1051.692627 186.353363 1155.413818 226.610687 1.466102 1.622190 3.358602 16.293332 1.605857 23.750683 -1.686006 
68 2 Car 0 1 -2.155284 964.463806 186.847153 1065.309082 223.118607 1.618644 1.719078 3.575366 13.743208 1.687711 24.226800 -1.643433 
68 3 Car 0 0 -1.643050 598.724487 173.542786 637.344177 201.793823 1.491087 1.526734 3.178931 0.720409 1.096985 36.835431 -1.621938 
69 1 Car 0 1 -2.282356 1053.616821 186.560089 1155.921021 225.002319 1.466102 1.622190 3.358602 16.293382 1.605900 23.750795 -1.685833 
69 2 Car 0 1 -2.155267 964.867554 186.655502 1064.420166 222.906677 1.618644 1.719078 3.575366 13.743276 1.687651 24.226818 -1.643415 
69 3 Car 0 0 -1.643031 599.848816 173.585541 637.518982 200.219971 1.491087 1.526734 3.178931 0.720358 1.097070 36.835384 -1.621920 
70 1 Car 0 1 -2.282182 1053.476807 186.485168 1154.526978 225.086639 1.466102 1.622190 3.358602 16.293432 1.605943 23.750908 -1.685660 
70 2 Car 0 1 -2.155251 967.376526 186.546890 1063.595093 222.772705 1.618644 1.719078 3.575366 13.743344 1.687590 24.226835 -1.643396 
70 3 Car 0 1 -1.643011 599.585083 173.711197 636.404175 199.156738 1.491087 1.526734 3.178931 0.720307 1.097155 36.835336 -1.621901 
71 0 Car 0 1 0.884811 1086.704468 186.638794 1205.300415 227.208237 1.568988 1.706779 3.940679 19.223627 1.744410 24.488216 1.545494 
71 1 Car 0 1 -2.282009 1051.739990 186.510513 1153.092896 225.158813 1.466102 1.622190 3.358602 16.293482 1.605986 23.751021 -1.685487 
71 2 Car 0 1 -2.155235 965.268677 186.889786 1064.433228 222.867661 1.618644 1.719078 3.575366 13.743412 1.687530 24.226853 -1.643378 
71 3 Car 0 1 -1.642992 601.855286 173.980438 635.328918 194.882172 1.491087 1.526734 3.178931 0.720257 1.097240 36.835288 -1.621883 
72 1 Car 0 1 -2.281835 1053.028442 186.445465 1152.967163 225.164368 1.466102 1.622190 3.358602 16.293532 1.606029 23.751133 -1.685314 
72 2 Car 0 1 -2.155218 964.963013 186.648041 1063.865234 222.882309 1.618644 1.719078 3.575366 13.743480 1.687470 24.226870 -1.643360 
72 3 Car 0 1 -1.642972 605.061951 173.823425 634.106628 191.579117 1.491087 1.526734 3.178931 0.720206 1.097325 36.835241 -1.621865 
73 0 Car 0 1 0.884499 1082.369995 186.950851 1202.003418 227.584930 1.568988 1.706779 3.940679 19.222595 1.743532 24.487597 1.545169 
73 1 Car 0 1 -2.281661 1052.154907 186.437576 1153.247559 225.218353 1.466102 1.622190 3.358602 16.293582 1.606072 23.751246 -1.685141 
73 2 Car 0 1 -2.155202 966.048401 186.701492 1063.498657 222.621201 1.618644 1.719078 3.575366 13.743548 1.687410 24.226888 -1.643342 
73 3 Car 0 1 -1.642952 601.026184 171.578949 635.422058 203.357452 1.491087 1.526734 3.178931 0.720155 1.097410 36.835193 -1.621847 
74 1 Car 0 1 -2.281487 1052.246460 186.516678 1152.963501 225.385162 1.466102 1.622190 3.358602 16.293632 1.606115 23.751359 -1.684968 
74 2 Car 0 1 -2.155186 965.471802 186.661438 1063.764526 222.645966 1.618644 1.719078 3.575366 13.743616 1.687349 24.226906 -1.643324 
74 3 Car 0 1 -1.642933 613.918335 172.713303 636.673096 203.311050 1.491087 1.526734 3.178931 0.720105 1.097495 36.835145 -1.621829 
75 1 Car 0 1 -2.281313 1052.437866 186.492813 1153.185547 225.128342 1.466102 1.622190 3.358602 16.293682 1.606158 23.751472 -1.684794 
75 2 Car 0 1 -2.155169 966.792542 186.451660 1064.477539 223.123657 1.618644 1.719078 3.575366 13.743684 1.687289 24.226923 -1.643305 
76 1 Car 0 1 -2.281140 1051.684937 186.480057 1153.117188 225.215790 1.466102 1.622190 3.358602 16.293732 1.606201 23.751584 -1.684621 
76 2 Car 0 1 -2.155153 965.154480 186.678574 1063.766357 222.671616 1.618644 1.719078 3.575366 13.743752 1.687229 24.226941 -1.643287 
77 0 Car 0 1 0.883875 1085.627930 186.695084 1205.635742 227.806686 1.568988 1.706779 3.940679 19.220531 1.741777 24.486359 1.544517 
77 1 Car 0 1 -2.280966 1052.060791 186.496964 1153.566284 225.234497 1.466102 1.622190 3.358602 16.293783 1.606244 23.751697 -1.684448 
77 2 Car 0 1 -2.155136 966.141846 186.686020 1063.700928 222.637634 1.618644 1.719078 3.575366 13.743820 1.687168 24.226958 -1.643269 
78 0 Car 0 1 0.883719 1075.630249 187.305145 1199.818237 227.291000 1.568988 1.706779 3.940679 19.220015 1.741339 24.486049 1.544354 
78 1 Car 0 1 -2.280792 1052.407837 186.533173 1152.836670 225.285843 1.466102 1.622190 3.358602 16.293833 1.606287 23.751810 -1.684275 
78 2 Car 0 1 -2.155120 965.040039 186.790298 1064.302124 222.747879 1.618644 1.719078 3.575366 13.743888 1.687108 24.226976 -1.643251 
78 3 Car 0 1 -1.642855 608.527161 174.998672 632.887512 214.069580 1.491087 1.526734 3.178931 0.719902 1.097836 36.834954 -1.621756 
79 0 Car 0 1 0.883563 1092.270264 186.795380 1208.000732 227.772995 1.568988 1.706779 3.940679 19.219499 1.740900 24.485740 1.544191 
79 1 Car 0 1 -2.280618 1052.456177 186.384598 1152.733154 225.314804 1.466102 1.622190 3.358602 16.293883 1.606330 23.751922 -1.684102 
79 2 Car 0 1 -2.155104 968.170593 186.723480 1062.542603 222.203629 1.618644 1.719078 3.575366 13.743956 1.687048 24.226994 -1.643233 
80 1 Car 0 1 -2.280444 1052.332886 186.433578 1152.899292 225.192871 1.466102 1.622190 3.358602 16.293933 1.606373 23.752035 -1.683929 
80 2 Car 0 1 -2.155087 965.387329 186.636749 1063.876587 222.772736 1.618644 1.719078 3.575366 13.744024 1.686987 24.227011 -1.643215 
81 0 Car 0 1 0.883251 1086.154297 186.893845 1204.122070 227.858566 1.568988 1.706779 3.940679 19.218467 1.740022 24.485121 1.543865 
81 1 Car 0 1 -2.280271 1053.463135 186.520737 1153.337402 225.369720 1.466102 1.622190 3.358602 16.293983 1.606416 23.752148 -1.683756 
81 2 Car 0 1 -2.155071 965.404846 186.494766 1063.891602 222.715485 1.618644 1.719078 3.575366 13.744092 1.686927 24.227029 -1.643196 
82 1 Car 0 1 -2.280097 1052.206909 186.465500 1153.193970 225.213257 1.466102 1.622190 3.358602 16.294033 1.606459 23.752261 -1.683583 
82 2 Car 0 1 -2.155055 964.835266 186.494064 1064.520020 222.823547 1.618644 1.719078 3.575366 13.744160 1.686867 24.227047 -1.643178 
82 3 Car 0 1 -1.642776 600.126587 172.729614 625.141663 202.936829 1.491087 1.526734 3.178931 0.719699 1.098176 36.834764 -1.621683 
83 0 Car 0 1 0.882939 1086.333374 186.782913 1205.135620 228.003479 1.568988 1.706779 3.940679 19.217435 1.739145 24.484502 1.543540 
83 1 Car 0 1 -2.279923 1051.728516 186.594528 1153.356567 225.122238 1.466102 1.622190 3.358602 16.294083 1.606503 23.752373 -1.683410 
83 2 Car 0 1 -2.155038 965.800171 186.676804 1064.185669 222.793747 1.618644 1.719078 3.575366 13.744228 1.686807 24.227064 -1.643160 
83 3 Car 0 1 -1.642757 598.546753 172.720795 629.934509 207.784851 1.491087 1.526734 3.178931 0.719649 1.098261 36.834716 -1.621665 
84 0 Car 0 1 0.882783 1097.294556 186.678268 1207.035522 227.589478 1.568988 1.706779 3.940679 19.216919 1.738706 24.484192 1.543377 
84 1 Car 0 1 -2.279749 1053.138794 186.562042 1153.099976 225.106583 1.466102 1.622190 3.358602 16.294133 1.606546 23.752486 -1.683237 
84 2 Car 0 1 -2.155022 964.764465 186.626755 1063.789673 222.889343 1.618644 1.719078 3.575366 13.744296 1.686746 24.227082 -1.643142 
84 3 Car 0 1 -1.642737 599.854309 173.112900 633.414734 207.042572 1.491087 1.526734 3.178931 0.719598 1.098346 36.834668 -1.621647 
85 1 Car 0 1 -2.279575 1051.952026 186.454239 1153.133179 225.256485 1.466102 1.622190 3.358602 16.294183 1.606589 23.752599 -1.683064 
85 2 Car 0 1 -2.155006 965.027161 186.758682 1064.429443 222.926941 1.618644 1.719078 3.575366 13.744364 1.686686 24.227099 -1.643124 
85 3 Car 0 1 -1.642718 600.360413 173.906097 634.154358 205.003006 1.491087 1.526734 3.178931 0.719547 1.098431 36.834621 -1.621629 
86 0 Car 0 1 0.882471 1093.966064 186.609985 1207.449463 227.633209 1.568988 1.706779 3.940679 19.215887 1.737829 24.483573 1.543051 
86 1 Car 0 1 -2.279402 1052.686890 186.626328 1153.436401 225.326050 1.466102 1.622190 3.358602 16.294234 1.606632 23.752711 -1.682891 
86 2 Car 0 1 -2.154989 964.803955 186.724396 1063.804199 222.920807 1.618644 1.719078 3.575366 13.744432 1.686626 24.227117 -1.643105 
86 3 Car 0 0 -1.642698 599.279297 173.289108 637.324524 204.619858 1.491087 1.526734 3.178931 0.719497 1.098516 36.834573 -1.621611 
87 0 Car 0 1 0.882315 1094.141602 186.680557 1208.145630 227.848846 1.568988 1.706779 3.940679 19.215371 1.737390 24.483264 1.542888 
87 1 Car 0 1 -2.279228 1052.518555 186.407730 1153.012085 225.192017 1.466102 1.622190 3.358602 16.294284 1.606675 23.752824 -1.682718 
87 2 Car 0 1 -2.154973 965.041321 186.868774 1063.940186 222.807800 1.618644 1.719078 3.575366 13.744500 1.686565 24.227135 -1.643087 
87 3 Car 0 0 -1.642679 598.743896 173.818710 636.563965 203.086853 1.491087 1.526734 3.178931 0.719446 1.098601 36.834525 -1.621592 
88 0 Car 0 1 0.882159 1076.995850 187.275269 1204.142944 227.504562 1.568988 1.706779 3.940679 19.214855 1.736951 24.482954 1.542725 
88 1 Car 0 1 -2.279054 1052.597412 186.549805 1152.796997 225.120789 1.466102 1.622190 3.358602 16.294334 1.606718 23.752937 -1.682545 
88 2 Car 0 1 -2.154956 966.052734 186.721680 1063.005249 222.710846 1.618644 1.719078 3.575366 13.744568 1.686505 24.227152 -1.643069 
88 3 Car 0 0 -1.642659 599.473755 173.596008 636.373108 202.539337 1.491087 1.526734 3.178931 0.719395 1.098686 36.834477 -1.621574 
89 0 Car 0 1 0.882003 1092.379150 186.899170 1208.508301 227.846741 1.568988 1.706779 3.940679 19.214339 1.736513 24.482645 1.542562 
89 1 Car 0 1 -2.278880 1051.985229 186.519791 1152.914917 225.155548 1.466102 1.622190 3.358602 16.294384 1.606761 23.753050 -1.682372 
89 2 Car 0 1 -2.154940 964.792419 186.566223 1063.689209 223.224518 1.618644 1.719078 3.575366 13.744636 1.686445 24.227170 -1.643051 
89 3 Car 0 1 -1.642640 603.277527 174.076523 635.505981 198.707245 1.491087 1.526734 3.178931 0.719345 1.098771 36.834430 -1.621556 
90 0 Car 0 1 0.881847 1082.847168 187.115448 1205.978394 227.546707 1.568988 1.706779 3.940679 19.213824 1.736074 24.482335 1.542399 
90 1 Car 0 1 -2.278706 1052.290161 186.584579 1152.958252 225.313568 1.466102 1.622190 3.358602 16.294434 1.606804 23.753162 -1.682199 
90 2 Car 0 1 -2.154924 964.264587 186.714035 1064.159302 223.039505 1.618644 1.719078 3.575366 13.744704 1.686385 24.227188 -1.643033 
90 3 Car 0 1 -1.642620 608.110840 173.090820 638.455811 204.676697 1.491087 1.526734 3.178931 0.719294 1.098856 36.834382 -1.621538 
91 0 Car 0 1 0.881691 1081.705566 187.032700 1205.375977 227.463882 1.568988 1.706779 3.940679 19.213308 1.735635 24.482026 1.542236 
91 1 Car 0 1 -2.278533 1052.330444 186.502777 1153.169922 225.289230 1.466102 1.622190 3.358602 16.294484 1.606847 23.753275 -1.682026 
91 2 Car 0 1 -2.154907 968.681213 186.496231 1063.692627 222.933472 1.618644 1.719078 3.575366 13.744772 1.686324 24.227205 -1.643015 
91 3 Car 0 1 -1.642601 610.876892 172.433640 637.792297 205.627090 1.491087 1.526734 3.178931 0.719243 1.098942 36.834334 -1.621520 
92 0 Car 0 1 0.881535 1085.676025 187.019608 1204.311401 227.466751 1.568988 1.706779 3.940679 19.212792 1.735196 24.481716 1.542074 
92 1 Car 0 1 -2.278359 1051.966797 186.608246 1153.285522 225.171600 1.466102 1.622190 3.358602 16.294534 1.606890 23.753388 -1.681853 
92 2 Car 0 1 -2.154891 965.140320 186.609192 1064.412109 223.097717 1.618644 1.719078 3.575366 13.744841 1.686264 24.227223 -1.642996 
93 1 Car 0 1 -2.278185 1051.995239 186.543991 1153.441162 225.259735 1.466102 1.622190 3.358602 16.294584 1.606933 23.753500 -1.681680 
93 2 Car 0 1 -2.154875 964.291199 186.452805 1064.649170 223.162155 1.618644 1.719078 3.575366 13.744909 1.686204 24.227240 -1.642978 
94 0 Car 0 1 0.881223 1082.743408 187.077942 1204.489746 227.745560 1.568988 1.706779 3.940679 19.211760 1.734319 24.481097 1.541748 
94 1 Car 0 1 -2.278011 1052.165894 186.618240 1152.878784 225.268997 1.466102 1.622190 3.358602 16.294634 1.606976 23.753613 -1.681507 
94 2 Car 0 1 -2.154858 965.317810 186.838135 1063.333618 223.094818 1.618644 1.719078 3.575366 13.744977 1.686143 24.227258 -1.642960 
95 0 Car 0 1 0.881067 1078.928955 188.733643 1192.538574 226.841873 1.568988 1.706779 3.940679 19.211244 1.733880 24.480788 1.541585 
95 1 Car 0 1 -2.277837 1051.138306 186.483887 1153.090332 225.145630 1.466102 1.622190 3.358602 16.294685 1.607019 23.753726 -1.681334 
95 2 Car 0 1 -2.154842 965.209900 186.467438 1063.793091 222.987869 1.618644 1.719078 3.575366 13.745045 1.686083 24.227276 -1.642942 
96 0 Car 0 1 0.880911 1091.358032 186.791183 1208.595581 227.706940 1.568988 1.706779 3.940679 19.210728 1.733442 24.480478 1.541422 
96 1 Car 0 1 -2.277664 1052.072754 186.555527 1153.305298 225.133987 1.466102 1.622190 3.358602 16.294735 1.607062 23.753838 -1.681161 
96 2 Car 0 1 -2.154826 965.504883 186.686996 1063.844971 222.964401 1.618644 1.719078 3.575366 13.745113 1.686023 24.227293 -1.642924 
97 0 Car 0 1 0.880755 1077.943848 187.166824 1201.883179 227.276917 1.568988 1.706779 3.940679 19.210212 1.733003 24.480169 1.541259 
97 1 Car 0 1 -2.277490 1051.938110 186.565659 1153.151123 225.276321 1.466102 1.622190 3.358602 16.294785 1.607105 23.753951 -1.680988 
97 2 Car 0 1 -2.154809 965.325745 186.652512 1063.595581 223.132385 1.618644 1.719078 3.575366 13.745181 1.685962 24.227311 -1.642905 
98 0 Car 0 1 0.880599 1082.147461 187.005615 1204.430786 227.505463 1.568988 1.706779 3.940679 19.209696 1.732564 24.479859 1.541096 
98 1 Car 0 1 -2.277316 1051.987427 186.503342 1153.300659 225.282440 1.466102 1.622190 3.358602 16.294835 1.607148 23.754064 -1.680815 
98 2 Car 0 1 -2.154793 965.933838 186.528870 1063.124146 222.918915 1.618644 1.719078 3.575366 13.745249 1.685902 24.227328 -1.642887 
99 0 Car 0 1 0.880443 1090.080688 188.698517 1199.451294 226.059845 1.568988 1.706779 3.940679 19.209180 1.732125 24.479550 1.540933 
99 1 Car 0 1 -2.277142 1052.101562 186.636871 1153.451904 225.172501 1.466102 1.622190 3.358602 16.294885 1.607192 23.754177 -1.680641 
99 2 Car 0 1 -2.154777 964.829407 186.508179 1064.014526 223.103943 1.618644 1.719078 3.575366 13.745317 1.685842 24.227346 -1.642869 
100 1 Car 0 1 -2.276968 1052.045532 186.509796 1153.001343 225.205704 1.466102 1.622190 3.358602 16.294935 1.607235 23.754289 -1.680468 
100 2 Car 0 1 -2.154760 968.723938 186.508682 1063.633911 222.752914 1.618644 1.719078 3.575366 13.745385 1.685782 24.227364 -1.642851 
101 0 Car 0 1 0.880131 1090.937256 186.910614 1208.434326 227.765533 1.568988 1.706779 3.940679 19.208148 1.731248 24.478931 1.540608 
101 1 Car 0 1 -2.276795 1052.351196 186.551285 1152.932617 225.171509 1.466102 1.622190 3.358602 16.294985 1.607278 23.754402 -1.680295 
101 2 Car 0 1 -2.154744 965.656006 186.620041 1063.388672 222.856079 1.618644 1.719078 3.575366 13.745453 1.685721 24.227381 -1.642833 
102 0 Car 0 1 0.879975 1102.830688 187.789261 1194.876221 224.864334 1.568988 1.706779 3.940679 19.207632 1.730809 24.478621 1.540445 
102 1 Car 0 1 -2.276621 1052.123169 186.395554 1153.290283 225.300125 1.466102 1.622190 3.358602 16.295035 1.607321 23.754515 -1.680122 
102 2 Car 0 1 -2.154727 965.544312 186.463486 1063.587524 222.717499 1.618644 1.719078 3.575366 13.745521 1.685661 24.227399 -1.642815 
103 1 Car 0 1 -2.276447 1052.537109 186.497574 1153.875488 225.454147 1.466102 1.622190 3.358602 16.295085 1.607364 23.754627 -1.679949 
103 2 Car 0 1 -2.154711 965.528931 186.670105 1063.014893 222.734665 1.618644 1.719078 3.575366 13.745589 1.685601 24.227417 -1.642796 
104 0 Car 0 1 0.879663 1097.842163 186.736923 1208.572510 227.550995 1.568988 1.706779 3.940679 19.206600 1.729932 24.478002 1.540119 
104 1 Car 0 1 -2.276273 1052.013672 186.498032 1153.159790 225.232376 1.466102 1.622190 3.358602 16.295136 1.607407 23.754740 -1.679776 
104 2 Car 0 1 -2.154695 967.508423 186.723587 1062.421631 222.590057 1.618644 1.719078 3.575366 13.745657 1.685540 24.227434 -1.642778 
104 3 Car 0 1 -1.642346 599.744080 172.396271 629.408264 204.147568 1.491087 1.526734 3.178931 0.718584 1.100048 36.833714 -1.621283 
105 1 Car 0 1 -2.276099 1052.818359 186.437103 1153.013550 225.417648 1.466102 1.622190 3.358602 16.295186 1.607450 23.754853 -1.679603 
105 2 Car 0 1 -2.154678 965.749451 186.784271 1063.632446 222.822754 1.618644 1.719078 3.575366 13.745725 1.685480 24.227452 -1.642760 
105 3 Car 0 1 -1.642327 598.764587 172.995605 632.191223 206.639175 1.491087 1.526734 3.178931 0.718534 1.100133 36.833667 -1.621265 
106 0 Car 0 1 0.879350 1089.573242 187.016953 1206.528564 227.681198 1.568988 1.706779 3.940679 19.205568 1.729054 24.477383 1.539793 
106 1 Car 0 1 -2.275926 1052.581543 186.660904 1153.102417 225.287079 1.466102 1.622190 3.358602 16.295236 1.607493 23.754966 -1.679430 
106 2 Car 0 1 -2.154662 962.934021 186.718826 1064.417603 222.822296 1.618644 1.719078 3.575366 13.745793 1.685420 24.227469 -1.642742 
106 3 Car 0 1 -1.642307 599.361145 173.775848 633.123108 206.489670 1.491087 1.526734 3.178931 0.718483 1.100218 36.833619 -1.621247 
107 0 Car 0 1 0.879194 1086.384888 187.070129 1206.079468 227.802948 1.568988 1.706779 3.940679 19.205052 1.728616 24.477074 1.539630 
107 1 Car 0 1 -2.275752 1052.315430 186.503387 1152.990845 225.358887 1.466102 1.622190 3.358602 16.295286 1.607536 23.755078 -1.679257 
107 2 Car 0 1 -2.154646 962.229248 186.541733 1063.216797 222.855209 1.618644 1.719078 3.575366 13.745861 1.685360 24.227487 -1.642724 
107 3 Car 0 0 -1.642288 600.423279 173.580460 636.433838 204.007889 1.491087 1.526734 3.178931 0.718432 1.100303 36.833571 -1.621229 
108 0 Car 0 1 0.879038 1077.064209 187.168915 1200.255371 227.407745 1.568988 1.706779 3.940679 19.204536 1.728177 24.476764 1.539467 
108 1 Car 0 1 -2.275578 1052.427856 186.595581 1153.237793 225.316315 1.466102 1.622190 3.358602 16.295336 1.607579 23.755191 -1.679084 
108 2 Car 0 1 -2.154629 966.230530 186.494095 1063.178467 222.510941 1.618644 1.719078 3.575366 13.745929 1.685299 24.227505 -1.642705 
108 3 Car 0 1 -1.642268 600.295471 174.655807 637.338562 200.580032 1.491087 1.526734 3.178931 0.718382 1.100388 36.833524 -1.621211 
109 0 Car 0 1 0.878882 1088.867554 186.787460 1205.948242 227.654617 1.568988 1.706779 3.940679 19.204020 1.727738 24.476455 1.539304 
109 1 Car 0 1 -2.275404 1051.840088 186.509140 1153.154541 225.291779 1.466102 1.622190 3.358602 16.295386 1.607622 23.755304 -1.678911 
109 2 Car 0 1 -2.154613 964.816406 186.677490 1065.170654 222.859711 1.618644 1.719078 3.575366 13.745997 1.685239 24.227522 -1.642687 
109 3 Car 0 1 -1.642249 602.329529 174.310120 634.888000 193.504578 1.491087 1.526734 3.178931 0.718331 1.100473 36.833476 -1.621192 
110 0 Car 0 1 0.878726 1089.744385 186.942719 1207.183350 227.470856 1.568988 1.706779 3.940679 19.203504 1.727299 24.476145 1.539142 
110 1 Car 0 1 -2.275231 1051.826660 186.552765 1152.986450 225.269501 1.466102 1.622190 3.358602 16.295436 1.607665 23.755416 -1.678738 
110 2 Car 0 1 -2.154597 968.504944 186.147903 1062.377441 222.480133 1.618644 1.719078 3.575366 13.746065 1.685179 24.227540 -1.642669 
110 3 Car 0 1 -1.642229 605.245422 173.986603 634.879089 195.200272 1.491087 1.526734 3.178931 0.718280 1.100558 36.833428 -1.621174 
111 0 Car 0 1 0.878570 1080.140503 188.706879 1194.088013 226.439468 1.568988 1.706779 3.940679 19.202988 1.726861 24.475836 1.538979 
111 1 Car 0 1 -2.275057 1051.970215 186.494446 1153.074219 225.320816 1.466102 1.622190 3.358602 16.295486 1.607708 23.755529 -1.678565 
111 2 Car 0 1 -2.154580 979.371277 185.669312 1063.252197 222.840881 1.618644 1.719078 3.575366 13.746133 1.685118 24.227558 -1.642651 
111 3 Car 0 1 -1.642210 608.215759 173.745438 635.912231 198.533890 1.491087 1.526734 3.178931 0.718230 1.100643 36.833380 -1.621156 
112 0 Car 0 1 0.878414 1091.759399 186.776459 1208.150513 227.464630 1.568988 1.706779 3.940679 19.202472 1.726422 24.475526 1.538816 
112 1 Car 0 1 -2.274883 1051.797241 186.491318 1153.004883 225.135513 1.466102 1.622190 3.358602 16.295536 1.607751 23.755642 -1.678392 
112 3 Car 0 1 -1.642190 612.949463 173.836990 635.214966 201.777573 1.491087 1.526734 3.178931 0.718179 1.100728 36.833333 -1.621138 
113 0 Car 0 1 0.878258 1092.831909 188.773239 1199.770508 226.053772 1.568988 1.706779 3.940679 19.201956 1.725983 24.475217 1.538653 
113 1 Car 0 1 -2.274709 1051.960938 186.628235 1152.695801 225.323181 1.466102 1.622190 3.358602 16.295587 1.607794 23.755755 -1.678219 
113 2 Car 0 1 -2.154547 960.232544 181.741684 1066.140625 230.938095 1.618644 1.719078 3.575366 13.746269 1.684998 24.227593 -1.642614 
114 1 Car 0 1 -2.274535 1052.143677 186.383820 1152.662231 225.480484 1.466102 1.622190 3.358602 16.295637 1.607837 23.755867 -1.678046 
114 2 Car 0 1 -2.154531 982.089172 182.268005 1060.853271 223.875504 1.618644 1.719078 3.575366 13.746337 1.684937 24.227610 -1.642596 
115 0 Car 0 1 0.877946 1089.403442 186.944489 1205.457642 227.465546 1.568988 1.706779 3.940679 19.200924 1.725106 24.474598 1.538327 
115 1 Car 0 1 -2.274362 1052.989502 186.464828 1152.519897 225.234039 1.466102 1.622190 3.358602 16.295687 1.607881 23.755980 -1.677873 
116 0 Car 0 1 0.877790 1082.501709 186.595474 1203.999390 227.649994 1.568988 1.706779 3.940679 19.200408 1.724667 24.474288 1.538164 
116 1 Car 0 1 -2.274188 1053.825073 186.263641 1152.505005 225.359940 1.466102 1.622190 3.358602 16.295737 1.607924 23.756093 -1.677700 
116 2 Car 0 1 -2.154498 966.503784 185.006119 1074.098755 230.670364 1.618644 1.719078 3.575366 13.746473 1.684817 24.227646 -1.642560 
117 1 Car 0 1 -2.274014 1054.107422 186.399750 1152.707764 225.763031 1.466102 1.622190 3.358602 16.295787 1.607967 23.756205 -1.677527 
117 2 Car 0 1 -2.154482 956.982727 190.796997 1082.960693 228.384750 1.618644 1.719078 3.575366 13.746541 1.684757 24.227663 -1.642542 
118 0 Car 0 1 0.877478 1033.820435 183.981354 1205.216797 224.848801 1.568988 1.706779 3.940679 19.199377 1.723790 24.473669 1.537838 
118 1 Car 0 1 -2.273840 1061.878662 186.953247 1151.153564 225.857025 1.466102 1.622190 3.358602 16.295837 1.608010 23.756318 -1.677354 
119 0 Car 0 1 0.877322 1097.045166 187.465836 1205.453369 227.697205 1.568988 1.706779 3.940679 19.198861 1.723351 24.473360 1.537676 
119 1 Car 0 1 -2.273666 1041.974243 182.516632 1159.776001 231.245773 1.466102 1.622190 3.358602 16.295887 1.608053 23.756431 -1.677181 
120 0 Car 0 1 0.877166 1119.597534 187.432388 1219.760864 227.364426 1.568988 1.706779 3.940679 19.198345 1.722912 24.473050 1.537513 
120 1 Car 0 1 -2.273493 996.132690 187.154373 1170.866333 230.741592 1.466102 1.622190 3.358602 16.295937 1.608096 23.756544 -1.677008 
120 2 Car 0 1 -2.154433 930.292969 184.668869 1076.213379 225.384003 1.618644 1.719078 3.575366 13.746745 1.684576 24.227716 -1.642487 
121 0 Car 0 1 0.877010 1141.697632 181.897461 1220.066406 226.835236 1.568988 1.706779 3.940679 19.197829 1.722473 24.472741 1.537350 
121 1 Car 0 1 -2.273319 1052.707275 186.256454 1161.905151 232.481964 1.466102 1.622190 3.358602 16.295987 1.608139 23.756656 -1.676835 
121 2 Car 0 1 -2.154417 960.236389 186.759598 1060.348267 224.377167 1.618644 1.719078 3.575366 13.746813 1.684515 24.227734 -1.642469 
122 1 Car 0 1 -2.273145 1049.851562 182.755722 1196.564941 221.814865 1.466102 1.622190 3.358602 16.296038 1.608182 23.756769 -1.676662 
122 2 Car 0 1 -2.154400 960.401611 186.943604 1064.958740 223.127289 1.618644 1.719078 3.575366 13.746881 1.684455 24.227751 -1.642451 
123 1 Car 0 1 -2.272971 1051.355347 183.817276 1192.342896 227.257141 1.466102 1.622190 3.358602 16.296088 1.608225 23.756882 -1.676489 
123 2 Car 0 1 -2.154384 968.255066 185.622330 1064.407471 221.490128 1.618644 1.719078 3.575366 13.746949 1.684395 24.227769 -1.642433 
124 0 Car 0 1 0.876542 1059.298340 186.787415 1199.484375 225.431686 1.568988 1.706779 3.940679 19.196281 1.721157 24.471812 1.536861 
124 2 Car 0 1 -2.154368 962.420410 185.955444 1116.856445 225.449051 1.618644 1.719078 3.575366 13.747017 1.684334 24.227787 -1.642414 
125 0 Car 0 1 0.876386 1047.005737 178.440674 1224.000000 249.877945 1.568988 1.706779 3.940679 19.195765 1.720719 24.471503 1.536698 
125 1 Car 0 1 -2.272624 1052.283081 186.032089 1144.702148 226.312653 1.466102 1.622190 3.358602 16.296188 1.608311 23.757107 -1.676142 
126 0 Car 0 1 0.876230 1075.938110 185.692596 1217.579712 267.206085 1.568988 1.706779 3.940679 19.195249 1.720280 24.471193 1.536535 
126 1 Car 0 1 -2.272450 1051.100708 186.228958 1157.570312 226.041824 1.466102 1.622190 3.358602 16.296238 1.608354 23.757220 -1.675969 
126 2 Car 0 1 -2.154335 990.093506 181.069824 1069.624878 231.250931 1.618644 1.719078 3.575366 13.747154 1.684214 24.227822 -1.642378 
127 1 Car 0 1 -2.272276 1061.572021 185.923904 1154.306763 226.854370 1.466102 1.622190 3.358602 16.296288 1.608397 23.757333 -1.675796 
128 1 Car 0 1 -2.272102 1046.486328 187.774582 1202.595703 233.241409 1.466102 1.622190 3.358602 16.296338 1.608440 23.757445 -1.675623 
129 0 Car 0 1 0.875762 1115.530640 189.172974 1188.391113 236.410156 1.568988 1.706779 3.940679 19.193701 1.718964 24.470265 1.536047 
129 1 Car 0 1 -2.271928 1014.378906 190.562546 1159.895630 234.704071 1.466102 1.622190 3.358602 16.296388 1.608483 23.757558 -1.675450 
129 2 Car 0 1 -2.154286 983.743652 184.415833 1069.839111 230.810883 1.618644 1.719078 3.575366 13.747358 1.684033 24.227875 -1.642324 
130 1 Car 0 1 -2.271755 1005.883301 185.123306 1132.467285 230.694550 1.466102 1.622190 3.358602 16.296438 1.608526 23.757671 -1.675277 
131 0 Car 0 1 0.875450 1133.483154 175.036850 1224.000000 237.412430 1.568988 1.706779 3.940679 19.192669 1.718086 24.469646 1.535721 
131 1 Car 0 1 -2.271581 1055.344482 186.336624 1150.159790 226.884644 1.466102 1.622190 3.358602 16.296489 1.608570 23.757783 -1.675104 
131 3 Car 0 1 -1.641819 598.713745 173.423477 628.755737 197.526428 1.491087 1.526734 3.178931 0.717216 1.102345 36.832427 -1.620792 
132 1 Car 0 1 -2.271407 1067.792236 186.553558 1151.126343 225.600769 1.466102 1.622190 3.358602 16.296539 1.608613 23.757896 -1.674931 
132 3 Car 0 1 -1.641799 599.046326 172.893707 631.787109 205.791565 1.491087 1.526734 3.178931 0.717165 1.102430 36.832379 -1.620774 
133 3 Car 0 1 -1.641779 598.523499 173.818420 632.222778 201.705841 1.491087 1.526734 3.178931 0.717115 1.102515 36.832331 -1.620756 
134 1 Car 0 1 -2.271059 1055.131348 185.351349 1194.456177 231.532761 1.466102 1.622190 3.358602 16.296639 1.608699 23.758122 -1.674585 
134 3 Car 0 1 -1.641760 599.082886 173.644165 634.022400 203.873123 1.491087 1.526734 3.178931 0.717064 1.102600 36.832283 -1.620738 
135 0 Car 0 1 0.874826 1110.759644 171.927551 1223.562500 231.667725 1.568988 1.706779 3.940679 19.190605 1.716331 24.468408 1.535069 
135 2 Car 0 1 -2.154188 962.228577 186.567917 1047.679932 224.952515 1.618644 1.719078 3.575366 13.747766 1.683671 24.227980 -1.642214 
135 3 Car 0 0 -1.641740 598.823914 173.725952 636.814026 205.810089 1.491087 1.526734 3.178931 0.717013 1.102685 36.832236 -1.620720 
136 0 Car 0 1 0.874670 1112.182983 187.929169 1196.396851 232.082413 1.568988 1.706779 3.940679 19.190089 1.715893 24.468098 1.534906 
136 2 Car 0 1 -2.154171 963.606384 186.613785 1066.378784 223.712524 1.618644 1.719078 3.575366 13.747834 1.683611 24.227998 -1.642196 
136 3 Car 0 1 -1.641721 601.661621 173.715790 636.811401 203.127411 1.491087 1.526734 3.178931 0.716963 1.102770 36.832188 -1.620701 
137 0 Car 0 1 0.874514 1058.002075 171.452896 1217.824829 240.316574 1.568988 1.706779 3.940679 19.189573 1.715454 24.467789 1.534744 
137 1 Car 0 1 -2.270538 967.245728 184.972305 1182.151367 237.681320 1.466102 1.622190 3.358602 16.296789 1.608828 23.758460 -1.674066 
137 2 Car 0 1 -2.154155 962.325928 187.015564 1065.045410 223.160080 1.618644 1.719078 3.575366 13.747902 1.683551 24.228016 -1.642178 
137 3 Car 0 1 -1.641701 606.300110 173.740433 635.745911 201.275177 1.491087 1.526734 3.178931 0.716912 1.102855 36.832140 -1.620683 
138 1 Car 0 1 -2.270364 1020.755554 186.066223 1170.917603 225.047806 1.466102 1.622190 3.358602 16.296839 1.608871 23.758572 -1.673893 
138 2 Car 0 1 -2.154138 963.639832 187.227310 1064.754517 223.042801 1.618644 1.719078 3.575366 13.747970 1.683490 24.228033 -1.642160 
138 3 Car 0 1 -1.641682 609.932129 173.236267 636.339966 203.171066 1.491087 1.526734 3.178931 0.716861 1.102940 36.832093 -1.620665 
139 1 Car 0 1 -2.270190 1052.246948 186.170609 1148.374023 226.405014 1.466102 1.622190 3.358602 16.296889 1.608914 23.758685 -1.673720 
139 2 Car 0 1 -2.154122 964.112854 187.053314 1064.168701 222.885605 1.618644 1.719078 3.575366 13.748038 1.683430 24.228051 -1.642142 
140 1 Car 0 1 -2.270017 1051.264038 186.463211 1157.369385 225.292786 1.466102 1.622190 3.358602 16.296940 1.608957 23.758798 -1.673547 
140 2 Car 0 1 -2.154106 964.906677 186.669113 1064.291504 222.975601 1.618644 1.719078 3.575366 13.748106 1.683370 24.228068 -1.642124 
141 1 Car 0 1 -2.269843 1052.658081 186.462067 1154.120117 225.291046 1.466102 1.622190 3.358602 16.296990 1.609000 23.758910 -1.673374 
141 2 Car 0 1 -2.154089 964.079407 187.218124 1062.316895 222.450653 1.618644 1.719078 3.575366 13.748174 1.683309 24.228086 -1.642105 
142 1 Car 0 1 -2.269669 1052.155151 186.439468 1153.139404 225.148987 1.466102 1.622190 3.358602 16.297040 1.609043 23.759023 -1.673201 
142 2 Car 0 1 -2.154073 965.431091 186.888779 1064.317017 222.966965 1.618644 1.719078 3.575366 13.748242 1.683249 24.228104 -1.642087 
143 0 Car 0 1 0.873578 1100.343750 188.761551 1203.114136 226.549637 1.568988 1.706779 3.940679 19.186477 1.712822 24.465932 1.533766 
143 1 Car 0 1 -2.269495 1051.856445 186.667175 1153.131348 225.136261 1.466102 1.622190 3.358602 16.297090 1.609086 23.759136 -1.673028 
143 2 Car 0 1 -2.154057 964.776794 186.730453 1064.608032 223.191055 1.618644 1.719078 3.575366 13.748310 1.683189 24.228121 -1.642069 
143 3 Car 0 1 -1.641584 600.653503 172.341187 622.514160 200.453522 1.491087 1.526734 3.178931 0.716608 1.103366 36.831854 -1.620574 
144 1 Car 0 1 -2.269321 1052.617188 186.478683 1152.788818 225.087875 1.466102 1.622190 3.358602 16.297140 1.609129 23.759249 -1.672855 
144 2 Car 0 1 -2.154040 963.727844 187.123474 1064.493042 222.442932 1.618644 1.719078 3.575366 13.748378 1.683129 24.228139 -1.642051 
144 3 Car 0 1 -1.641564 602.316650 173.554077 629.264221 202.250900 1.491087 1.526734 3.178931 0.716557 1.103451 36.831806 -1.620556 
145 1 Car 0 1 -2.269148 1051.733887 186.547974 1152.988159 225.140564 1.466102 1.622190 3.358602 16.297190 1.609172 23.759361 -1.672682 
145 2 Car 0 1 -2.154024 963.116638 186.893478 1063.893921 222.739532 1.618644 1.719078 3.575366 13.748446 1.683068 24.228157 -1.642033 
145 3 Car 0 1 -1.641545 598.792358 173.114395 632.924866 204.574265 1.491087 1.526734 3.178931 0.716507 1.103536 36.831759 -1.620538 
146 1 Car 0 1 -2.268974 1051.936157 186.442184 1153.015625 225.000443 1.466102 1.622190 3.358602 16.297240 1.609215 23.759474 -1.672509 
146 2 Car 0 1 -2.154008 963.583923 186.911377 1063.110352 222.734741 1.618644 1.719078 3.575366 13.748514 1.683008 24.228174 -1.642014 
146 3 Car 0 1 -1.641525 602.943726 174.125320 633.757446 202.450516 1.491087 1.526734 3.178931 0.716456 1.103621 36.831711 -1.620520 
147 0 Car 0 1 0.872954 1080.875000 188.861328 1189.371582 226.536469 1.568988 1.706779 3.940679 19.184414 1.711067 24.464694 1.533115 
147 1 Car 0 1 -2.268800 1051.717773 186.575241 1153.029297 225.189331 1.466102 1.622190 3.358602 16.297290 1.609259 23.759587 -1.672336 
147 2 Car 0 1 -2.153991 962.719543 186.812851 1063.585693 222.734131 1.618644 1.719078 3.575366 13.748582 1.682948 24.228192 -1.641996 
147 3 Car 0 1 -1.641506 607.843384 173.365982 633.479919 203.706451 1.491087 1.526734 3.178931 0.716405 1.103706 36.831663 -1.620501 
148 0 Car 0 1 0.872798 1086.923950 186.897049 1205.613647 227.375443 1.568988 1.706779 3.940679 19.183898 1.710628 24.464384 1.532952 
148 1 Car 0 1 -2.268626 1052.083496 186.467651 1153.103394 225.220062 1.466102 1.622190 3.358602 16.297340 1.609302 23.759699 -1.672162 
148 2 Car 0 1 -2.153975 962.255066 186.824814 1065.106445 222.819901 1.618644 1.719078 3.575366 13.748650 1.682887 24.228209 -1.641978 
148 3 Car 0 1 -1.641486 611.835815 175.380386 635.694946 209.704987 1.491087 1.526734 3.178931 0.716354 1.103791 36.831616 -1.620483 
149 0 Car 0 1 0.872642 1086.596313 187.010651 1205.000000 227.557556 1.568988 1.706779 3.940679 19.183382 1.710189 24.464075 1.532789 
149 1 Car 0 1 -2.268452 1053.007935 186.564651 1153.066895 225.154068 1.466102 1.622190 3.358602 16.297391 1.609345 23.759812 -1.671989 
149 2 Car 0 1 -2.153958 963.251465 186.691589 1065.510986 223.088181 1.618644 1.719078 3.575366 13.748718 1.682827 24.228227 -1.641960 
150 1 Car 0 1 -2.268279 1051.857422 186.430023 1152.945679 225.283417 1.466102 1.622190 3.358602 16.297441 1.609388 23.759925 -1.671816 
150 2 Car 0 1 -2.153942 896.600830 184.244019 1085.566284 223.627014 1.618644 1.719078 3.575366 13.748786 1.682767 24.228245 -1.641942 
151 0 Car 0 1 0.872330 1084.787598 188.890289 1191.234741 226.523636 1.568988 1.706779 3.940679 19.182350 1.709312 24.463456 1.532463 
151 1 Car 0 1 -2.268105 1052.422974 186.543671 1153.108521 225.128738 1.466102 1.622190 3.358602 16.297491 1.609431 23.760038 -1.671643 
151 3 Car 0 1 -1.641428 598.653320 172.928543 625.938354 202.702179 1.491087 1.526734 3.178931 0.716202 1.104046 36.831473 -1.620429 
152 1 Car 0 1 -2.267931 1051.670044 186.635910 1153.052368 225.316971 1.466102 1.622190 3.358602 16.297541 1.609474 23.760150 -1.671470 
152 3 Car 0 1 -1.641408 599.114929 173.769257 628.670898 202.063721 1.491087 1.526734 3.178931 0.716152 1.104131 36.831425 -1.620410 
153 0 Car 0 1 0.872018 1094.860718 188.753632 1201.078369 226.741684 1.568988 1.706779 3.940679 19.181318 1.708434 24.462837 1.532137 
153 1 Car 0 1 -2.267757 1052.376343 186.527939 1153.127075 225.147461 1.466102 1.622190 3.358602 16.297591 1.609517 23.760263 -1.671297 
153 2 Car 0 1 -2.153893 950.447205 179.220505 1066.683960 234.778076 1.618644 1.719078 3.575366 13.748990 1.682586 24.228297 -1.641887 
153 3 Car 0 1 -1.641388 601.247925 173.316757 634.587524 203.185989 1.491087 1.526734 3.178931 0.716101 1.104216 36.831377 -1.620392 
154 0 Car 0 1 0.871862 1095.684814 186.718750 1207.929565 227.766449 1.568988 1.706779 3.940679 19.180802 1.707996 24.462527 1.531974 
154 1 Car 0 1 -2.267583 1052.244019 186.388733 1153.169922 225.264984 1.466102 1.622190 3.358602 16.297641 1.609560 23.760376 -1.671124 
154 2 Car 0 1 -2.153877 958.154541 182.003799 1057.104980 230.763779 1.618644 1.719078 3.575366 13.749058 1.682526 24.228315 -1.641869 
154 3 Car 0 1 -1.641369 600.921265 173.634018 633.971924 201.619278 1.491087 1.526734 3.178931 0.716050 1.104302 36.831329 -1.620374 
155 0 Car 0 1 0.871706 1088.222168 186.772476 1207.109131 227.664642 1.568988 1.706779 3.940679 19.180286 1.707557 24.462218 1.531812 
155 1 Car 0 1 -2.267410 1051.889526 186.461258 1153.214966 225.528183 1.466102 1.622190 3.358602 16.297691 1.609603 23.760488 -1.670951 
155 2 Car 0 1 -2.153860 975.233093 172.903000 1063.358032 252.124725 1.618644 1.719078 3.575366 13.749126 1.682465 24.228333 -1.641851 
155 3 Car 0 1 -1.641349 600.653748 174.114151 633.112244 200.805801 1.491087 1.526734 3.178931 0.716000 1.104387 36.831282 -1.620356 
156 1 Car 0 1 -2.267236 1053.674683 186.327637 1152.907104 226.272110 1.466102 1.622190 3.358602 16.297741 1.609646 23.760601 -1.670778 
156 3 Car 0 0 -1.641330 599.977356 173.885834 635.047180 201.873230 1.491087 1.526734 3.178931 0.715949 1.104472 36.831234 -1.620338 
157 1 Car 0 1 -2.267062 1061.047363 186.521744 1152.982056 225.569366 1.466102 1.622190 3.358602 16.297791 1.609689 23.760714 -1.670605 
157 3 Car 0 0 -1.641310 599.709839 173.825562 635.463196 201.790329 1.491087 1.526734 3.178931 0.715898 1.104557 36.831186 -1.620320 
158 0 Car 0 1 0.871238 1027.662231 183.048218 1209.409058 224.671066 1.568988 1.706779 3.940679 19.178738 1.706241 24.461289 1.531323 
158 1 Car 0 1 -2.266888 1069.721680 187.091141 1152.299194 225.708542 1.466102 1.622190 3.358602 16.297842 1.609732 23.760827 -1.670432 
158 3 Car 0 0 -1.641291 599.941650 173.818466 636.349670 201.930466 1.491087 1.526734 3.178931 0.715848 1.104642 36.831139 -1.620301 
159 0 Car 0 1 0.871082 1078.659668 186.543518 1198.648438 228.773468 1.568988 1.706779 3.940679 19.178222 1.705802 24.460980 1.531160 
159 3 Car 0 0 -1.641271 598.820557 173.970306 635.589294 199.490112 1.491087 1.526734 3.178931 0.715797 1.104727 36.831091 -1.620283 
160 1 Car 0 1 -2.266541 1047.181152 182.902267 1156.847412 240.634338 1.466102 1.622190 3.358602 16.297942 1.609818 23.761052 -1.670086 
160 3 Car 0 0 -1.641252 598.601196 174.058212 636.569763 200.580688 1.491087 1.526734 3.178931 0.715746 1.104812 36.831043 -1.620265 
161 0 Car 0 1 0.870770 1127.179321 187.074173 1219.889648 227.467209 1.568988 1.706779 3.940679 19.177190 1.704925 24.460361 1.530834 
161 3 Car 0 0 -1.641232 598.822632 173.630371 636.634888 201.610687 1.491087 1.526734 3.178931 0.715696 1.104897 36.830996 -1.620247 
162 3 Car 0 0 -1.641212 598.981506 173.648590 636.935913 201.770233 1.491087 1.526734 3.178931 0.715645 1.104982 36.830948 -1.620229 
163 0 Car 0 1 0.870458 1093.142456 180.164703 1213.138916 244.552170 1.568988 1.706779 3.940679 19.176158 1.704047 24.459742 1.530508 
163 3 Car 0 0 -1.641193 598.139648 173.875381 635.843384 200.735336 1.491087 1.526734 3.178931 0.715594 1.105067 36.830900 -1.620210 
164 0 Car 0 1 0.870302 1096.510986 176.112534 1214.885010 246.199722 1.568988 1.706779 3.940679 19.175642 1.703608 24.459432 1.530346 
164 3 Car 0 0 -1.641173 598.215149 173.398026 636.707092 201.654816 1.491087 1.526734 3.178931 0.715544 1.105152 36.830853 -1.620192 
165 1 Car 0 1 -2.265672 1015.822205 185.558167 1146.698853 237.776062 1.466102 1.622190 3.358602 16.298192 1.610034 23.761616 -1.669221 
165 2 Car 0 1 -2.153697 964.558594 181.367966 1081.198975 235.880081 1.618644 1.719078 3.575366 13.749807 1.681862 24.228509 -1.641669 
165 3 Car 0 0 -1.641154 598.339417 173.992477 635.954651 199.417404 1.491087 1.526734 3.178931 0.715493 1.105237 36.830805 -1.620174 
166 1 Car 0 1 -2.265498 1042.302856 184.733398 1168.472046 238.211517 1.466102 1.622190 3.358602 16.298242 1.610077 23.761728 -1.669048 
166 2 Car 0 1 -2.153680 982.764343 182.853912 1097.132080 243.828979 1.618644 1.719078 3.575366 13.749875 1.681802 24.228526 -1.641651 
166 3 Car 0 0 -1.641134 598.709595 173.529053 637.159363 202.278290 1.491087 1.526734 3.178931 0.715442 1.105322 36.830757 -1.620156 
167 0 Car 0 1 0.869834 1111.153809 182.683472 1178.038818 235.779694 1.568988 1.706779 3.940679 19.174094 1.702292 24.458504 1.529857 
167 1 Car 0 1 -2.265324 1051.443359 184.777740 1184.181763 233.211945 1.466102 1.622190 3.358602 16.298293 1.610120 23.761841 -1.668875 
167 2 Car 0 1 -2.153664 988.097839 179.418991 1099.655396 233.307968 1.618644 1.719078 3.575366 13.749943 1.681742 24.228544 -1.641633 
167 3 Car 0 0 -1.641115 599.082214 173.660522 636.639099 201.286530 1.491087 1.526734 3.178931 0.715392 1.105408 36.830709 -1.620138 
168 1 Car 0 1 -2.265150 1053.080200 185.070511 1199.871460 226.671921 1.466102 1.622190 3.358602 16.298343 1.610163 23.761954 -1.668702 
168 3 Car 0 0 -1.641095 598.781555 173.596664 636.442993 201.320450 1.491087 1.526734 3.178931 0.715341 1.105493 36.830662 -1.620120 
169 0 Car 0 1 0.869522 1068.264771 186.611755 1220.209839 230.040970 1.568988 1.706779 3.940679 19.173062 1.701415 24.457885 1.529531 
169 1 Car 0 1 -2.264976 1016.178467 174.822052 1137.344482 244.667511 1.466102 1.622190 3.358602 16.298393 1.610206 23.762066 -1.668529 
169 3 Car 0 0 -1.641076 598.500916 173.532837 637.001160 201.723953 1.491087 1.526734 3.178931 0.715290 1.105578 36.830614 -1.620101 
170 0 Car 0 1 0.869366 1113.318237 171.115463 1224.000000 250.287277 1.568988 1.706779 3.940679 19.172546 1.700976 24.457575 1.529368 
170 3 Car 0 0 -1.641056 598.693481 173.519760 636.451721 201.711609 1.491087 1.526734 3.178931 0.715240 1.105663 36.830566 -1.620083 
171 0 Car 0 1 0.869210 1115.837158 171.896255 1224.000000 262.544891 1.568988 1.706779 3.940679 19.172031 1.700537 24.457265 1.529205 
171 3 Car 0 0 -1.641037 598.451599 173.462418 637.049255 201.748718 1.491087 1.526734 3.178931 0.715189 1.105748 36.830519 -1.620065 
172 1 Car 0 1 -2.264455 1071.262329 181.883942 1169.456543 243.856476 1.466102 1.622190 3.358602 16.298543 1.610335 23.762405 -1.668010 
172 3 Car 0 0 -1.641017 598.831116 173.555252 637.203857 201.736298 1.491087 1.526734 3.178931 0.715138 1.105833 36.830471 -1.620047 
173 0 Car 0 1 0.868898 1078.092773 184.808884 1178.956665 228.412292 1.568988 1.706779 3.940679 19.170999 1.699660 24.456646 1.528879 
173 1 Car 0 1 -2.264281 1006.905640 187.324173 1161.005371 230.627243 1.466102 1.622190 3.358602 16.298593 1.610378 23.762517 -1.667836 
173 2 Car 0 1 -2.153566 961.386475 186.491989 1051.781494 225.282608 1.618644 1.719078 3.575366 13.750351 1.681380 24.228650 -1.641524 
173 3 Car 0 0 -1.640997 599.574219 173.665009 634.959778 198.533539 1.491087 1.526734 3.178931 0.715088 1.105918 36.830423 -1.620029 
174 1 Car 0 1 -2.264107 1026.430298 188.125259 1175.730835 226.117065 1.466102 1.622190 3.358602 16.298643 1.610421 23.762630 -1.667663 
174 2 Car 0 1 -2.153549 968.569946 186.480789 1065.662598 223.018402 1.618644 1.719078 3.575366 13.750419 1.681320 24.228667 -1.641505 
174 3 Car 0 0 -1.640978 598.758423 173.630112 637.507141 202.202255 1.491087 1.526734 3.178931 0.715037 1.106003 36.830376 -1.620010 
175 0 Car 0 1 0.868586 1064.276855 180.820129 1202.289429 239.922180 1.568988 1.706779 3.940679 19.169967 1.698782 24.456027 1.528554 
175 1 Car 0 1 -2.263934 1044.106934 186.588730 1161.805298 221.861221 1.466102 1.622190 3.358602 16.298693 1.610464 23.762743 -1.667490 
175 2 Car 0 1 -2.153533 960.171753 185.120163 1105.674561 227.202332 1.618644 1.719078 3.575366 13.750487 1.681259 24.228685 -1.641487 
175 3 Car 0 0 -1.640958 598.368286 173.669937 637.228699 202.303345 1.491087 1.526734 3.178931 0.714986 1.106088 36.830328 -1.619992 
176 0 Car 0 1 0.868429 1047.049683 185.250443 1217.401855 232.891235 1.568988 1.706779 3.940679 19.169451 1.698344 24.455718 1.528391 
176 2 Car 0 1 -2.153517 950.973389 184.467606 1107.607788 223.740784 1.618644 1.719078 3.575366 13.750555 1.681199 24.228703 -1.641469 
176 3 Car 0 0 -1.640939 598.135925 173.567795 636.802429 201.738358 1.491087 1.526734 3.178931 0.714935 1.106173 36.830280 -1.619974 
177 0 Car 0 1 0.868273 1056.828003 185.871323 1220.601318 242.556335 1.568988 1.706779 3.940679 19.168935 1.697905 24.455408 1.528228 
177 1 Car 0 1 -2.263586 1003.269287 185.498734 1133.877563 230.511841 1.466102 1.622190 3.358602 16.298794 1.610550 23.762968 -1.667144 
177 3 Car 0 0 -1.640919 598.043884 173.437515 636.581604 201.603134 1.491087 1.526734 3.178931 0.714885 1.106258 36.830232 -1.619956 
178 0 Car 0 1 0.868117 1056.214355 185.155884 1222.597534 238.914200 1.568988 1.706779 3.940679 19.168419 1.697466 24.455099 1.528065 
178 1 Car 0 1 -2.263412 1051.397095 185.792770 1144.137329 227.356552 1.466102 1.622190 3.358602 16.298844 1.610593 23.763081 -1.666971 
178 2 Car 0 1 -2.153484 957.060120 181.456741 1071.718506 234.441452 1.618644 1.719078 3.575366 13.750691 1.681079 24.228738 -1.641433 
178 3 Car 0 0 -1.640900 598.462952 173.522980 637.261902 202.167252 1.491087 1.526734 3.178931 0.714834 1.106343 36.830185 -1.619938 
179 1 Car 0 1 -2.263238 1060.393799 186.366714 1153.406128 228.165085 1.466102 1.622190 3.358602 16.298894 1.610637 23.763194 -1.666798 
179 3 Car 0 0 -1.640880 598.127319 173.541718 636.886780 201.859100 1.491087 1.526734 3.178931 0.714783 1.106428 36.830137 -1.619920 
180 1 Car 0 1 -2.263065 1016.356384 182.225143 1166.782959 238.268448 1.466102 1.622190 3.358602 16.298944 1.610680 23.763306 -1.666625 
180 3 Car 0 0 -1.640861 600.342651 173.892960 634.918579 198.451340 1.491087 1.526734 3.178931 0.714733 1.106514 36.830089 -1.619901 
181 1 Car 0 1 -2.262891 1059.136597 183.602509 1184.234253 230.983200 1.466102 1.622190 3.358602 16.298994 1.610723 23.763419 -1.666452 
181 2 Car 0 1 -2.153435 948.802490 186.700333 1052.889404 226.508484 1.618644 1.719078 3.575366 13.750895 1.680898 24.228791 -1.641378 
181 3 Car 0 0 -1.640841 598.552673 173.732727 636.738037 201.600906 1.491087 1.526734 3.178931 0.714682 1.106599 36.830042 -1.619883 
182 0 Car 0 1 0.867493 1049.171387 179.073700 1205.621826 227.833328 1.568988 1.706779 3.940679 19.166355 1.695711 24.453861 1.527413 
182 1 Car 0 1 -2.262717 966.110291 183.299622 1165.408691 233.944672 1.466102 1.622190 3.358602 16.299044 1.610766 23.763532 -1.666279 
182 2 Car 0 1 -2.153419 963.601318 185.515106 1050.838989 224.835724 1.618644 1.719078 3.575366 13.750963 1.680837 24.228808 -1.641360 
182 3 Car 0 0 -1.640821 598.625244 173.702026 636.897766 201.486176 1.491087 1.526734 3.178931 0.714631 1.106684 36.829994 -1.619865 
183 0 Car 0 1 0.867337 1053.198486 175.487396 1224.000000 229.407272 1.568988 1.706779 3.940679 19.165839 1.695273 24.453551 1.527251 
183 1 Car 0 1 -2.262543 1000.928589 185.540283 1155.673828 224.185593 1.466102 1.622190 3.358602 16.299094 1.610809 23.763644 -1.666106 
183 2 Car 0 1 -2.153402 964.882568 186.235336 1078.233521 237.183380 1.618644 1.719078 3.575366 13.751031 1.680777 24.228826 -1.641342 
183 3 Car 0 0 -1.640802 598.182251 174.082535 635.948669 201.432037 1.491087 1.526734 3.178931 0.714581 1.106769 36.829946 -1.619847 
184 0 Car 0 1 0.867181 1122.950073 185.016739 1208.616455 224.610260 1.568988 1.706779 3.940679 19.165323 1.694834 24.453242 1.527088 
184 1 Car 0 1 -2.262369 1052.421021 185.999664 1152.912964 227.644943 1.466102 1.622190 3.358602 16.299144 1.610852 23.763757 -1.665933 
184 2 Car 0 1 -2.153386 962.721252 185.910080 1062.524414 224.543457 1.618644 1.719078 3.575366 13.751099 1.680717 24.228844 -1.641324 
184 3 Car 0 0 -1.640782 598.507935 173.593552 637.199768 202.616852 1.491087 1.526734 3.178931 0.714530 1.106854 36.829899 -1.619829 
185 1 Car 0 1 -2.262196 1059.372192 186.089706 1153.081421 226.024872 1.466102 1.622190 3.358602 16.299195 1.610895 23.763870 -1.665760 
185 2 Car 0 1 -2.153369 965.565491 184.918594 1051.803223 221.783752 1.618644 1.719078 3.575366 13.751167 1.680656 24.228861 -1.641305 
185 3 Car 0 0 -1.640763 598.370117 173.474258 636.916443 202.198685 1.491087 1.526734 3.178931 0.714479 1.106939 36.829851 -1.619810 
186 1 Car 0 1 -2.262022 1071.828125 187.494659 1153.287720 224.411087 1.466102 1.622190 3.358602 16.299245 1.610938 23.763983 -1.665587 
186 2 Car 0 1 -2.153353 962.456177 186.156555 1045.686523 222.896835 1.618644 1.719078 3.575366 13.751235 1.680596 24.228879 -1.641287 
186 3 Car 0 0 -1.640743 598.840027 173.463089 636.994873 202.117920 1.491087 1.526734 3.178931 0.714429 1.107024 36.829803 -1.619792 
187 1 Car 0 1 -2.261848 1064.168701 187.131317 1150.518066 224.319489 1.466102 1.622190 3.358602 16.299295 1.610981 23.764095 -1.665414 
187 2 Car 0 1 -2.153337 961.383789 187.066742 1062.126343 223.278595 1.618644 1.719078 3.575366 13.751303 1.680536 24.228896 -1.641269 
187 3 Car 0 0 -1.640724 598.649475 173.922409 635.603760 201.099152 1.491087 1.526734 3.178931 0.714378 1.107109 36.829755 -1.619774 
188 1 Car 0 1 -2.261674 1052.909058 185.664139 1153.810913 227.873001 1.466102 1.622190 3.358602 16.299345 1.611024 23.764208 -1.665241 
188 2 Car 0 1 -2.153320 963.591675 186.783478 1065.350098 222.884659 1.618644 1.719078 3.575366 13.751371 1.680476 24.228914 -1.641251 
188 3 Car 0 0 -1.640704 598.496277 173.432144 636.938660 202.423752 1.491087 1.526734 3.178931 0.714327 1.107194 36.829708 -1.619756 
189 1 Car 0 1 -2.261501 1054.181641 186.071106 1153.302124 230.006821 1.466102 1.622190 3.358602 16.299395 1.611067 23.764321 -1.665068 
189 2 Car 0 1 -2.153304 963.377869 186.534225 1064.493774 222.705887 1.618644 1.719078 3.575366 13.751439 1.680415 24.228932 -1.641233 
189 3 Car 0 0 -1.640685 598.438660 173.413422 636.798584 201.952896 1.491087 1.526734 3.178931 0.714277 1.107279 36.829660 -1.619738 
190 0 Car 0 1 0.866245 1098.365234 188.395844 1218.351196 239.923416 1.568988 1.706779 3.940679 19.162227 1.692202 24.451385 1.526110 
190 1 Car 0 1 -2.261327 1051.853882 185.197327 1202.798950 229.303345 1.466102 1.622190 3.358602 16.299445 1.611110 23.764433 -1.664895 
190 2 Car 0 1 -2.153288 964.092896 186.458511 1065.331909 222.787186 1.618644 1.719078 3.575366 13.751507 1.680355 24.228949 -1.641214 
190 3 Car 0 0 -1.640665 598.132507 173.315414 636.795532 203.030777 1.491087 1.526734 3.178931 0.714226 1.107364 36.829612 -1.619720 
191 0 Car 0 1 0.866089 1054.562378 185.530609 1215.630371 233.392456 1.568988 1.706779 3.940679 19.161711 1.691763 24.451075 1.525947 
191 1 Car 0 1 -2.261153 1053.010254 186.019272 1139.791138 224.368896 1.466102 1.622190 3.358602 16.299495 1.611153 23.764546 -1.664722 
191 2 Car 0 1 -2.153271 967.293274 185.946793 1064.715454 222.924225 1.618644 1.719078 3.575366 13.751575 1.680295 24.228967 -1.641196 
191 3 Car 0 0 -1.640646 597.268250 173.322388 636.932983 203.241821 1.491087 1.526734 3.178931 0.714175 1.107449 36.829565 -1.619701 
192 0 Car 0 1 0.865933 1125.384644 184.738800 1218.704346 238.074844 1.568988 1.706779 3.940679 19.161195 1.691324 24.450766 1.525785 
192 1 Car 0 1 -2.260979 1053.063232 186.414459 1151.215942 225.331604 1.466102 1.622190 3.358602 16.299545 1.611196 23.764659 -1.664549 
192 2 Car 0 1 -2.153255 964.206726 186.377716 1065.066895 223.062347 1.618644 1.719078 3.575366 13.751643 1.680234 24.228985 -1.641178 
192 3 Car 0 0 -1.640626 597.935303 174.104584 635.568909 200.317337 1.491087 1.526734 3.178931 0.714125 1.107534 36.829517 -1.619683 
193 0 Car 0 1 0.865777 1097.896118 187.063126 1217.942383 234.788742 1.568988 1.706779 3.940679 19.160679 1.690885 24.450456 1.525622 
193 1 Car 0 1 -2.260805 1052.143921 186.512848 1156.420532 225.356125 1.466102 1.622190 3.358602 16.299595 1.611239 23.764771 -1.664376 
193 2 Car 0 1 -2.153239 969.114868 186.154160 1063.469116 222.658524 1.618644 1.719078 3.575366 13.751711 1.680174 24.229002 -1.641160 
193 3 Car 0 0 -1.640606 599.273987 173.762512 636.619690 202.782043 1.491087 1.526734 3.178931 0.714074 1.107620 36.829469 -1.619665 
194 0 Car 0 1 0.865621 1143.822021 188.540268 1220.736450 234.185715 1.568988 1.706779 3.940679 19.160163 1.690447 24.450147 1.525459 
194 1 Car 0 1 -2.260632 1051.892090 186.397415 1153.857178 225.475510 1.466102 1.622190 3.358602 16.299646 1.611282 23.764884 -1.664203 
194 2 Car 0 1 -2.153222 968.433167 186.424545 1062.897461 222.458252 1.618644 1.719078 3.575366 13.751779 1.680114 24.229020 -1.641142 
194 3 Car 0 0 -1.640587 598.260437 173.730453 636.894104 202.016342 1.491087 1.526734 3.178931 0.714023 1.107705 36.829422 -1.619647 
195 0 Car 0 1 0.865465 1071.914673 185.438721 1209.449341 234.062439 1.568988 1.706779 3.940679 19.159647 1.690008 24.449837 1.525296 
195 1 Car 0 1 -2.260458 1052.985352 186.498596 1155.284668 225.177185 1.466102 1.622190 3.358602 16.299696 1.611326 23.764997 -1.664030 
195 2 Car 0 1 -2.153206 965.333862 186.452805 1064.590820 223.054672 1.618644 1.719078 3.575366 13.751848 1.680054 24.229037 -1.641123 
195 3 Car 0 0 -1.640567 599.600830 173.881607 636.003784 200.040985 1.491087 1.526734 3.178931 0.713973 1.107790 36.829374 -1.619629 
196 0 Car 0 1 0.865309 1138.036255 187.718124 1221.088135 236.594757 1.568988 1.706779 3.940679 19.159131 1.689569 24.449528 1.525133 
196 1 Car 0 1 -2.260284 1051.940918 186.584167 1153.638306 225.255341 1.466102 1.622190 3.358602 16.299746 1.611369 23.765110 -1.663857 
196 2 Car 0 1 -2.153190 964.623901 186.412628 1064.507690 222.917252 1.618644 1.719078 3.575366 13.751916 1.679993 24.229055 -1.641105 
196 3 Car 0 0 -1.640548 597.751770 173.821365 636.203979 200.921341 1.491087 1.526734 3.178931 0.713922 1.107875 36.829326 -1.619610 
197 0 Car 0 1 0.865153 1083.322632 187.038086 1208.746948 233.084076 1.568988 1.706779 3.940679 19.158616 1.689131 24.449218 1.524970 
197 1 Car 0 1 -2.260110 1051.900513 186.494766 1153.464233 225.284561 1.466102 1.622190 3.358602 16.299796 1.611412 23.765222 -1.663683 
197 2 Car 0 1 -2.153173 964.967712 186.565613 1064.500977 222.684799 1.618644 1.719078 3.575366 13.751984 1.679933 24.229073 -1.641087 
197 3 Car 0 0 -1.640528 598.108643 173.255783 636.623047 202.558472 1.491087 1.526734 3.178931 0.713871 1.107960 36.829279 -1.619592 
198 1 Car 0 1 -2.259936 1052.610474 186.446457 1153.324829 225.209244 1.466102 1.622190 3.358602 16.299846 1.611455 23.765335 -1.663510 
198 2 Car 0 1 -2.153157 964.784851 186.425888 1064.497437 222.765961 1.618644 1.719078 3.575366 13.752052 1.679873 24.229090 -1.641069 
198 3 Car 0 0 -1.640509 598.208435 173.563660 636.627258 202.251007 1.491087 1.526734 3.178931 0.713821 1.108045 36.829231 -1.619574 
199 1 Car 0 1 -2.259763 1052.307129 186.534775 1153.362427 225.159332 1.466102 1.622190 3.358602 16.299896 1.611498 23.765448 -1.663337 
199 2 Car 0 1 -2.153140 964.667175 186.458389 1065.255127 223.054688 1.618644 1.719078 3.575366 13.752120 1.679812 24.229108 -1.641051 
199 3 Car 0 0 -1.640489 598.803223 173.703949 636.716003 202.375427 1.491087 1.526734 3.178931 0.713770 1.108130 36.829183 -1.619556 
200 1 Car 0 1 -2.259589 1051.559326 186.546753 1153.258301 225.070587 1.466102 1.622190 3.358602 16.299946 1.611541 23.765560 -1.663164 
200 2 Car 0 1 -2.153124 965.541260 186.299744 1064.272583 222.777222 1.618644 1.719078 3.575366 13.752188 1.679752 24.229126 -1.641033 
200 3 Car 0 0 -1.640470 599.351257 173.542313 637.476257 202.018814 1.491087 1.526734 3.178931 0.713719 1.108215 36.829135 -1.619538 
201 0 Car 0 1 0.864529 1101.987305 186.493118 1210.207153 227.556488 1.568988 1.706779 3.940679 19.156552 1.687376 24.447980 1.524319 
201 1 Car 0 1 -2.259415 1052.041992 186.516968 1153.395020 225.242798 1.466102 1.622190 3.358602 16.299996 1.611584 23.765673 -1.662991 
201 2 Car 0 1 -2.153108 965.039856 186.523880 1064.947388 222.796539 1.618644 1.719078 3.575366 13.752256 1.679692 24.229143 -1.641014 
201 3 Car 0 0 -1.640450 599.138855 173.545609 636.048462 201.384781 1.491087 1.526734 3.178931 0.713669 1.108300 36.829088 -1.619520 
202 0 Car 0 1 0.864373 1088.926880 186.806885 1205.052734 228.102509 1.568988 1.706779 3.940679 19.156036 1.686937 24.447671 1.524156 
202 1 Car 0 1 -2.259241 1051.885376 186.549606 1153.247192 225.180817 1.466102 1.622190 3.358602 16.300046 1.611627 23.765786 -1.662818 
202 2 Car 0 1 -2.153091 964.244324 186.187607 1064.999023 223.154755 1.618644 1.719078 3.575366 13.752324 1.679631 24.229161 -1.640996 
202 3 Car 0 0 -1.640430 598.381897 174.000809 635.373962 199.819305 1.491087 1.526734 3.178931 0.713618 1.108385 36.829040 -1.619501 
203 0 Car 0 1 0.864217 1102.579956 186.353378 1207.997681 227.490433 1.568988 1.706779 3.940679 19.155520 1.686498 24.447361 1.523993 
203 1 Car 0 1 -2.259067 1051.948364 186.466248 1153.391479 225.210159 1.466102 1.622190 3.358602 16.300097 1.611670 23.765899 -1.662645 
203 2 Car 0 1 -2.153075 963.200317 186.917816 1064.462891 222.825165 1.618644 1.719078 3.575366 13.752392 1.679571 24.229178 -1.640978 
203 3 Car 0 0 -1.640411 598.015015 173.953705 636.179871 199.812317 1.491087 1.526734 3.178931 0.713567 1.108470 36.828992 -1.619483 
204 0 Car 0 1 0.864061 1090.823486 186.945618 1206.216431 227.671326 1.568988 1.706779 3.940679 19.155004 1.686060 24.447052 1.523830 
204 1 Car 0 1 -2.258894 1051.986938 186.619278 1153.683594 225.386932 1.466102 1.622190 3.358602 16.300147 1.611713 23.766011 -1.662472 
204 2 Car 0 1 -2.153059 968.060852 186.125031 1063.966797 222.963898 1.618644 1.719078 3.575366 13.752460 1.679511 24.229196 -1.640960 
204 3 Car 0 0 -1.640391 597.794128 173.917801 635.930725 200.474380 1.491087 1.526734 3.178931 0.713516 1.108555 36.828945 -1.619465 
205 1 Car 0 1 -2.258720 1052.790039 186.461700 1153.356201 225.113159 1.466102 1.622190 3.358602 16.300197 1.611756 23.766124 -1.662299 
205 2 Car 0 1 -2.153042 964.788940 186.297394 1064.605103 223.201935 1.618644 1.719078 3.575366 13.752528 1.679451 24.229214 -1.640942 
205 3 Car 0 0 -1.640372 598.378967 173.703751 637.056824 202.116348 1.491087 1.526734 3.178931 0.713466 1.108641 36.828897 -1.619447 
206 0 Car 0 1 0.863749 1134.116943 187.946426 1222.250854 229.032898 1.568988 1.706779 3.940679 19.153972 1.685182 24.446433 1.523504 
206 1 Car 0 1 -2.258546 1051.671265 186.566742 1154.012939 225.373001 1.466102 1.622190 3.358602 16.300247 1.611799 23.766237 -1.662126 
206 2 Car 0 1 -2.153026 963.632324 186.485764 1065.244629 223.228622 1.618644 1.719078 3.575366 13.752596 1.679390 24.229231 -1.640923 
206 3 Car 0 0 -1.640352 598.125488 173.901550 635.115906 199.836563 1.491087 1.526734 3.178931 0.713415 1.108726 36.828849 -1.619429 
207 0 Car 0 1 0.863593 1083.722168 186.359543 1207.480591 227.407532 1.568988 1.706779 3.940679 19.153456 1.684743 24.446123 1.523341 
207 1 Car 0 1 -2.258372 1053.172852 186.508026 1155.146973 225.586151 1.466102 1.622190 3.358602 16.300297 1.611842 23.766349 -1.661953 
207 2 Car 0 1 -2.153010 964.760193 186.497543 1064.357056 222.870789 1.618644 1.719078 3.575366 13.752664 1.679330 24.229249 -1.640905 
207 3 Car 0 0 -1.640333 598.035400 174.052643 635.448669 199.387070 1.491087 1.526734 3.178931 0.713364 1.108811 36.828802 -1.619410 
208 1 Car 0 1 -2.258198 1051.327637 186.395065 1155.763062 226.900772 1.466102 1.622190 3.358602 16.300347 1.611885 23.766462 -1.661780 
208 2 Car 0 1 -2.152993 965.319275 186.653152 1064.733643 223.219360 1.618644 1.719078 3.575366 13.752732 1.679270 24.229266 -1.640887 
208 3 Car 0 0 -1.640313 599.225159 173.824997 635.483948 200.254196 1.491087 1.526734 3.178931 0.713314 1.108896 36.828754 -1.619392 
