0 2 car 0 0 1.709551 536.717468 470.358856 598.781860 523.808228 1.50 1.94 4.96 -8.09 1.62 38.15 1.505812 0 0.9915
0 3 car 0 0 1.744132 584.358826 467.300934 633.639832 517.229431 1.70 1.87 4.79 -7.90 1.53 43.77 1.572167 0 0.9909
0 4 car 0 0 1.626316 744.188354 473.992432 770.768738 494.247833 1.48 1.92 4.78 -5.65 1.79 101.22 1.571208 0 0.9670
0 6 car 0 0 1.663884 640.652100 459.229462 692.696228 505.226807 2.30 2.08 5.76 -7.41 1.58 57.14 1.536927 0 0.9607
0 12 car 0 0 1.705337 623.701965 464.030304 668.551331 510.223328 1.83 2.04 4.94 -7.54 1.58 49.81 1.562276 0 0.9787
0 16 car 0 0 2.741657 1251.039185 451.467010 1455.581909 581.141052 1.49 2.11 4.09 7.40 1.40 20.24 3.139652 0 0.9741
0 17 car 0 0 -0.490877 1398.579712 440.614868 1599.007446 617.898743 1.72 2.01 4.31 8.00 1.54 11.89 0.001587 0 0.9874
0 21 car 0 0 -0.490323 973.422668 464.186951 1126.029297 532.220825 1.76 2.04 4.47 6.20 1.59 32.19 -0.314062 0 0.8632
0 23 car 0 0 2.952454 966.830322 467.594696 1015.074707 506.413086 1.77 1.96 4.50 8.22 1.74 66.91 3.082905 0 0.2767
0 24 car 0 0 -0.430419 1229.786011 439.842102 1563.685059 605.033997 1.69 2.01 4.95 8.19 1.47 14.77 -0.003337 0 0.5958
0 29 car 0 0 2.083652 0.652238 455.673553 174.629898 645.235168 1.87 1.89 4.81 -7.86 1.76 10.75 1.550744 0 0.9905
1 2 car 0 0 1.734672 499.207672 478.047455 574.847107 539.154724 1.50 1.94 4.96 -8.11 1.84 33.93 1.507532 0 0.9956
1 3 car 0 0 1.767080 551.156921 472.982391 611.845825 528.831055 1.70 1.87 4.79 -7.85 1.78 39.56 1.573891 0 0.9940
1 4 car 0 0 1.629954 741.683167 483.287659 768.460327 502.438110 1.48 1.92 4.78 -5.60 2.42 97.06 1.572931 0 0.9710
1 6 car 0 0 1.673628 628.254761 465.967896 684.644226 516.710815 2.30 2.08 5.76 -7.39 1.94 52.92 1.538648 0 0.9547
1 34 car 0 0 1.644709 651.293396 470.699646 715.044006 510.998047 1.75 1.97 5.00 -7.92 2.19 66.38 1.530727 0 0.1026
1 10 car 0 0 2.655654 1325.466675 481.156555 1516.960327 605.087463 1.56 1.91 4.62 7.92 1.48 13.32 3.098802 0 0.9836
1 12 car 0 0 1.723773 598.811462 471.222565 650.586914 521.934448 1.83 2.04 4.94 -7.55 1.89 45.59 1.563998 0 0.9900
1 35 car 0 0 2.975381 985.088501 474.536011 1056.029907 519.602417 1.40 1.72 4.25 8.22 1.68 49.16 3.128990 0 0.6675
1 21 car 0 0 -0.526133 1076.087402 472.201111 1213.074463 545.002747 1.76 2.04 4.47 7.81 1.78 28.50 -0.277559 0 0.9893
1 24 car 0 0 -0.508822 1453.454834 492.545013 1591.557983 635.268433 1.69 2.01 4.95 8.14 1.48 10.53 -0.001777 0 0.9221
1 27 car 0 0 2.973006 907.684692 473.104156 1139.531372 519.783508 1.88 2.19 5.07 8.98 1.96 51.74 3.128990 0 0.1122
2 0 car 0 0 -0.459460 1304.449341 443.532684 1598.171997 557.027100 1.94 2.06 4.89 8.19 1.57 14.48 0.003112 0 0.5344
2 2 car 0 0 1.761458 443.353729 476.636810 542.986389 545.315796 1.50 1.94 4.96 -8.15 1.74 29.81 1.501352 0 0.9958
2 3 car 0 0 1.788188 519.430054 470.130463 588.098206 531.233582 1.70 1.87 4.79 -7.86 1.70 35.46 1.573766 0 0.9918
2 4 car 0 0 1.632472 738.164612 480.148468 765.335632 501.968811 1.48 1.92 4.78 -5.57 2.30 92.97 1.572807 0 0.9687
2 6 car 0 0 1.684402 612.366821 463.814056 672.689941 518.577942 2.30 2.08 5.76 -7.45 1.87 48.83 1.538528 0 0.9367
2 7 car 0 0 1.932062 344.301666 483.183105 460.871735 571.433838 1.46 1.87 4.73 -8.11 1.72 22.41 1.605723 0 0.9888
2 12 car 0 0 1.737942 578.945251 469.054199 633.626099 523.730103 1.83 2.04 4.94 -7.63 1.82 41.50 1.563875 0 0.9870
2 16 car 0 0 2.663630 1352.451782 487.315552 1597.046021 631.338745 1.49 2.11 4.09 7.29 1.49 11.91 3.141073 0 0.9237
2 35 car 0 0 2.962843 991.694763 473.367126 1081.293213 523.328430 1.40 1.72 4.25 8.20 1.74 45.09 3.128849 0 0.7591
2 23 car 0 0 2.941291 954.694763 475.334900 1059.325439 515.926758 1.77 1.96 4.50 8.03 2.07 58.57 3.084321 0 0.3296
2 40 car 0 0 1.660887 692.862000 481.101898 719.562866 507.254913 1.52 1.80 4.75 -7.56 2.25 74.63 1.565096 0 0.9279
2 27 car 0 0 2.935181 1024.447510 474.285248 1120.147095 526.625977 1.88 2.19 5.07 8.91 2.00 47.64 3.128849 0 0.1263
3 0 car 0 0 -0.504585 1451.298828 423.548828 1600.000000 642.663208 1.94 2.06 4.89 8.14 1.47 10.65 0.004375 0 0.7769
3 2 car 0 0 1.794598 382.365479 472.297882 502.460175 553.799011 1.50 1.94 4.96 -8.15 1.59 25.97 1.497051 0 0.9969
3 3 car 0 0 1.815698 476.056946 467.037567 561.907654 532.993225 1.70 1.87 4.79 -7.86 1.56 31.66 1.574929 0 0.9941
3 4 car 0 0 1.635469 735.000671 475.228729 763.887451 498.802094 1.48 1.92 4.78 -5.44 1.94 89.16 1.573970 0 0.9582
3 6 car 0 0 1.697894 593.352051 459.466431 660.082581 517.771484 2.30 2.08 5.76 -7.43 1.66 45.02 1.539690 0 0.8916
3 7 car 0 0 2.002487 227.010910 479.103119 395.145905 587.067688 1.46 1.87 4.73 -8.14 1.62 18.60 1.612122 0 0.9897
3 34 car 0 0 1.675136 651.383545 470.208008 684.602173 507.277771 1.75 1.97 5.00 -7.89 1.78 58.52 1.549215 0 0.9891
3 12 car 0 0 1.756007 550.739807 462.818207 618.035889 524.557312 1.83 2.04 4.94 -7.57 1.59 37.69 1.565038 0 0.9856
3 35 car 0 0 2.940661 1018.859314 468.231323 1114.772949 526.385315 1.40 1.72 4.25 8.25 1.55 41.27 3.130112 0 0.7738
3 23 car 0 0 2.944668 960.845886 472.456757 1047.772339 511.259186 1.77 1.96 4.50 8.12 1.80 54.74 3.085586 0 0.7324
3 40 car 0 0 1.667329 684.660461 474.817291 714.404907 504.680145 1.52 1.80 4.75 -7.45 1.99 70.69 1.566259 0 0.9271
3 41 car 0 0 -0.310996 1004.380432 470.230377 1271.034424 530.351624 1.82 1.94 4.76 8.35 1.56 29.84 -0.067584 0 0.6239
4 2 car 0 0 1.864635 277.104004 472.089355 445.856720 563.502991 1.50 1.94 4.96 -8.14 1.52 21.64 1.509155 0 0.9986
4 3 car 0 0 1.853409 419.090851 462.147552 523.875549 538.220337 1.70 1.87 4.79 -7.85 1.47 27.37 1.577207 0 0.9918
4 4 car 0 0 1.639300 733.760925 473.928253 761.220154 497.884155 1.48 1.92 4.78 -5.22 1.68 84.86 1.576248 0 0.9654
4 6 car 0 0 1.712701 575.649658 453.241150 645.527771 519.518311 2.30 2.08 5.76 -7.38 1.51 40.73 1.541968 0 0.8301
4 7 car 0 0 2.112036 0.720050 474.565308 291.309784 618.978271 1.46 1.87 4.73 -8.14 1.58 14.31 1.614401 0 0.9974
4 34 car 0 0 1.684948 639.414429 466.997894 677.374390 506.196991 1.75 1.97 5.00 -7.77 1.66 54.25 1.551493 0 0.9861
4 45 car 0 0 -0.484754 1334.726440 477.019745 1434.636108 524.072754 1.86 2.13 4.36 20.64 2.11 44.93 -0.065672 0 0.9809
4 12 car 0 0 1.781070 513.122375 460.368134 596.156128 527.594727 1.83 2.04 4.94 -7.53 1.51 33.40 1.567316 0 0.9820
4 49 car 0 0 -0.600779 1427.505493 486.572357 1524.457275 533.958862 1.54 2.03 4.34 20.97 2.02 39.26 -0.122561 0 0.9697
4 23 car 0 0 2.915532 999.887573 466.575745 1089.685425 513.728088 1.77 1.96 4.50 8.25 1.62 50.42 3.087969 0 0.1306
4 40 car 0 0 1.672854 679.784729 474.078705 711.060974 502.187714 1.52 1.80 4.75 -7.29 1.81 66.27 1.568537 0 0.9496
4 27 car 0 0 2.937682 994.650391 463.641479 1152.926514 523.364441 1.88 2.19 5.07 8.95 1.64 39.48 3.132496 0 0.3124
4 41 car 0 0 -0.378581 1087.790527 471.836975 1377.355103 538.469604 1.82 1.94 4.76 8.37 1.49 25.59 -0.065201 0 0.9375
4 52 car 0 0 -0.504859 1489.581299 484.890228 1578.299561 539.906433 1.49 2.01 4.33 20.67 2.20 34.05 0.009133 0 0.9695
5 2 car 0 0 1.940916 151.512283 469.287628 382.031006 584.291626 1.50 1.94 4.96 -8.12 1.54 18.21 1.520686 0 0.9971
5 3 car 0 0 1.894335 353.292145 459.022491 487.701813 554.948242 1.70 1.87 4.79 -7.82 1.49 23.97 1.580878 0 0.9763
5 4 car 0 0 1.642377 733.074097 473.291107 763.401611 498.065430 1.48 1.92 4.78 -4.97 1.78 81.45 1.579918 0 0.4950
5 6 car 0 0 1.730566 551.640503 451.254456 632.824463 522.270447 2.30 2.08 5.76 -7.31 1.54 37.33 1.545640 0 0.9350
5 7 car 0 0 2.159390 1.727304 479.788300 145.003311 635.311890 1.46 1.87 4.73 -8.16 1.57 10.91 1.618070 0 0.9961
5 34 car 0 0 1.694903 627.495239 468.254944 673.252625 509.349457 1.75 1.97 5.00 -7.61 1.69 50.86 1.555165 0 0.9826
5 45 car 0 0 -0.519383 1395.557495 480.213715 1490.808228 532.589355 1.86 2.13 4.36 20.72 2.19 41.44 -0.062021 0 0.9631
5 12 car 0 0 1.808738 474.974854 456.990753 571.002502 535.451233 1.83 2.04 4.94 -7.46 1.53 30.00 1.570987 0 0.9891
5 35 car 0 0 2.914215 1058.094727 468.267731 1160.476685 528.179443 1.40 1.72 4.25 8.41 1.53 33.53 3.136149 0 0.9862
5 49 car 0 0 -0.638407 1489.516724 488.204956 1596.607788 541.696045 1.54 2.03 4.34 21.03 2.12 35.77 -0.118912 0 0.9189
5 23 car 0 0 2.926040 991.337097 469.962799 1080.555542 513.741272 1.77 1.96 4.50 8.36 1.69 46.97 3.091621 0 0.9286
5 40 car 0 0 1.678990 675.457397 475.373169 709.141663 504.424438 1.52 1.80 4.75 -7.08 1.82 63.03 1.572208 0 0.9653
5 41 car 0 0 -0.421244 1148.000610 459.134308 1447.427979 552.811829 1.82 1.94 4.76 8.42 1.54 22.19 -0.061549 0 0.9063
6 2 car 0 0 2.025218 1.154412 478.457367 301.403137 619.884644 1.50 1.94 4.96 -8.12 1.62 14.79 1.530833 0 0.9989
6 3 car 0 0 1.943611 268.704132 465.373322 440.087555 572.125610 1.70 1.87 4.79 -7.83 1.58 20.58 1.583170 0 0.9967
6 4 car 0 0 1.647240 732.161804 482.471710 757.846069 506.102203 1.48 1.92 4.78 -4.82 2.04 78.05 1.582211 0 0.0967
6 6 car 0 0 1.749684 527.061279 455.194885 613.620972 532.056885 2.30 2.08 5.76 -7.25 1.70 33.94 1.547930 0 0.9624
6 34 car 0 0 1.708273 611.236511 472.220093 661.154297 518.786926 1.75 1.97 5.00 -7.52 1.84 47.48 1.557455 0 0.9716
6 12 car 0 0 1.839468 428.087799 461.806396 541.904785 550.064514 1.83 2.04 4.94 -7.42 1.61 26.61 1.573279 0 0.9975
6 35 car 0 0 2.890827 1070.055786 479.503021 1216.283325 538.750610 1.40 1.72 4.25 8.46 1.62 30.12 3.138341 0 0.9903
6 40 car 0 0 1.685371 671.512024 481.484467 702.718811 511.351959 1.52 1.80 4.75 -6.95 2.04 59.63 1.574500 0 0.9531
6 27 car 0 0 2.872183 1085.760010 463.458832 1250.516235 555.378723 1.88 2.19 5.07 9.02 1.77 32.60 3.138341 0 0.1029
6 41 car 0 0 -0.500212 1270.588623 471.643555 1564.820312 572.999023 1.82 1.94 4.76 8.38 1.57 18.72 -0.059352 0 0.8188
6 43 car 0 0 2.755386 1195.649170 458.138977 1431.832886 570.993164 1.55 1.97 4.37 8.40 1.24 21.45 3.126241 0 0.9651
7 2 car 0 0 2.088247 0.891896 494.628326 128.975250 646.029236 1.50 1.94 4.96 -8.13 1.69 10.48 1.541998 0 0.9985
7 3 car 0 0 2.036181 91.570824 470.730560 349.520264 608.021362 1.70 1.87 4.79 -7.87 1.69 16.26 1.585621 0 0.9872
7 6 car 0 0 1.782791 473.933594 456.158600 586.175232 549.033020 2.30 2.08 5.76 -7.20 1.85 29.63 1.550374 0 0.9691
7 34 car 0 0 1.731374 593.286743 478.214417 648.464905 527.707336 1.75 1.97 5.00 -7.40 2.01 43.18 1.568626 0 0.9848
7 12 car 0 0 1.891565 335.368713 467.284637 499.029663 572.639587 1.83 2.04 4.94 -7.45 1.73 22.30 1.575728 0 0.9973
7 35 car 0 0 2.840776 1108.029541 478.877441 1320.186401 551.646179 1.40 1.72 4.25 8.49 1.64 25.78 3.140761 0 0.9869
7 23 car 0 0 2.888787 1024.788086 484.010406 1155.788086 528.656860 1.77 1.96 4.50 8.45 1.82 39.18 3.096245 0 0.9251
7 40 car 0 0 1.692358 664.397522 487.963257 698.316589 519.552002 1.52 1.80 4.75 -6.81 2.24 55.31 1.576949 0 0.9640
7 41 car 0 0 -0.518053 1298.116821 445.327026 1600.000000 602.772949 1.82 1.94 4.76 8.30 1.54 14.31 -0.056922 0 0.9383
8 3 car 0 0 2.111881 0.000000 466.763000 210.449585 642.991211 1.70 1.87 4.79 -7.90 1.65 12.09 1.589450 0 0.9761
8 4 car 0 0 1.657965 714.054688 478.168701 764.762512 510.149170 1.48 1.92 4.78 -4.37 2.09 69.54 1.588490 0 0.0842
8 6 car 0 0 1.818935 410.462891 449.965393 563.452942 558.740479 2.30 2.08 5.76 -7.18 1.74 25.44 1.554203 0 0.8306
8 34 car 0 0 1.757423 574.328186 475.701111 632.615417 531.661377 1.75 1.97 5.00 -7.24 1.92 39.02 1.581179 0 0.9933
8 12 car 0 0 1.969247 194.472641 461.701935 429.658875 597.197815 1.83 2.04 4.94 -7.46 1.68 18.11 1.579556 0 0.9798
8 35 car 0 0 2.774056 1185.119385 474.234528 1441.532593 571.907715 1.40 1.72 4.25 8.55 1.61 21.55 -3.138562 0 0.9899
8 23 car 0 0 2.863965 1044.135010 477.730042 1211.972046 533.044067 1.77 1.96 4.50 8.54 1.73 34.94 3.100106 0 0.8249
8 40 car 0 0 1.700498 652.832642 484.375702 687.557251 520.946472 1.52 1.80 4.75 -6.66 2.09 51.14 1.576307 0 0.9764
8 64 car 0 0 1.670771 681.695923 483.752441 760.094482 536.563293 1.54 1.92 4.70 -2.91 2.35 36.68 1.586606 0 0.9905
8 41 car 0 0 -0.575991 1497.566406 447.845856 1600.000000 638.703735 1.82 1.94 4.76 8.23 1.50 10.01 -0.053061 0 0.8708
8 43 car 0 0 2.640840 1419.194580 472.760803 1575.881470 630.943970 1.55 1.97 4.37 8.33 1.35 12.85 3.132525 0 0.5160
9 4 car 0 0 1.656761 723.269775 478.801575 765.391907 509.580383 1.48 1.92 4.78 -4.29 1.97 65.80 1.591197 0 0.9671
9 6 car 0 0 1.874905 321.108215 446.835083 516.192566 579.186829 2.30 2.08 5.76 -7.17 1.68 21.72 1.560114 0 0.8073
9 34 car 0 0 1.778676 542.669739 475.415192 616.167053 536.705383 1.75 1.97 5.00 -7.20 1.85 35.29 1.583886 0 0.9837
9 12 car 0 0 2.063750 6.356319 456.725800 337.624847 633.870483 1.83 2.04 4.94 -7.49 1.67 14.39 1.582264 0 0.9923
9 35 car 0 0 2.706828 1258.924072 480.832062 1575.466797 593.154907 1.40 1.72 4.25 8.56 1.59 17.80 -3.135830 0 0.9949
9 23 car 0 0 2.838848 1071.244629 475.761200 1259.199463 539.440552 1.77 1.96 4.50 8.56 1.67 31.18 3.102838 0 0.9593
9 40 car 0 0 1.722209 614.006042 482.837708 667.601196 536.486328 1.52 1.80 4.75 -6.60 2.00 47.42 1.574988 0 0.1111
9 64 car 0 0 1.705373 625.990295 487.539001 735.071228 554.397644 1.54 1.92 4.70 -3.06 2.11 27.75 1.589313 0 0.9975
10 4 car 0 0 1.662660 720.212952 477.822693 764.820557 510.144043 1.48 1.92 4.78 -4.06 1.86 61.57 1.595655 0 0.9233
10 6 car 0 0 1.962279 162.101654 428.634735 448.974060 603.610901 2.30 2.08 5.76 -7.11 1.59 17.50 1.568138 0 0.7630
10 34 car 0 0 1.828853 464.584778 470.068542 574.073547 549.493469 1.75 1.97 5.00 -7.08 1.75 31.07 1.588345 0 0.1401
10 12 car 0 0 2.121132 0.000000 450.784271 170.205582 655.800903 1.83 2.04 4.94 -7.50 1.57 10.17 1.586722 0 0.9431
10 63 car 0 0 2.837709 1108.654053 470.961365 1306.634155 552.003662 1.54 2.01 4.23 8.92 1.61 29.77 3.132979 0 0.9690
10 35 car 0 0 2.665637 1377.437500 491.391663 1600.000000 623.607727 1.40 1.72 4.25 8.27 1.71 13.30 -3.131349 0 0.9933
10 60 car 0 0 2.918194 1063.289795 478.106171 1103.576782 505.532745 1.63 2.11 4.66 17.00 2.35 83.97 3.120407 0 0.8565
10 64 car 0 0 1.771710 497.682159 482.991058 682.276123 595.994507 1.54 1.92 4.70 -3.20 1.86 17.73 1.585047 0 0.9961
10 27 car 0 0 2.693140 1327.103516 479.321960 1563.415527 584.775330 1.88 2.19 5.07 9.03 1.70 15.93 -3.131349 0 0.9668
11 4 car 0 0 1.668585 715.312805 468.193481 760.409302 502.580963 1.48 1.92 4.78 -4.00 1.40 57.24 1.597881 0 0.9621
11 6 car 0 0 2.058790 1.805817 408.229584 331.382965 562.894287 2.30 2.08 5.76 -7.12 1.47 13.17 1.573926 0 0.6250
11 34 car 0 0 1.845117 442.683411 458.027313 558.553040 543.894104 1.75 1.97 5.00 -7.06 1.53 26.75 1.590571 0 0.9866
11 23 car 0 0 2.748958 1159.503784 460.021301 1439.048950 555.768250 1.77 1.96 4.50 8.64 1.49 22.53 3.109745 0 0.9859
11 40 car 0 0 1.727828 602.625977 471.965118 658.768250 521.122070 1.52 1.80 4.75 -6.39 1.60 38.88 1.572723 0 0.9807
11 64 car 0 0 2.006301 0.000000 471.635834 510.857147 779.641479 1.54 1.92 4.70 -3.44 1.59 7.62 1.578550 0 0.9969
12 4 car 0 0 1.673894 698.351746 472.101379 748.177368 509.743134 1.48 1.92 4.78 -4.41 1.54 52.96 1.591607 0 0.9435
12 34 car 0 0 1.893016 350.095245 464.825592 503.991821 566.943298 1.75 1.97 5.00 -7.30 1.66 22.45 1.584295 0 0.9950
12 68 car 0 0 2.934293 1057.860229 464.208771 1112.069824 490.529907 1.52 1.98 4.74 17.11 1.47 85.67 3.137679 0 0.0637
12 23 car 0 0 2.683560 1207.160522 451.595123 1564.410767 573.422119 1.77 1.96 4.50 8.41 1.46 18.34 3.103377 0 0.9955
12 40 car 0 0 1.764888 562.383179 476.735443 632.271851 533.503052 1.52 1.80 4.75 -6.61 1.72 34.56 1.583894 0 0.9952
12 60 car 0 0 2.906706 1031.256592 467.470459 1155.353638 496.964691 1.63 2.11 4.66 16.48 1.60 75.47 3.116469 0 0.1470
12 58 car 0 0 2.054109 139.135529 468.763885 371.170837 602.522400 1.57 1.98 4.64 -7.77 1.63 16.52 1.626176 0 0.9980
13 4 car 0 0 1.683017 672.703003 465.041077 728.761963 505.528625 1.48 1.92 4.78 -4.93 1.27 48.66 1.582895 0 0.9569
13 34 car 0 0 1.970585 193.018387 455.666962 415.522308 584.189209 1.75 1.97 5.00 -7.60 1.57 18.12 1.575582 0 0.9881
13 63 car 0 0 2.668910 1268.053955 436.615265 1600.000000 588.801514 1.54 2.01 4.23 8.49 1.22 17.05 3.120372 0 0.8331
13 40 car 0 0 1.801129 506.548584 471.973267 593.622131 536.172058 1.52 1.80 4.75 -6.99 1.57 30.23 1.583906 0 0.9967
13 60 car 0 0 2.896824 1034.757324 458.951691 1155.043945 485.498169 1.63 2.11 4.66 15.68 1.06 71.36 3.107805 0 0.0876
13 58 car 0 0 2.137514 0.066365 466.939758 218.330582 643.366699 1.57 1.98 4.64 -8.00 1.59 12.17 1.617468 0 0.9933
14 4 car 0 0 1.694961 643.687988 468.781403 704.093323 511.561340 1.48 1.92 4.78 -5.35 1.48 44.45 1.573675 0 0.9693
14 34 car 0 0 2.064467 4.457590 456.452942 286.051666 630.139404 1.75 1.97 5.00 -7.85 1.65 13.89 1.566363 0 0.9874
14 70 car 0 0 2.788791 1180.053589 465.211273 1263.399048 506.395477 1.69 2.34 4.79 14.56 1.31 49.77 3.094316 0 0.9394
14 63 car 0 0 2.628134 1368.310303 461.126465 1598.863525 595.563782 1.54 2.01 4.23 8.13 1.26 12.96 3.111125 0 0.9887
14 40 car 0 0 1.845830 434.870056 475.875305 545.268616 552.966919 1.52 1.80 4.75 -7.31 1.70 26.01 1.583414 0 0.9967
14 60 car 0 0 2.876284 1047.293579 460.866180 1172.174561 493.102020 1.63 2.11 4.66 14.96 1.32 67.34 3.098558 0 0.5358
15 4 car 0 0 1.706959 612.598572 473.256592 681.951050 523.499329 1.48 1.92 4.78 -5.80 1.56 40.42 1.564796 0 0.9612
15 34 car 0 0 2.113762 1.662459 457.141479 93.570000 655.202576 1.75 1.97 5.00 -8.04 1.69 9.84 1.557483 0 0.9872
15 72 car 0 0 -0.434079 1258.670532 459.085815 1389.032349 499.686401 1.77 1.95 4.53 15.21 1.31 38.31 -0.056232 0 0.1470
15 69 car 0 0 2.751373 1208.880493 460.301392 1313.712524 510.404633 1.78 2.14 4.79 15.12 1.42 41.05 3.085360 0 0.9761
15 68 car 0 0 2.917580 1045.674072 467.839783 1097.774170 493.511139 1.52 1.98 4.74 14.66 1.36 73.69 3.110807 0 0.8898
15 40 car 0 0 1.894223 339.006561 485.917206 484.698944 574.682190 1.52 1.80 4.75 -7.59 1.74 21.96 1.574535 0 0.9971
15 60 car 0 0 2.864779 1043.570068 462.782440 1182.614014 496.452454 1.63 2.11 4.66 14.31 1.20 63.48 3.089601 0 0.4016
16 4 car 0 0 1.720477 584.526672 488.382172 660.907593 542.932373 1.48 1.92 4.78 -6.09 2.23 36.42 1.559161 0 0.9716
16 69 car 0 0 2.708632 1233.358276 484.584198 1394.304565 538.591980 1.78 2.14 4.79 14.84 2.27 37.16 3.079549 0 0.9487
16 40 car 0 0 1.966796 194.910782 501.491547 405.109772 610.679749 1.52 1.80 4.75 -7.76 2.01 17.95 1.568899 0 0.9980
16 60 car 0 0 2.838679 1075.433228 487.970184 1204.505493 520.786987 1.63 2.11 4.66 13.91 2.48 59.59 3.083791 0 0.6823
16 74 car 0 0 2.781921 1156.511475 485.520996 1265.239380 532.056885 1.75 2.15 4.56 13.95 2.34 44.95 3.079549 0 0.1391
17 4 car 0 0 1.745898 545.370789 469.602844 637.259705 529.535767 1.48 1.92 4.78 -6.09 1.57 32.33 1.560265 0 0.9944
17 70 car 0 0 2.770115 1084.556152 470.268951 1373.349731 516.438843 1.69 2.34 4.79 13.76 1.77 37.89 3.080878 0 0.2341
17 69 car 0 0 2.652986 1315.051636 468.195129 1480.870972 533.280579 1.78 2.14 4.79 14.84 1.79 33.04 3.080878 0 0.9794
17 40 car 0 0 2.075110 0.000000 482.297882 296.086792 629.878784 1.52 1.80 4.75 -7.82 1.68 13.86 1.578725 0 0.9988
17 76 car 0 0 2.890193 1074.199829 474.095367 1129.135254 501.728912 1.65 2.03 4.56 14.20 1.81 68.41 3.106332 0 0.6482
17 74 car 0 0 2.728843 1235.788452 472.325348 1337.794067 521.255920 1.75 2.15 4.56 13.96 1.74 40.83 3.080878 0 0.9875
18 4 car 0 0 1.776245 495.461151 479.930359 607.659241 549.554321 1.48 1.92 4.78 -6.12 1.72 28.10 1.560144 0 0.9833
18 72 car 0 0 -0.556379 1409.596680 473.629333 1597.464478 549.453552 1.77 1.95 4.53 14.84 1.81 26.09 -0.060984 0 0.9935
18 78 car 0 0 2.743759 1193.492554 489.030334 1337.143799 530.463562 1.55 1.99 4.76 14.97 2.04 41.53 3.080608 0 0.1682
18 40 car 0 0 2.143862 0.741474 499.545105 93.613503 655.971191 1.52 1.80 4.75 -7.94 1.77 9.63 1.587330 0 0.9977
18 60 car 0 0 2.802977 1151.435669 478.168060 1227.328857 518.079224 1.63 2.11 4.66 13.81 1.91 51.25 3.084850 0 0.9242
18 76 car 0 0 2.892859 1045.172119 474.912781 1150.453247 502.250671 1.65 2.03 4.56 14.08 2.11 64.20 3.106061 0 0.0571
18 74 car 0 0 2.736943 1173.373535 475.461243 1376.480469 521.390015 1.75 2.15 4.56 13.85 1.90 36.62 3.080608 0 0.4527
18 77 car 0 0 2.866263 1086.465332 479.001617 1179.343018 511.464600 1.68 2.12 4.73 14.34 2.05 56.41 3.106061 0 0.7924
19 4 car 0 0 1.815014 432.790192 478.441925 572.607849 561.007874 1.48 1.92 4.78 -6.12 1.61 23.70 1.562024 0 0.9875
19 70 car 0 0 2.669157 1209.989136 475.756683 1542.261475 526.945251 1.69 2.34 4.79 13.66 1.80 29.22 3.082526 0 0.9161
19 72 car 0 0 -0.589474 1522.637573 473.098572 1600.000000 558.831970 1.77 1.95 4.53 14.83 1.71 21.63 -0.059067 0 0.2647
19 69 car 0 0 2.574886 1449.717407 473.667084 1597.248535 558.977051 1.78 2.14 4.79 14.73 1.75 24.36 3.082526 0 0.9925
19 78 car 0 0 2.673102 1280.565918 478.523285 1459.919312 534.156067 1.55 1.99 4.76 15.05 1.85 37.07 3.082526 0 0.6432
19 79 car 0 0 -0.133557 1058.226807 475.854126 1128.071411 505.562164 1.58 1.93 4.73 15.04 1.90 68.22 0.076086 0 0.9642
19 60 car 0 0 2.787585 1107.060913 473.919586 1318.953735 516.211182 1.63 2.11 4.66 13.88 1.65 46.80 3.086768 0 0.3122
19 76 car 0 0 2.875203 1062.165039 471.473206 1185.027222 500.827881 1.65 2.03 4.56 14.19 1.83 59.74 3.107979 0 0.0762
19 77 car 0 0 2.849003 1111.306030 474.844116 1205.674194 513.413391 1.68 2.12 4.73 14.43 1.87 51.95 3.107979 0 0.9180
20 4 car 0 0 1.870073 351.624634 466.875946 541.321777 564.228333 1.48 1.92 4.78 -5.88 1.39 19.19 1.575492 0 0.9947
20 81 car 0 0 2.933765 1096.086914 462.652679 1205.874878 496.967407 1.73 2.07 4.55 15.38 1.56 59.94 -3.096054 0 0.9520
20 78 car 0 0 2.625053 1397.308472 459.777954 1532.407227 537.572083 1.55 1.99 4.76 15.53 1.57 32.27 3.096247 0 0.9948
20 68 car 0 0 2.823537 1169.134766 463.775177 1254.084839 504.777130 1.52 1.98 4.74 14.93 1.46 52.21 3.121701 0 0.8699
20 60 car 0 0 2.736315 1177.749023 463.526733 1430.513062 508.225677 1.63 2.11 4.66 14.45 1.39 42.01 3.100490 0 0.7528
20 76 car 0 0 2.843046 1079.666870 462.524261 1290.365112 499.255249 1.65 2.03 4.56 14.95 1.33 54.95 3.121701 0 0.1244
20 80 car 0 0 -0.446233 1309.261963 463.698669 1449.151367 526.386841 1.57 1.97 4.59 15.55 1.51 34.59 -0.030803 0 0.7417
20 77 car 0 0 2.794408 1196.672607 462.201996 1307.172119 503.586945 1.68 2.12 4.73 15.08 1.53 47.16 3.121701 0 0.3644
21 4 car 0 0 1.941508 241.296539 475.221741 494.013702 605.841187 1.48 1.92 4.78 -5.72 1.59 15.64 1.590367 0 0.9978
21 87 car 0 0 2.643190 1364.581299 480.203949 1483.193970 536.711426 1.43 1.99 4.80 15.96 1.75 35.51 3.088079 0 0.9924
21 60 car 0 0 2.712165 1297.792480 471.881622 1415.076172 530.694702 1.63 2.11 4.66 14.87 1.76 38.22 3.112276 0 0.9086
21 76 car 0 0 2.846929 1145.990967 475.234039 1245.517822 509.464355 1.65 2.03 4.56 15.38 1.78 51.15 3.133489 0 0.7705
21 80 car 0 0 -0.491084 1393.781250 482.542725 1538.695435 542.091370 1.57 1.97 4.59 15.89 1.84 30.79 -0.019016 0 0.8922
21 89 car 0 0 2.642250 1227.454590 471.872467 1503.180176 526.813416 1.71 2.01 4.43 15.25 1.79 33.13 3.048361 0 0.8345
21 74 car 0 0 2.590244 1482.033447 471.218536 1598.426270 556.420410 1.75 2.15 4.56 14.49 1.79 23.52 3.108034 0 0.9775
21 77 car 0 0 2.777010 1244.047119 471.487915 1342.194214 523.494507 1.68 2.12 4.73 15.57 1.96 43.36 3.133489 0 0.9574
22 4 car 0 0 2.033918 73.032043 466.457031 429.571747 632.061157 1.48 1.92 4.78 -5.63 1.43 12.46 1.603444 0 0.9984
22 81 car 0 0 2.880999 1158.336060 455.107544 1348.299072 498.229675 1.73 2.07 4.55 16.50 1.33 52.78 -3.073895 0 0.3364
22 87 car 0 0 2.646787 1314.372314 455.582245 1554.347656 518.628967 1.43 1.99 4.80 16.24 1.27 32.11 3.098464 0 0.8618
22 78 car 0 0 2.602579 1478.012207 468.610016 1595.975708 532.108215 1.55 1.99 4.76 16.02 1.47 25.05 3.118417 0 0.9953
22 90 car 0 0 2.832146 1196.432617 463.456268 1264.121826 499.390564 1.46 1.93 4.45 15.98 1.14 50.20 -3.139318 0 0.4409
22 79 car 0 0 -0.183331 1157.755737 459.069672 1257.601562 497.192902 1.58 1.93 4.73 17.12 1.26 56.20 0.111963 0 0.9571
22 68 car 0 0 2.794236 1228.806763 462.210327 1337.946167 507.538605 1.52 1.98 4.74 15.89 1.33 45.02 -3.139318 0 0.1851
22 60 car 0 0 2.684827 1355.614624 454.471954 1470.528931 521.598267 1.63 2.11 4.66 15.19 1.24 34.83 3.122658 0 0.9695
22 76 car 0 0 2.811916 1211.372803 459.880127 1305.509644 498.776215 1.65 2.03 4.56 15.82 1.17 47.76 -3.139318 0 0.9401
22 80 car 0 0 -0.513710 1455.957397 457.191528 1582.604004 516.319336 1.57 1.97 4.59 16.14 1.41 27.39 -0.008635 0 0.2895
22 77 car 0 0 2.748041 1297.183838 456.288757 1403.047607 513.635010 1.68 2.12 4.73 15.94 1.35 39.97 -3.139318 0 0.9398
23 4 car 0 0 2.100205 2.275618 481.708740 329.976807 719.511780 1.48 1.92 4.78 -5.58 1.58 9.41 1.615048 0 0.9974
23 87 car 0 0 2.627125 1416.697266 483.429291 1540.093750 545.468872 1.43 1.99 4.80 16.42 1.90 28.88 3.106861 0 0.7970
23 79 car 0 0 -0.215486 1219.831177 485.709930 1308.079956 522.491394 1.58 1.93 4.73 17.51 2.24 52.96 0.120394 0 0.6609
23 68 car 0 0 2.762714 1289.182495 485.962494 1392.648926 530.315063 1.52 1.98 4.74 16.20 2.17 41.80 -3.130913 0 0.6084
23 60 car 0 0 2.676216 1354.259644 476.269470 1524.273926 537.695496 1.63 2.11 4.66 15.42 1.90 31.61 3.131059 0 0.9350
23 76 car 0 0 2.807401 1174.725342 480.131866 1378.541016 521.243591 1.65 2.03 4.56 16.13 2.01 44.54 -3.130913 0 0.2437
23 80 car 0 0 -0.533168 1531.161377 483.392761 1600.000000 560.104553 1.57 1.97 4.59 16.30 1.98 24.17 -0.000233 0 0.9906
23 89 car 0 0 2.565327 1437.934204 479.828247 1589.980225 555.230835 1.71 2.01 4.43 15.64 1.92 26.52 3.067141 0 0.9788
24 87 car 0 0 2.587441 1499.370850 515.834290 1600.000000 579.905273 1.43 1.99 4.80 16.48 2.38 25.61 3.110912 0 0.9611
24 90 car 0 0 2.788095 1247.777588 502.417389 1372.130005 540.036621 1.46 1.93 4.45 16.52 2.74 43.70 -3.126864 0 0.4485
24 79 car 0 0 -0.196697 1192.141235 505.691681 1294.557739 542.506897 1.58 1.93 4.73 17.69 3.05 49.68 0.124447 0 0.1259
24 68 car 0 0 2.751353 1257.307861 505.076477 1469.934448 554.768799 1.52 1.98 4.74 16.33 2.81 38.52 -3.126864 0 0.7576
24 60 car 0 0 2.647059 1408.043579 498.579163 1575.333130 569.193970 1.63 2.11 4.66 15.51 2.40 28.35 3.135109 0 0.9681
25 90 car 0 0 2.755937 1244.427856 480.616089 1446.052490 529.109802 1.46 1.93 4.45 16.11 1.87 40.42 -3.134740 0 0.1410
25 68 car 0 0 2.699814 1294.117920 479.220612 1565.187622 536.778687 1.52 1.98 4.74 15.94 2.03 35.24 -3.134740 0 0.8230
25 60 car 0 0 2.614813 1462.680298 478.057800 1600.000000 559.503906 1.63 2.11 4.66 15.21 1.83 25.05 3.127230 0 0.9949
26 90 car 0 0 2.713082 1328.475830 502.867462 1456.405640 552.410583 1.46 1.93 4.45 15.56 2.35 36.80 3.137320 0 0.8795
26 68 car 0 0 2.679612 1349.939331 505.478271 1537.500000 565.128662 1.52 1.98 4.74 15.48 2.48 31.60 3.137320 0 0.4162
26 60 car 0 0 2.587250 1517.389038 499.673126 1600.000000 577.306580 1.63 2.11 4.66 14.87 2.19 21.41 3.116097 0 0.9760
26 77 car 0 0 2.647634 1411.597900 497.103180 1577.038574 567.311523 1.68 2.12 4.73 15.57 2.35 26.57 3.137320 0 0.8914
26 106 car 0 0 2.628332 1488.838623 496.801819 1562.554565 571.246155 1.53 1.98 4.81 15.50 2.16 23.88 3.137320 0 0.8222
27 103 car 0 0 2.614968 1455.375977 511.103333 1591.413696 572.642883 1.55 2.04 4.72 15.72 2.47 25.31 3.122554 0 0.9764
27 108 car 0 0 -0.153613 925.638123 482.370514 978.245483 504.044922 1.81 1.91 4.45 9.60 2.84 97.34 -0.053887 0 0.6368
27 77 car 0 0 2.594742 1514.666626 514.857666 1599.245239 581.413940 1.68 2.12 4.73 15.15 2.17 22.74 3.122554 0 0.0829
28 108 car 0 0 -0.157510 921.883362 472.653046 971.083679 494.528534 1.81 1.91 4.45 8.82 1.93 93.16 -0.062100 0 0.6358
29 108 car 0 0 -0.156333 914.697083 466.666718 978.611328 489.196533 1.81 1.91 4.45 8.81 1.51 88.85 -0.060788 0 0.8808
30 115 car 0 0 1.137350 8.309252 446.414917 174.142715 532.010864 2.00 2.22 5.55 -19.22 1.51 32.18 0.606567 0 0.8508
30 108 car 0 0 -0.164083 927.930847 467.429199 982.023926 489.872925 1.81 1.91 4.45 8.65 1.56 84.60 -0.061959 0 0.4794
31 115 car 0 0 1.169462 2.189342 446.662201 71.409233 513.705139 2.00 2.22 5.55 -19.29 1.58 28.20 0.606980 0 0.8521
31 121 car 0 0 1.580757 774.066833 469.884735 801.511108 495.359436 1.72 1.98 4.52 -2.91 1.84 95.24 1.549798 0 0.8838
31 108 car 0 0 -0.162944 920.552307 469.203156 987.325134 496.351318 1.81 1.91 4.45 8.57 1.91 80.42 -0.061640 0 0.9649
32 121 car 0 0 1.574170 767.967163 468.434113 798.675293 497.235657 1.72 1.98 4.52 -2.96 1.73 83.84 1.539648 0 0.9336
32 108 car 0 0 -0.176135 937.983582 473.823273 998.738098 498.135162 1.81 1.91 4.45 8.37 1.83 76.26 -0.063451 0 0.8482
33 121 car 0 0 1.607125 756.591675 464.993500 792.806152 496.967468 1.72 1.98 4.52 -2.97 1.51 72.36 1.565731 0 0.9207
33 108 car 0 0 -0.177082 931.111389 468.487457 1006.982483 495.882416 1.81 1.91 4.45 8.28 1.61 71.96 -0.063857 0 0.9491
34 121 car 0 0 1.611909 747.834900 460.745972 788.214172 497.865112 1.72 1.98 4.52 -2.82 1.33 61.51 1.565197 0 0.8465
34 108 car 0 0 -0.188759 953.444580 466.225067 1021.731445 493.864624 1.81 1.91 4.45 8.46 1.44 67.47 -0.060949 0 0.5861
35 121 car 0 0 1.619076 734.219482 463.267853 785.541382 506.053741 1.72 1.98 4.52 -2.78 1.49 51.78 1.565880 0 0.9582
35 108 car 0 0 -0.194968 960.220520 467.572174 1040.111816 499.002594 1.81 1.91 4.45 8.56 1.64 63.48 -0.057294 0 0.8741
36 121 car 0 0 1.632320 712.947021 454.507416 779.681519 506.671448 1.72 1.98 4.52 -2.70 1.23 42.51 1.568333 0 0.9878
36 108 car 0 0 -0.202437 969.644836 461.211792 1058.811401 497.182556 1.81 1.91 4.45 8.77 1.43 59.03 -0.053767 0 0.9702
37 121 car 0 0 1.655041 676.717102 443.981110 764.112305 516.357483 1.72 1.98 4.52 -2.70 1.03 32.39 1.570495 0 0.9672
37 108 car 0 0 -0.217599 989.757935 453.977081 1086.165649 493.381165 1.81 1.91 4.45 8.95 1.10 54.21 -0.050454 0 0.9390
38 121 car 0 0 1.696334 613.251038 449.895264 742.730286 551.365051 1.72 1.98 4.52 -2.62 1.32 23.15 1.578275 0 0.9821
38 108 car 0 0 -0.236705 1031.668701 468.884338 1115.406616 506.140961 1.81 1.91 4.45 9.34 1.56 49.75 -0.042084 0 0.5412
39 121 car 0 0 1.780506 467.569336 453.652679 695.844910 615.623779 1.72 1.98 4.52 -2.71 1.48 14.58 1.587475 0 0.9696
39 108 car 0 0 -0.253339 1051.075928 474.744049 1152.119019 516.611328 1.81 1.91 4.45 9.45 1.79 45.26 -0.037253 0 0.9555
40 121 car 0 0 2.001882 0.000000 414.540100 551.275940 805.450012 1.72 1.98 4.52 -2.95 1.41 6.73 1.587568 0 0.9632
40 108 car 0 0 -0.272749 1060.515625 452.107849 1183.461304 505.439667 1.81 1.91 4.45 9.18 1.23 40.83 -0.041188 0 0.9836
