4 14 car 0 0 -1.687188 1514.069702 495.468506 1598.187744 577.034912 1.49 1.60 4.30 16.73 2.10 29.21 -1.158455 0 0.9933
5 55 car 0 0 1.360085 1560.207764 516.745667 1599.307129 575.627380 1.44 1.71 4.12 17.57 2.07 28.15 1.902615 0 0.7737
5 32 car 0 0 1.396404 1462.559326 506.000214 1554.973633 575.747009 1.57 1.54 4.03 15.13 1.94 28.64 1.896800 0 0.9379
6 1 car 0 0 1.281003 1547.683838 532.620483 1596.353149 585.161499 1.69 1.74 4.98 17.21 2.26 26.70 1.819039 0 0.0615
6 14 car 0 0 -1.730716 1234.583618 513.349426 1339.197632 591.519348 1.49 1.60 4.30 10.01 2.18 27.93 -1.374913 0 0.9864
6 55 car 0 0 1.316747 1427.768188 526.036377 1576.895630 592.287598 1.44 1.71 4.12 14.94 2.28 27.48 1.813224 0 0.1032
6 32 car 0 0 1.360179 1341.652710 522.025818 1460.726196 593.428528 1.57 1.54 4.03 12.38 2.14 27.74 1.792862 0 0.9823
7 1 car 0 0 1.231969 1539.352905 509.210693 1600.000000 584.424683 1.69 1.74 4.98 15.89 2.06 25.25 1.768641 0 0.9716
7 14 car 0 0 -1.753163 1191.014893 510.075836 1303.003540 594.488037 1.49 1.60 4.30 8.62 2.08 26.16 -1.425311 0 0.9970
7 55 car 0 0 1.279567 1425.353882 522.615784 1555.152710 591.270752 1.44 1.71 4.12 13.62 2.15 25.93 1.768641 0 0.9762
7 32 car 0 0 1.322714 1306.909424 519.878540 1429.593140 592.861145 1.57 1.54 4.03 10.96 2.02 26.06 1.733749 0 0.9902
8 1 car 0 0 1.201159 1552.116821 492.680176 1600.000000 567.450012 1.69 1.74 4.98 15.15 1.68 23.33 1.741544 0 0.9700
8 14 car 0 0 -1.774919 1173.716309 499.606842 1305.234619 587.200256 1.49 1.60 4.30 7.86 1.81 24.07 -1.452409 0 0.9967
8 55 car 0 0 1.240523 1429.943115 509.778229 1578.174805 586.977173 1.44 1.71 4.12 12.84 1.78 23.99 1.738053 0 0.9901
8 32 car 0 0 1.284372 1302.963501 500.526489 1441.113770 586.417664 1.57 1.54 4.03 10.15 1.71 24.01 1.697917 0 0.9930
9 14 car 0 0 -1.801875 1169.091187 490.913940 1310.365112 588.012268 1.49 1.60 4.30 7.18 1.72 21.97 -1.479185 0 0.9931
9 55 car 0 0 1.199565 1446.919434 492.794067 1596.472290 586.270203 1.44 1.71 4.12 12.16 1.59 22.02 1.707787 0 0.9882
9 32 car 0 0 1.238010 1311.639771 492.567719 1465.375854 587.709839 1.57 1.54 4.03 9.44 1.59 21.95 1.662408 0 0.9964
10 14 car 0 0 -1.834858 1153.457642 491.926239 1319.831055 596.924011 1.49 1.60 4.30 6.44 1.66 19.90 -1.514360 0 0.9972
10 55 car 0 0 1.160439 1460.410156 488.655243 1599.055664 591.406006 1.44 1.71 4.12 11.39 1.52 20.13 1.673492 0 0.9930
10 32 car 0 0 1.199681 1312.508057 489.597626 1487.518921 596.919739 1.57 1.54 4.03 8.75 1.55 19.93 1.631598 0 0.9979
11 14 car 0 0 -1.871379 1121.258179 474.980286 1312.378174 591.279968 1.49 1.60 4.30 5.43 1.35 17.90 -1.565048 0 0.9966
11 55 car 0 0 1.111121 1459.845337 476.012695 1597.983276 582.561096 1.44 1.71 4.12 10.32 1.23 18.38 1.623683 0 0.9891
11 32 car 0 0 1.160231 1291.267090 467.207062 1487.722778 587.371643 1.57 1.54 4.03 7.77 1.28 18.03 1.585276 0 0.9915
12 14 car 0 0 -1.900950 1042.869385 456.898895 1258.532471 591.005066 1.49 1.60 4.30 4.00 1.19 16.03 -1.642765 0 0.9974
12 55 car 0 0 1.051496 1401.944336 445.442810 1599.043213 574.434021 1.44 1.71 4.12 8.81 1.06 16.88 1.546850 0 0.9931
12 32 car 0 0 1.119168 1231.058472 450.046967 1450.786987 585.658630 1.57 1.54 4.03 6.38 1.14 16.32 1.511927 0 0.9981
13 1 car 0 0 0.912479 1446.034424 439.551910 1600.000000 560.503357 1.69 1.74 4.98 9.44 1.01 15.61 1.421497 0 0.9932
13 14 car 0 0 -1.922295 919.807007 461.819153 1167.764404 610.447876 1.49 1.60 4.30 2.28 1.28 14.24 -1.744536 0 0.9959
13 55 car 0 0 0.985028 1327.473877 473.294739 1555.484619 591.218018 1.44 1.71 4.12 7.02 1.15 15.52 1.443611 0 0.9918
13 32 car 0 0 1.098119 1138.791138 455.495026 1372.219238 599.894958 1.57 1.54 4.03 4.66 1.22 14.75 1.431972 0 0.9978
14 1 car 0 0 0.828843 1274.247437 425.324341 1592.352173 574.012146 1.69 1.74 4.98 6.92 0.93 14.74 1.282221 0 0.9944
14 14 car 0 0 -1.916099 719.579773 448.232300 991.827820 622.266785 1.49 1.60 4.30 0.06 1.15 12.33 -1.884968 0 0.9927
14 55 car 0 0 0.949246 1132.244507 451.777710 1402.757935 593.274292 1.44 1.71 4.12 4.54 1.03 14.26 1.291529 0 0.9958
14 32 car 0 0 1.092828 961.465088 443.599670 1211.811646 610.231323 1.57 1.54 4.03 2.32 1.11 13.20 1.303164 0 0.9972
15 1 car 0 0 0.787859 1045.772217 427.024628 1416.321777 596.346130 1.69 1.74 4.98 3.94 0.99 13.77 1.104370 0 0.9970
15 14 car 0 0 -1.875248 412.655273 450.071167 736.089294 659.765930 1.49 1.60 4.30 -2.34 1.20 10.13 -2.063982 0 0.9657
15 66 car 0 0 0.596644 1489.123047 420.111816 1599.327637 532.165161 1.53 1.65 4.18 11.58 0.52 17.47 1.118340 0 0.9919
15 55 car 0 0 0.925576 894.851501 461.559357 1186.340210 613.320496 1.44 1.71 4.12 1.69 1.06 12.82 1.100894 0 0.9946
15 32 car 0 0 1.119544 691.446899 448.235779 982.200989 640.592957 1.57 1.54 4.03 -0.29 1.16 11.41 1.135775 0 0.9981
16 1 car 0 0 0.789864 780.815857 443.686584 1175.286621 633.309204 1.69 1.74 4.98 1.02 1.23 12.37 0.916925 0 0.9952
16 14 car 0 0 -1.780046 0.000000 462.923309 337.819427 735.344543 1.49 1.60 4.30 -4.42 1.35 7.57 -2.252592 0 0.9641
16 66 car 0 0 0.494477 1231.836670 433.227295 1560.557983 558.227722 1.53 1.65 4.18 7.73 0.82 17.57 0.923906 0 0.9978
16 64 car 0 0 -2.760012 1474.124146 424.025940 1600.000000 521.940979 1.71 1.57 4.31 12.44 0.59 21.07 -2.242577 0 0.9944
16 55 car 0 0 0.939286 599.840820 469.951599 934.750183 658.570740 1.44 1.71 4.12 -0.98 1.25 10.96 0.900636 0 0.9959
16 32 car 0 0 1.198405 318.234039 459.905701 695.567139 701.197876 1.57 1.54 4.03 -2.67 1.33 9.23 0.958812 0 0.9969
17 1 car 0 0 0.849125 362.987701 441.416382 854.804504 676.385071 1.69 1.74 4.98 -2.14 1.34 10.32 0.686820 0 0.9939
17 66 car 0 0 0.486848 909.659973 441.238037 1236.230835 568.911316 1.53 1.65 4.18 3.05 0.98 17.04 0.686820 0 0.9981
17 64 car 0 0 -2.815793 1148.144287 430.203888 1369.331299 528.377014 1.71 1.57 4.31 6.87 0.63 21.46 -2.479664 0 0.9932
17 55 car 0 0 1.011202 140.122086 470.284363 557.882996 723.517700 1.44 1.71 4.12 -3.73 1.32 8.44 0.657732 0 0.9956
17 32 car 0 0 1.225330 4.333386 468.305237 213.353455 775.232056 1.57 1.54 4.03 -4.91 1.41 6.36 0.715906 0 0.9974
18 1 car 0 0 0.870402 0.000000 442.914398 434.215332 750.652405 1.69 1.74 4.98 -4.83 1.54 7.36 0.428494 0 0.9971
18 79 car 0 0 3.023004 1472.026123 442.390015 1592.266235 494.477814 1.60 1.77 4.29 21.70 0.07 39.14 -2.745683 0 0.9692
18 7 car 0 0 3.003790 1506.871094 453.695007 1600.000000 514.273071 1.60 1.70 4.98 20.37 0.61 34.33 -2.752249 0 0.9496
18 80 car 0 0 2.495879 1370.213379 444.941803 1480.334106 481.514252 1.57 1.85 4.61 24.03 -0.39 51.85 2.944122 0 0.9760
18 77 car 0 0 -1.764488 1243.769897 415.670135 1309.672119 447.246643 1.60 1.67 4.07 23.19 -2.30 66.32 -1.415760 0 0.7949
18 66 car 0 0 0.500448 553.940857 450.345520 896.029297 591.650513 1.53 1.65 4.18 -1.39 1.16 15.11 0.428494 0 0.9982
18 73 car 0 0 2.518576 1384.719116 422.303772 1485.512939 454.502716 1.71 1.99 4.59 30.59 -1.75 60.99 2.973111 0 0.1137
18 64 car 0 0 -2.818175 807.609192 440.489685 1028.457520 543.623169 1.71 1.57 4.31 0.98 0.92 20.41 -2.737990 0 0.9951
19 79 car 0 0 3.011449 1168.667236 460.964630 1263.526978 508.331055 1.60 1.77 4.29 12.77 0.61 40.65 -2.965923 0 0.9309
19 7 car 0 0 2.975381 1208.862549 459.843414 1341.132324 530.706055 1.60 1.70 4.98 12.36 1.09 35.69 -2.960279 0 0.9624
19 46 car 0 0 -0.334938 1412.873169 460.436371 1550.592163 504.945221 1.50 1.86 4.43 20.86 0.55 41.83 0.148878 0 0.2289
19 80 car 0 0 2.486635 1074.480713 460.939697 1170.438843 495.171295 1.57 1.85 4.61 12.34 0.28 53.66 2.723861 0 0.9761
19 76 car 0 0 2.819214 1458.552124 461.613403 1600.000000 511.705353 1.71 1.81 4.29 19.71 0.80 34.51 -2.951192 0 0.6962
19 77 car 0 0 -1.758342 948.704407 431.671783 1017.743469 460.203369 1.60 1.67 4.07 8.53 -1.65 67.59 -1.627264 0 0.8375
19 66 car 0 0 0.556133 122.092346 456.207916 591.975159 626.802002 1.53 1.65 4.18 -4.55 1.21 12.25 0.208256 0 0.9978
19 71 car 0 0 2.918263 1353.048096 469.310242 1598.105103 608.607300 1.53 1.64 4.67 7.76 1.36 12.24 -2.884923 0 0.9771
19 67 car 0 0 2.974087 1262.153442 463.431183 1395.348145 542.913086 1.55 1.72 4.50 10.72 1.03 28.46 -2.924571 0 0.6882
19 25 car 0 0 2.746042 1506.290527 477.934021 1600.000000 527.136902 1.54 1.94 4.49 19.57 1.18 32.08 -3.010168 0 0.0627
19 73 car 0 0 2.481268 1128.709473 441.078918 1209.124634 477.098083 1.71 1.99 4.59 16.65 -0.88 63.94 2.752850 0 0.8984
19 64 car 0 0 -2.795388 476.590210 446.919189 739.812317 565.460144 1.71 1.57 4.31 -3.57 1.07 17.94 -2.958228 0 0.9956
19 60 car 0 0 2.964749 1257.420044 461.302399 1492.771729 552.218079 1.60 1.64 4.18 9.53 1.21 21.62 -2.902868 0 0.9747
19 75 car 0 0 2.406377 1212.524170 446.407837 1334.457031 477.609528 1.71 1.99 4.59 19.93 -0.31 56.77 2.752850 0 0.1010
20 61 car 0 0 2.610042 1505.091675 475.790497 1599.797852 535.936157 1.55 1.86 4.42 28.40 0.90 49.63 3.136603 0 0.1024
20 79 car 0 0 2.968687 1031.768799 465.911102 1192.953857 523.112244 1.60 1.77 4.29 8.23 1.01 39.49 -3.084819 0 0.9278
20 7 car 0 0 2.960852 1067.231812 480.354828 1226.545776 544.645203 1.60 1.70 4.98 8.23 1.46 34.53 -3.066965 0 0.9846
20 46 car 0 0 -0.354241 1251.822876 476.195740 1404.779053 524.535645 1.50 1.86 4.43 16.01 1.02 41.58 0.029981 0 0.0767
20 80 car 0 0 2.479287 924.560425 472.339355 1028.057739 508.679871 1.57 1.85 4.61 6.36 0.78 52.46 2.604995 0 0.9824
20 77 car 0 0 -1.767622 817.565125 442.556244 869.683350 471.737976 1.60 1.67 4.07 1.10 -1.00 65.87 -1.746023 0 0.8854
20 66 car 0 0 0.570245 0.782734 460.871277 321.495209 683.510010 1.53 1.65 4.18 -5.98 1.36 9.38 0.092847 0 0.9984
20 71 car 0 0 2.833990 1268.167114 473.738892 1591.600586 660.131714 1.53 1.64 4.67 6.31 1.46 10.71 -2.998001 0 0.9946
20 67 car 0 0 2.957791 1123.136230 477.963196 1243.016357 560.947144 1.55 1.72 4.50 7.45 1.30 27.17 -3.043466 0 0.1921
20 25 car 0 0 2.673683 1356.034180 473.104279 1596.525879 549.297852 1.54 1.94 4.49 15.81 1.48 31.73 -3.129066 0 0.2375
20 73 car 0 0 2.471937 988.559814 456.069031 1058.037476 486.937653 1.71 1.99 4.59 9.39 -0.19 63.10 2.633981 0 0.9005
20 48 car 0 0 2.832751 1150.056396 469.580170 1592.851074 586.828552 1.64 1.80 4.77 6.40 1.54 13.26 -3.037276 0 0.5404
20 64 car 0 0 -2.746733 206.438553 455.240082 547.549072 593.288757 1.71 1.57 4.31 -5.63 1.30 15.13 -3.080611 0 0.9979
20 84 car 0 0 1.690044 728.212585 456.887115 766.509216 490.280426 1.49 1.84 4.64 -3.49 -0.01 55.49 1.635687 0 0.9622
20 60 car 0 0 2.939909 1125.031616 474.633423 1361.409912 570.004639 1.60 1.64 4.18 7.09 1.37 20.23 -3.018108 0 0.9802
20 75 car 0 0 2.397838 1057.103271 462.580933 1184.915405 495.973450 1.71 1.99 4.59 13.46 0.30 56.34 2.633981 0 0.0947
21 79 car 0 0 2.945212 998.810181 479.093140 1200.984375 532.870361 1.60 1.77 4.29 7.17 1.15 37.25 -3.117646 0 0.9900
21 7 car 0 0 2.950510 1036.176880 485.112335 1229.912109 555.007446 1.60 1.70 4.98 7.16 1.57 32.30 -3.087567 0 0.9934
21 80 car 0 0 2.475175 888.062134 477.742554 991.031860 515.743958 1.57 1.85 4.61 4.64 1.06 50.07 2.572215 0 0.9878
21 63 car 0 0 2.268204 1382.095459 483.913269 1475.385376 532.177185 1.42 1.83 4.25 25.81 1.03 53.30 2.718667 0 0.0540
21 76 car 0 0 2.754679 1301.767944 479.547821 1469.218018 532.178040 1.71 1.81 4.29 14.63 1.46 32.17 -3.106087 0 0.4104
21 77 car 0 0 -1.768700 782.893616 446.039154 824.152771 471.780029 1.60 1.67 4.07 -1.04 -0.69 63.39 -1.778762 0 0.7870
21 71 car 0 0 2.768949 1320.161987 489.535583 1600.000000 722.786255 1.53 1.64 4.67 5.93 1.51 8.47 -3.043912 0 0.9891
21 67 car 0 0 2.921553 1023.166992 476.365234 1352.356689 548.793396 1.55 1.72 4.50 6.57 1.42 24.94 -3.076294 0 0.2406
21 73 car 0 0 2.470269 941.610168 460.058777 1024.452637 494.316406 1.71 1.99 4.59 7.52 0.10 60.90 2.601198 0 0.9209
21 64 car 0 0 -2.682174 12.984015 456.333069 443.334625 625.746338 1.71 1.57 4.31 -6.13 1.43 12.52 -3.116928 0 0.9967
21 84 car 0 0 1.698547 672.724121 461.515778 716.966980 496.354401 1.49 1.84 4.64 -5.26 0.26 52.93 1.602961 0 0.9871
21 60 car 0 0 2.897870 1116.351929 478.553497 1379.679443 589.995117 1.60 1.64 4.18 6.39 1.45 18.00 -3.056751 0 0.9813
21 75 car 0 0 2.388937 1013.291077 468.444977 1165.086304 512.630798 1.71 1.99 4.59 11.81 0.54 54.28 2.601198 0 0.2133
21 85 car 0 0 2.740024 1219.930542 480.760895 1527.027100 653.292786 1.55 1.66 3.83 6.24 1.47 13.19 -3.128662 0 0.9860
22 79 car 0 0 2.948286 995.785339 477.742676 1194.478027 534.708191 1.60 1.77 4.29 7.05 1.19 34.70 -3.118158 0 0.9852
22 7 car 0 0 2.925065 1057.692993 487.025421 1261.668823 562.794922 1.60 1.70 4.98 7.17 1.56 29.75 -3.093318 0 0.9891
22 80 car 0 0 2.474704 886.543823 477.318512 992.468262 518.417847 1.57 1.85 4.61 4.50 1.04 47.49 2.571711 0 0.9847
22 76 car 0 0 2.691384 1363.423340 482.271484 1599.384888 562.190796 1.71 1.81 4.29 14.62 1.53 29.59 -3.108188 0 0.0677
22 77 car 0 0 -1.759664 765.503601 445.756012 817.380676 474.027039 1.60 1.67 4.07 -1.14 -0.63 60.80 -1.779264 0 0.9166
22 67 car 0 0 2.879531 1136.015137 480.629517 1355.165283 576.074585 1.55 1.72 4.50 6.52 1.44 22.39 -3.076807 0 0.3027
22 25 car 0 0 2.610243 1451.091187 485.360901 1600.000000 544.436035 1.54 1.94 4.49 14.84 1.45 27.15 3.120783 0 0.1170
22 73 car 0 0 2.469161 942.365662 459.058197 1025.253906 494.256195 1.71 1.99 4.59 7.53 0.13 58.33 2.600694 0 0.9538
22 48 car 0 0 2.756386 1316.835327 482.859253 1600.000000 737.743652 1.64 1.80 4.77 5.98 1.50 8.41 -3.057519 0 0.9952
22 64 car 0 0 -2.650132 0.000000 447.758575 343.387451 668.141418 1.71 1.57 4.31 -6.15 1.47 9.96 -3.120933 0 0.9961
22 84 car 0 0 1.709166 657.828857 461.769958 703.411682 497.915497 1.49 1.84 4.64 -5.39 0.30 50.37 1.602463 0 0.9935
22 60 car 0 0 2.832975 1138.384766 479.535400 1526.784912 609.863464 1.60 1.64 4.18 6.32 1.45 15.44 -3.063084 0 0.9917
22 75 car 0 0 2.383335 1027.107910 461.885498 1164.798706 502.793518 1.71 1.99 4.59 11.84 0.56 51.72 2.600694 0 0.1544
22 85 car 0 0 2.714045 1286.921997 496.963959 1537.915161 658.577698 1.55 1.66 3.83 6.19 1.48 10.66 -3.129174 0 0.7940
23 79 car 0 0 2.926602 1016.730530 481.562775 1231.613525 544.047852 1.60 1.77 4.29 6.90 1.36 32.12 -3.118081 0 0.9924
23 7 car 0 0 2.921226 1072.847290 491.036255 1242.943237 567.754944 1.60 1.70 4.98 7.15 1.67 27.17 -3.098471 0 0.6949
23 80 car 0 0 2.471618 881.940735 481.920563 1005.120178 525.846497 1.57 1.85 4.61 4.44 1.32 44.87 2.571772 0 0.9833
23 77 car 0 0 -1.759128 768.297607 448.299133 813.659363 477.949738 1.60 1.67 4.07 -1.28 -0.41 58.18 -1.779094 0 0.8700
23 67 car 0 0 2.895866 1091.482422 489.687378 1354.047485 584.300842 1.55 1.72 4.50 6.45 1.54 19.79 -3.076725 0 0.9959
23 87 car 0 0 -0.414933 1317.416382 483.545227 1600.000000 538.779724 1.61 1.72 4.37 14.89 1.45 29.54 0.054530 0 0.3607
23 83 car 0 0 2.281520 889.723389 459.442627 965.129272 486.062836 1.52 1.99 4.59 5.10 0.16 57.83 2.369070 0 0.8727
23 73 car 0 0 2.465349 948.665527 462.345551 1028.938599 496.861786 1.71 1.99 4.59 7.49 0.37 55.73 2.600754 0 0.9597
23 64 car 0 0 -2.603572 0.000000 453.079132 179.726913 704.911255 1.71 1.57 4.31 -6.19 1.51 7.36 -3.124346 0 0.9909
23 84 car 0 0 1.733565 646.242432 464.079865 697.581055 504.425140 1.49 1.84 4.64 -5.48 0.50 47.76 1.620067 0 0.9965
23 82 car 0 0 0.536649 26.699516 463.147675 301.777405 696.948853 1.40 1.64 4.90 -6.09 1.52 9.84 0.061183 0 0.4301
23 60 car 0 0 2.780656 1216.333130 485.987244 1589.216919 637.744507 1.60 1.64 4.18 6.22 1.51 12.85 -3.068815 0 0.9925
23 75 car 0 0 2.377679 1034.375122 466.563568 1172.734375 505.712799 1.71 1.99 4.59 11.84 0.78 49.13 2.600754 0 0.4415
23 85 car 0 0 2.652615 1422.581543 558.915161 1598.492920 721.499084 1.55 1.66 3.83 6.12 1.54 8.10 -3.129098 0 0.9742
24 79 car 0 0 2.896763 1064.725220 474.075439 1273.374268 548.244019 1.60 1.77 4.29 6.87 1.25 29.40 -3.114743 0 0.9901
24 46 car 0 0 -0.451243 1353.016357 482.642334 1507.083984 529.770081 1.50 1.86 4.43 14.82 1.35 31.62 0.000059 0 0.0541
24 80 car 0 0 2.465079 893.842041 476.067902 1018.538574 522.615112 1.57 1.85 4.61 4.55 1.08 42.11 2.575120 0 0.9801
24 77 car 0 0 -1.754918 761.129517 443.063751 818.399292 475.077026 1.60 1.67 4.07 -1.14 -0.60 55.45 -1.775842 0 0.9290
24 67 car 0 0 2.845611 1139.937744 482.802673 1458.082031 594.010803 1.55 1.72 4.50 6.45 1.45 17.07 -3.073390 0 0.9986
24 87 car 0 0 -0.439766 1403.864868 477.089203 1593.152710 532.965149 1.61 1.72 4.37 15.01 1.30 26.77 0.054374 0 0.3188
24 83 car 0 0 2.279360 898.504211 451.222229 970.383118 481.177795 1.52 1.99 4.59 5.27 -0.07 55.09 2.372406 0 0.8601
24 25 car 0 0 2.589205 1533.601807 486.826294 1600.000000 544.224304 1.54 1.94 4.49 14.87 1.43 21.78 3.124198 0 0.0978
24 73 car 0 0 2.460454 951.907898 457.284546 1046.989136 492.551239 1.71 1.99 4.59 7.67 0.15 52.98 2.604103 0 0.9237
24 84 car 0 0 1.741723 638.684692 460.516541 692.578369 501.293488 1.49 1.84 4.64 -5.34 0.42 45.09 1.623333 0 0.9949
24 82 car 0 0 0.574789 0.000000 562.132202 214.872330 737.715759 1.40 1.64 4.90 -6.09 1.49 7.19 0.064519 0 0.9924
24 60 car 0 0 2.740132 1324.708130 484.962738 1600.000000 670.039124 1.60 1.64 4.18 6.25 1.48 10.12 -3.071303 0 0.9967
24 75 car 0 0 2.368282 1048.955444 467.744232 1192.198242 506.774231 1.71 1.99 4.59 12.01 0.56 46.38 2.604103 0 0.2226
25 79 car 0 0 2.925973 1046.348145 469.904633 1220.928101 544.841125 1.60 1.77 4.29 6.92 1.32 26.60 -3.111664 0 0.9811
25 7 car 0 0 2.866728 1105.097900 472.388702 1349.747803 558.825012 1.60 1.70 4.98 7.28 1.53 21.65 -3.102533 0 0.9917
25 46 car 0 0 -0.473641 1341.855225 481.285309 1598.942139 533.006958 1.50 1.86 4.43 14.88 1.38 28.78 0.003137 0 0.1963
25 80 car 0 0 2.460795 897.435547 476.172455 1033.807129 527.050842 1.57 1.85 4.61 4.58 1.19 39.26 2.578187 0 0.9935
25 63 car 0 0 2.190909 1520.454956 477.509796 1598.473633 515.966125 1.42 1.83 4.25 25.93 1.23 42.48 2.721603 0 0.8354
25 77 car 0 0 -1.750849 758.332947 442.267090 818.753540 479.456482 1.60 1.67 4.07 -1.06 -0.51 52.64 -1.772737 0 0.9433
25 67 car 0 0 2.783574 1193.322876 486.685547 1598.681519 619.267151 1.55 1.72 4.50 6.43 1.47 14.26 -3.070310 0 0.9991
25 83 car 0 0 2.273125 904.776794 444.884552 987.904358 484.471069 1.52 1.99 4.59 5.39 0.03 52.27 2.375476 0 0.1752
25 73 car 0 0 2.453852 965.080566 455.827942 1058.855835 495.091736 1.71 1.99 4.59 7.78 0.23 50.16 2.607170 0 0.9488
25 84 car 0 0 1.751054 627.263245 460.596741 687.973206 505.095612 1.49 1.84 4.64 -5.24 0.48 42.37 1.626429 0 0.9961
25 75 car 0 0 2.353150 1076.326172 458.669128 1213.803589 502.156952 1.71 1.99 4.59 12.14 0.63 43.57 2.607170 0 0.1992
26 79 car 0 0 2.907903 1057.429321 478.168152 1232.536865 553.402405 1.60 1.77 4.29 6.62 1.35 23.83 -3.121323 0 0.9828
26 7 car 0 0 2.814990 1115.043579 474.477722 1437.579102 567.965881 1.60 1.70 4.98 7.01 1.52 18.88 -3.119753 0 0.9888
26 46 car 0 0 -0.494398 1389.220215 481.811188 1587.390137 540.241760 1.50 1.86 4.43 14.56 1.36 26.07 -0.006524 0 0.1582
26 80 car 0 0 2.453269 890.537415 476.101105 1035.152710 530.406677 1.57 1.85 4.61 4.15 1.15 36.45 2.568499 0 0.9929
26 77 car 0 0 -1.751083 748.066772 438.453644 805.116760 474.608917 1.60 1.67 4.07 -1.61 -0.51 49.74 -1.782402 0 0.9594
26 67 car 0 0 2.751777 1257.009033 490.366394 1592.626831 650.687805 1.55 1.72 4.50 6.26 1.51 11.49 -3.083458 0 0.9988
26 83 car 0 0 2.253300 903.905762 451.949463 1014.732788 487.157806 1.52 1.99 4.59 4.84 0.08 49.47 2.365782 0 0.0881
26 73 car 0 0 2.449023 951.833740 452.994965 1059.510864 497.047577 1.71 1.99 4.59 7.25 0.25 47.38 2.597483 0 0.9657
26 84 car 0 0 1.762711 598.368103 458.913483 661.824890 506.429718 1.49 1.84 4.64 -5.69 0.51 39.45 1.616751 0 0.9968
26 75 car 0 0 2.320858 1108.898438 467.142151 1242.715576 530.770569 1.71 1.99 4.59 11.70 0.65 40.85 2.597483 0 0.1296
27 79 car 0 0 2.868237 1075.277710 478.937042 1291.660034 572.741638 1.60 1.77 4.29 6.32 1.44 21.03 -3.132734 0 0.9835
27 7 car 0 0 2.746894 1166.219116 476.273956 1529.919434 594.744873 1.60 1.70 4.98 6.72 1.53 16.09 -3.138726 0 0.9975
27 80 car 0 0 2.445468 883.018921 482.368927 1033.537231 539.373535 1.57 1.85 4.61 3.69 1.30 33.59 2.557138 0 0.9923
27 77 car 0 0 -1.751107 734.014221 441.368225 790.515808 479.843781 1.60 1.67 4.07 -2.20 -0.31 46.83 -1.793722 0 0.9568
27 67 car 0 0 2.703839 1357.244141 540.750671 1597.078857 724.230957 1.55 1.72 4.50 6.10 1.55 8.68 -3.098363 0 0.9988
27 73 car 0 0 2.438232 954.591980 457.526215 1055.269531 499.964020 1.71 1.99 4.59 6.68 0.40 44.57 2.586118 0 0.9502
27 84 car 0 0 1.775522 563.970764 461.574249 633.585938 513.358582 1.49 1.84 4.64 -6.17 0.70 36.50 1.605445 0 0.9958
27 75 car 0 0 2.297971 1108.712036 475.946014 1274.544067 514.002991 1.71 1.99 4.59 11.23 0.75 38.10 2.586118 0 0.2570
27 90 car 0 0 -1.795355 656.138611 441.873505 758.937866 489.204498 1.60 1.67 4.07 -3.96 -0.38 43.95 -1.881000 0 0.1171
28 79 car 0 0 2.826578 1101.566528 478.629425 1365.282959 587.001465 1.60 1.77 4.29 6.16 1.43 18.02 -3.138401 0 0.9957
28 7 car 0 0 2.696864 1211.508545 472.178772 1596.020630 617.596558 1.60 1.70 4.98 6.56 1.47 13.08 3.131222 0 0.9978
28 80 car 0 0 2.434754 880.828918 480.455231 1048.626099 544.595398 1.57 1.85 4.61 3.43 1.35 30.52 2.551450 0 0.9947
28 77 car 0 0 -1.744379 716.659546 437.164581 776.325073 475.589508 1.60 1.67 4.07 -2.54 -0.38 43.74 -1.799420 0 0.7840
28 73 car 0 0 2.431101 949.314758 452.932556 1064.287720 501.122131 1.71 1.99 4.59 6.39 0.39 41.53 2.580432 0 0.9772
28 89 car 0 0 -1.521458 341.603973 424.029510 401.546234 462.901306 1.55 1.82 4.45 -14.19 -0.71 40.02 -1.859150 0 0.9798
28 84 car 0 0 1.791467 529.554932 457.410034 611.331238 515.782837 1.49 1.84 4.64 -6.42 0.73 33.39 1.599741 0 0.9976
28 75 car 0 0 2.281017 1139.351929 458.661804 1275.055176 504.077942 1.71 1.99 4.59 11.00 0.70 35.11 2.580432 0 0.8387
29 79 car 0 0 2.767175 1145.012573 474.539825 1476.484131 605.836548 1.60 1.77 4.29 6.02 1.39 15.02 3.139427 0 0.9982
29 7 car 0 0 2.656985 1315.561768 471.530029 1600.000000 658.870056 1.60 1.70 4.98 6.47 1.44 10.08 3.125865 0 0.9972
29 80 car 0 0 2.424517 880.232727 473.689484 1061.731201 547.262634 1.57 1.85 4.61 3.25 1.20 27.51 2.546082 0 0.9932
29 77 car 0 0 -1.741448 704.827087 430.688202 766.922241 469.634888 1.60 1.67 4.07 -2.79 -0.46 40.62 -1.804843 0 0.9092
29 83 car 0 0 2.239341 882.856750 444.957520 1014.110168 488.128754 1.52 1.99 4.59 3.68 0.16 40.55 2.343366 0 0.3522
29 73 car 0 0 2.418464 958.651367 447.259735 1073.800781 501.545990 1.71 1.99 4.59 6.13 0.33 38.51 2.575065 0 0.9144
29 89 car 0 0 -1.494225 291.636536 413.929688 357.491669 459.039734 1.55 1.82 4.45 -14.49 -0.76 36.87 -1.864572 0 0.9916
29 84 car 0 0 1.808936 488.708221 451.451874 591.735474 517.602905 1.49 1.84 4.64 -6.63 0.68 30.31 1.594319 0 0.9979
29 75 car 0 0 2.255459 1161.865967 449.775787 1308.915527 512.030396 1.71 1.99 4.59 10.81 0.64 32.14 2.575065 0 0.9932
30 79 car 0 0 2.701491 1211.597778 473.579590 1595.102661 637.731384 1.60 1.77 4.29 5.93 1.41 12.06 3.135579 0 0.9989
30 80 car 0 0 2.414623 869.547363 474.537628 1088.086670 555.916931 1.57 1.85 4.61 3.09 1.28 24.50 2.542279 0 0.9965
30 77 car 0 0 -1.733885 686.449036 428.526520 756.324036 472.531158 1.60 1.67 4.07 -2.99 -0.40 37.64 -1.808666 0 0.9440
30 83 car 0 0 2.249014 877.734192 442.448608 984.805420 487.563263 1.52 1.99 4.59 3.49 0.20 37.57 2.339575 0 0.9434
30 73 car 0 0 2.408521 966.428772 445.618378 1081.975464 503.128723 1.71 1.99 4.59 5.95 0.41 35.54 2.571261 0 0.9331
30 89 car 0 0 -1.460246 232.288864 411.465546 304.952606 461.568420 1.55 1.82 4.45 -14.73 -0.59 33.80 -1.868400 0 0.9916
30 84 car 0 0 1.836142 439.867279 452.462952 557.717102 525.693542 1.49 1.84 4.64 -6.72 0.69 27.34 1.590516 0 0.9984
30 75 car 0 0 2.226283 1182.532349 445.815735 1360.168579 519.390625 1.71 1.99 4.59 10.63 0.65 29.20 2.571261 0 0.9969
31 79 car 0 0 2.663693 1320.045532 483.767090 1597.613770 699.858887 1.60 1.77 4.29 5.87 1.48 9.10 3.133232 0 0.9989
31 80 car 0 0 2.397642 879.967529 481.229980 1115.476440 572.750732 1.57 1.85 4.61 3.02 1.41 21.51 2.539956 0 0.9975
31 77 car 0 0 -1.728052 675.683167 430.144928 746.489563 481.057678 1.60 1.67 4.07 -3.05 -0.21 34.66 -1.810916 0 0.9601
31 83 car 0 0 2.225415 872.308960 446.992859 1044.723877 493.278168 1.52 1.99 4.59 3.40 0.34 34.59 2.337270 0 0.2249
31 84 car 0 0 1.864263 390.371552 454.221313 524.801880 536.053162 1.49 1.84 4.64 -6.79 0.83 24.38 1.588267 0 0.9989
31 75 car 0 0 2.195369 1207.177490 448.258453 1418.155396 530.340332 1.71 1.99 4.59 10.50 0.86 26.20 2.568935 0 0.9968
32 80 car 0 0 2.380420 894.820129 483.022522 1166.061035 588.766968 1.57 1.85 4.61 3.19 1.43 18.61 2.547953 0 0.9977
32 77 car 0 0 -1.720287 673.135681 424.662811 749.714294 479.605255 1.60 1.67 4.07 -2.74 -0.17 31.84 -1.802885 0 0.9429
32 92 car 0 0 2.111830 1254.989624 472.929260 1332.025757 524.876953 1.38 1.60 3.95 14.18 0.96 37.01 2.472216 0 0.1648
32 73 car 0 0 2.379268 992.996094 445.998535 1146.813721 501.677429 1.71 1.99 4.59 6.14 0.56 29.62 2.576933 0 0.9261
32 89 car 0 0 -1.370282 111.163383 402.781555 219.186508 462.069885 1.55 1.82 4.45 -14.37 -0.55 28.10 -1.845162 0 0.9908
32 84 car 0 0 1.899104 337.357147 448.193146 503.844360 542.549927 1.49 1.84 4.64 -6.59 0.83 21.59 1.596284 0 0.9991
32 75 car 0 0 2.148263 1287.719604 445.808868 1502.348633 536.993835 1.71 1.99 4.59 10.72 0.89 23.22 2.576933 0 0.9970
33 80 car 0 0 2.348141 954.715942 485.810394 1270.352905 609.220398 1.57 1.85 4.61 3.77 1.49 15.79 2.577950 0 0.9986
33 77 car 0 0 -1.720581 714.814209 418.014557 785.033691 479.129425 1.60 1.67 4.07 -1.73 -0.18 29.21 -1.772919 0 0.9427
33 92 car 0 0 2.089786 1322.038696 473.967010 1418.643188 524.779175 1.38 1.60 3.95 15.49 0.88 33.82 2.502208 0 0.9890
33 83 car 0 0 2.206596 925.597229 433.542389 1138.199829 494.764984 1.52 1.99 4.59 4.70 0.24 28.84 2.375247 0 0.0591
33 73 car 0 0 2.327194 1043.573730 442.738892 1316.568726 513.467529 1.71 1.99 4.59 7.07 0.52 26.71 2.606932 0 0.0533
33 89 car 0 0 -1.334248 89.903664 396.688202 220.961426 461.350586 1.55 1.82 4.45 -13.39 -0.55 25.87 -1.815195 0 0.9934
33 84 car 0 0 1.936092 312.889893 441.408386 508.726807 549.792114 1.49 1.84 4.64 -5.91 0.78 19.06 1.626242 0 0.9979
33 75 car 0 0 2.112508 1397.945190 437.298859 1600.000000 538.766907 1.71 1.99 4.59 11.47 0.88 20.17 2.606932 0 0.9947
34 80 car 0 0 2.318847 1075.800659 490.551758 1454.428711 636.547913 1.57 1.85 4.61 4.79 1.57 13.07 2.659456 0 0.9984
34 77 car 0 0 -1.723687 799.152588 415.459137 871.045776 479.512299 1.60 1.67 4.07 0.18 -0.16 26.85 -1.708818 0 0.8882
34 92 car 0 0 2.050440 1469.993896 477.354706 1598.750000 534.990845 1.38 1.60 3.95 17.68 1.01 30.28 2.566269 0 0.9911
34 84 car 0 0 1.970145 341.038422 439.403107 563.702698 561.906799 1.49 1.84 4.64 -4.63 0.83 16.93 1.690340 0 0.9985
35 80 car 0 0 2.297462 1301.583740 504.364868 1598.401978 694.248962 1.57 1.85 4.61 6.17 1.71 10.22 2.761436 0 0.9978
35 77 car 0 0 -1.736040 942.233887 419.090485 1019.832153 492.528381 1.60 1.67 4.07 3.00 0.09 24.42 -1.606663 0 0.8546
35 73 car 0 0 2.289924 1362.777710 441.418488 1598.190674 527.689819 1.71 1.99 4.59 11.28 0.79 20.43 2.772967 0 0.9762
35 84 car 0 0 2.014360 431.057617 449.653229 676.373108 585.576599 1.49 1.84 4.64 -2.81 1.06 15.00 1.809938 0 0.9989
35 90 car 0 0 -1.757928 785.014343 416.720520 1009.806763 511.131287 1.60 1.67 4.07 0.59 0.28 22.05 -1.693942 0 0.5300
36 84 car 0 0 1.987210 583.102417 480.221039 858.609253 636.266846 1.49 1.84 4.64 -0.63 1.40 13.21 1.912012 0 0.9982
36 90 car 0 0 -1.786653 976.651978 434.309845 1247.661377 531.684448 1.60 1.67 4.07 3.73 0.77 19.82 -1.557127 0 0.2034
37 84 car 0 0 1.961992 820.515320 506.484589 1145.090088 696.019348 1.49 1.84 4.64 1.86 1.62 11.10 2.092743 0 0.9978
38 84 car 0 0 1.890553 1164.668823 512.891357 1581.541626 765.411133 1.49 1.84 4.64 4.23 1.60 8.58 2.304805 0 0.9904
39 89 car 0 0 -1.272961 1215.385254 459.400818 1434.072021 569.167419 1.55 1.82 4.45 6.86 1.06 15.90 -0.891165 0 0.9977
