0 0 car 0 0 1.066521 319.388763 491.061523 443.532776 527.985657 1.67 1.93 4.92 -15.74 1.66 46.71 0.735795 0 0.5369
0 2 car 0 0 0.974494 393.541229 497.219696 616.550903 566.901123 1.75 2.20 5.02 -6.17 1.82 28.13 0.733520 0 0.2941
0 8 car 0 0 -1.893357 0.196494 494.364075 254.907257 665.065918 1.65 2.15 4.58 -7.18 1.66 12.95 -2.391451 0 0.9977
1 0 car 0 0 0.983477 738.797668 484.309418 865.284851 552.895630 1.67 1.93 4.92 0.01 1.34 38.40 0.972245 0 0.3109
1 14 car 0 0 1.330453 331.982330 486.589233 393.574982 537.550659 1.61 2.14 4.85 -20.32 1.78 56.64 0.986591 0 0.5507
1 15 car 0 0 1.325182 433.642853 481.577393 513.021057 512.459900 1.79 2.20 4.74 -17.22 1.24 66.71 1.060732 0 0.9233
1 7 car 0 0 -1.840857 278.076477 481.990295 394.794525 528.032166 1.57 2.13 4.58 -13.34 1.03 37.09 -2.203033 0 0.1506
1 8 car 0 0 -1.744239 152.443573 488.355377 376.945160 647.394104 1.65 2.15 4.58 -6.24 1.64 14.64 -2.155001 0 0.9958
1 12 car 0 0 1.164449 533.746338 480.121521 643.492188 527.352661 1.64 2.13 4.59 -6.44 1.31 36.78 0.986591 0 0.7329
2 0 car 0 0 0.809262 1224.908936 472.060974 1444.642334 555.604004 1.67 1.93 4.92 10.91 1.24 26.23 1.197871 0 0.9421
2 14 car 0 0 1.319178 652.772827 485.164337 707.810974 514.421021 1.61 2.14 4.85 -5.96 1.22 52.74 1.212218 0 0.9643
2 15 car 0 0 1.276102 794.258789 488.829437 864.260376 514.061951 1.79 2.20 4.74 0.64 0.87 57.55 1.286361 0 0.1023
2 7 car 0 0 -1.765190 552.955750 483.596466 625.715271 531.540161 1.57 2.13 4.58 -7.30 1.34 42.39 -1.942500 0 0.9632
2 8 car 0 0 -1.650107 369.342834 477.075378 536.870544 619.684509 1.65 2.15 4.58 -4.52 1.57 16.30 -1.929375 0 0.9853
2 19 car 0 0 1.352200 613.267883 480.195404 662.381836 524.754578 1.59 2.00 4.96 -8.26 0.97 61.47 1.212218 0 0.1496
3 14 car 0 0 1.314454 861.476501 468.756104 973.137390 510.610199 1.61 2.14 4.85 4.31 0.89 45.58 1.394069 0 0.7311
3 15 car 0 0 1.211248 1092.573608 476.924286 1205.526611 513.864380 1.79 2.20 4.74 12.35 0.96 45.48 1.468214 0 0.1435
3 20 car 0 0 1.404556 806.821533 462.460510 854.325562 497.681030 1.66 2.23 4.90 1.14 0.17 72.36 1.415852 0 0.1667
3 8 car 0 0 -1.604804 568.993103 463.304016 699.580872 585.424683 1.65 2.15 4.58 -2.30 1.40 18.04 -1.747523 0 0.9669
3 19 car 0 0 1.340969 857.508423 466.099060 909.645569 504.737335 1.59 2.00 4.96 3.00 0.70 55.67 1.394069 0 0.5412
3 12 car 0 0 0.967673 1261.811523 462.237335 1521.303101 553.049744 1.64 2.13 4.59 9.26 1.20 20.15 1.394069 0 0.9620
4 14 car 0 0 1.256328 1113.660889 473.827484 1215.424316 526.430603 1.61 2.14 4.85 10.15 1.10 36.90 1.524702 0 0.9598
4 20 car 0 0 1.394269 980.897339 464.301453 1040.186035 509.132874 1.66 2.23 4.90 9.83 0.54 64.30 1.546487 0 0.5882
4 21 car 0 0 1.306876 1043.907227 473.321045 1149.239136 524.821167 2.00 2.06 5.80 14.20 1.34 63.77 1.524702 0 0.1404
4 7 car 0 0 -1.702129 902.372986 481.536682 957.627808 518.484619 1.57 2.13 4.58 4.51 1.20 48.10 -1.612562 0 0.9746
4 8 car 0 0 -1.577791 708.751221 477.368103 824.699402 588.291321 1.65 2.15 4.58 -0.42 1.49 19.16 -1.616891 0 0.8851
4 22 car 0 0 1.440605 953.281006 475.591095 993.243408 510.388550 1.61 2.04 4.86 10.31 0.51 79.92 1.563944 0 0.3337
4 19 car 0 0 1.317576 1051.239746 470.948517 1113.543213 513.911743 1.59 2.00 4.96 9.58 1.00 48.84 1.524702 0 0.9364
5 17 car 0 0 1.483761 1002.496033 480.320679 1028.191406 500.434296 1.58 2.12 4.42 13.73 0.58 86.60 1.639682 0 0.8677
5 14 car 0 0 1.175607 1263.623779 482.310455 1409.825195 546.020386 1.61 2.14 4.85 11.56 1.36 28.13 1.565533 0 0.9907
5 20 car 0 0 1.384399 1036.373169 478.189301 1117.291382 512.033508 1.66 2.23 4.90 11.76 0.95 55.64 1.587317 0 0.2111
5 21 car 0 0 1.257856 1177.272949 484.716278 1260.114258 525.986755 2.00 2.06 5.80 16.27 1.32 50.81 1.565533 0 0.5312
5 7 car 0 0 -1.728906 945.527161 484.980621 998.236755 520.821350 1.57 2.13 4.58 6.30 1.21 50.75 -1.606640 0 0.9535
5 8 car 0 0 -1.577546 758.102722 497.477509 878.196594 585.040527 1.65 2.15 4.58 0.07 1.63 20.05 -1.576059 0 0.9231
5 22 car 0 0 1.422786 1032.333130 481.444397 1066.296997 507.852936 1.61 2.04 4.86 13.06 0.94 71.80 1.604772 0 0.4684
5 19 car 0 0 1.276358 1155.852905 486.493195 1230.236694 524.315369 1.59 2.00 4.96 12.16 1.13 42.15 1.565533 0 0.9707
6 17 car 0 0 1.473299 1026.140259 478.948242 1060.524658 500.792542 1.58 2.12 4.42 14.38 0.69 78.81 1.650711 0 0.8260
6 14 car 0 0 1.063785 1464.764160 480.286346 1593.767456 567.523865 1.61 2.14 4.85 11.95 1.42 19.25 1.576558 0 0.9280
6 20 car 0 0 1.354905 1082.406616 471.467102 1179.192383 517.921509 1.66 2.23 4.90 11.87 1.05 46.87 1.598343 0 0.3236
6 21 car 0 0 1.154444 1332.328003 470.084351 1437.729614 534.953613 2.00 2.06 5.80 16.43 1.52 37.89 1.576558 0 0.9813
6 7 car 0 0 -1.619438 951.088806 481.059967 1008.863831 517.273010 1.57 2.13 4.58 6.82 0.97 53.30 -1.490882 0 0.8629
6 8 car 0 0 -1.577918 774.579895 478.968628 890.586975 581.358032 1.65 2.15 4.58 0.12 1.55 20.52 -1.565035 0 0.8233
6 22 car 0 0 1.406514 1059.811157 461.736664 1110.685425 506.344513 1.61 2.04 4.86 13.58 0.96 63.59 1.615799 0 0.2274
6 19 car 0 0 1.215379 1235.842407 481.408905 1353.467407 536.223022 1.59 2.00 4.96 12.53 1.16 33.89 1.576558 0 0.9888
6 23 car 0 0 1.256957 1230.720459 480.062469 1301.722534 531.173645 1.92 2.00 4.73 21.78 1.00 61.22 1.598343 0 0.8263
7 17 car 0 0 1.455975 1053.049805 475.172546 1093.501099 502.950562 1.58 2.12 4.42 14.62 0.63 70.69 1.656197 0 0.9096
7 20 car 0 0 1.320127 1101.528809 473.627563 1269.484619 525.294983 1.66 2.23 4.90 11.90 1.06 37.57 1.603825 0 0.2059
7 25 car 0 0 1.434937 1089.562622 478.999084 1112.714233 504.978607 1.72 2.00 4.86 20.69 0.64 94.45 1.656197 0 0.4046
7 7 car 0 0 -1.611280 954.366150 476.915680 998.708191 510.910004 1.57 2.13 4.58 7.19 0.87 55.60 -1.485395 0 0.9349
7 8 car 0 0 -1.576683 782.307617 482.505524 893.613586 580.264160 1.65 2.15 4.58 0.41 1.43 20.99 -1.559555 0 0.9775
7 26 car 0 0 1.336556 1143.792480 476.732635 1182.280762 517.965088 1.61 2.18 4.74 18.91 0.86 70.19 1.603825 0 0.5857
7 22 car 0 0 1.376689 1108.825562 473.185547 1155.881226 511.473694 1.61 2.04 4.86 13.74 0.95 55.05 1.621282 0 0.7013
7 27 car 0 0 1.373632 1069.820068 476.127136 1109.815063 504.004303 1.69 2.20 4.71 18.75 0.80 85.77 1.586367 0 0.0589
7 19 car 0 0 1.109570 1369.132324 476.181030 1557.870361 560.176270 1.59 2.00 4.96 12.60 1.24 24.69 1.582038 0 0.9934
7 23 car 0 0 1.199746 1317.875122 468.272430 1397.721436 515.416138 1.92 2.00 4.73 22.10 1.08 50.85 1.603825 0 0.9845
8 17 car 0 0 1.427357 1092.242065 481.499420 1135.517212 508.710846 1.58 2.12 4.42 14.51 1.10 62.46 1.658172 0 0.7170
8 20 car 0 0 1.205267 1284.473389 469.007111 1420.518433 542.715881 1.66 2.23 4.90 11.72 1.23 28.13 1.605801 0 0.9885
8 24 car 0 0 1.476672 1006.037720 476.475861 1056.030640 503.718811 1.65 2.08 5.22 16.57 0.60 101.70 1.644660 0 0.5747
8 7 car 0 0 -1.610082 944.599609 474.976929 1010.473877 510.518005 1.57 2.13 4.58 7.37 1.11 57.76 -1.483421 0 0.0830
8 8 car 0 0 -1.577434 787.079407 479.104858 895.752563 583.724854 1.65 2.15 4.58 0.27 1.41 21.46 -1.557578 0 0.9751
8 26 car 0 0 1.296195 1194.138428 478.727020 1248.631714 516.868896 1.61 2.18 4.74 18.89 1.20 57.50 1.605801 0 0.0804
8 22 car 0 0 1.333134 1161.198364 480.774994 1227.506592 522.189758 1.61 2.04 4.86 13.63 1.23 46.23 1.623258 0 0.9408
8 27 car 0 0 1.348829 1093.469482 474.262390 1157.588257 511.070190 1.69 2.20 4.71 18.65 1.08 75.01 1.588344 0 0.1886
8 28 car 0 0 1.273232 1211.993896 481.203613 1272.917969 522.689636 1.79 2.01 4.63 23.55 1.33 70.60 1.597858 0 0.8485
8 23 car 0 0 1.103698 1445.241455 466.302917 1577.911255 532.411682 1.92 2.00 4.73 22.16 1.31 40.39 1.605801 0 0.9939
9 17 car 0 0 1.405950 1111.151611 463.668030 1179.540894 505.696808 1.58 2.12 4.42 14.16 0.73 54.82 1.660178 0 0.3269
9 20 car 0 0 1.098876 1457.941040 444.491974 1587.807251 557.552490 1.66 2.23 4.90 11.84 1.14 19.71 1.607808 0 0.9748
9 24 car 0 0 1.473503 1016.665039 464.486572 1058.900879 500.698914 1.65 2.08 5.22 16.36 0.15 94.07 1.646667 0 0.8020
9 25 car 0 0 1.402680 1124.787842 476.839447 1174.753052 504.526154 1.72 2.00 4.86 18.23 0.61 71.92 1.660178 0 0.8800
9 7 car 0 0 -1.600457 945.385803 466.141235 990.095215 505.043030 1.57 2.13 4.58 7.09 0.51 59.61 -1.481414 0 0.8788
9 8 car 0 0 -1.576114 786.591980 472.123322 897.982483 573.470581 1.65 2.15 4.58 0.42 1.35 21.74 -1.555571 0 0.9601
9 22 car 0 0 1.275731 1188.859497 472.842316 1366.894531 522.772095 1.61 2.04 4.86 13.49 1.06 38.05 1.625265 0 0.4545
9 27 car 0 0 1.321592 1128.317871 473.213379 1201.815674 509.713074 1.69 2.20 4.71 18.79 0.67 65.08 1.590351 0 0.0788
9 28 car 0 0 1.212778 1289.110962 470.922729 1375.942871 514.822876 1.79 2.01 4.63 25.04 1.00 60.68 1.599865 0 0.9554
10 17 car 0 0 1.359242 1176.085571 470.746552 1236.855591 513.820129 1.58 2.12 4.42 13.79 0.87 45.34 1.658128 0 0.6711
10 29 car 0 0 1.247093 1266.103760 464.505341 1315.943115 507.350342 1.76 1.91 4.61 24.14 0.95 63.26 1.605760 0 0.0565
10 24 car 0 0 1.460511 1031.014160 476.634277 1073.169434 500.994080 1.65 2.08 5.22 15.89 0.49 84.71 1.644617 0 0.4636
10 25 car 0 0 1.385564 1124.595581 468.361389 1215.916260 510.463806 1.72 2.00 4.86 15.68 0.71 59.87 1.658128 0 0.4994
10 7 car 0 0 -1.597303 942.566040 477.705597 979.552185 506.043640 1.57 2.13 4.58 7.30 0.50 64.00 -1.483465 0 0.9740
10 8 car 0 0 -1.576644 786.873901 474.958313 893.854614 568.660339 1.65 2.15 4.58 0.32 1.38 22.13 -1.557618 0 0.9399
10 26 car 0 0 1.085750 1482.769409 473.031830 1600.000000 538.234253 1.61 2.18 4.74 18.81 1.18 33.23 1.605760 0 0.4682
10 22 car 0 0 1.178648 1345.190674 468.207123 1493.915039 544.268799 1.61 2.04 4.86 13.02 1.19 27.54 1.623216 0 0.9921
10 27 car 0 0 1.252711 1216.801636 473.033325 1299.147583 510.956329 1.69 2.20 4.71 18.69 0.84 52.83 1.588304 0 0.8462
11 17 car 0 0 1.299053 1244.944702 477.090485 1338.191284 528.511719 1.58 2.12 4.42 13.71 1.10 36.34 1.658096 0 0.9556
11 29 car 0 0 1.166675 1376.582764 486.892700 1445.389648 522.761902 1.76 1.91 4.61 23.67 1.31 52.11 1.605715 0 0.9556
11 25 car 0 0 1.388821 1115.639771 466.709290 1215.902222 513.951355 1.72 2.00 4.86 14.47 0.96 50.35 1.658096 0 0.5030
11 7 car 0 0 -1.591965 930.907104 468.002533 977.443481 501.980194 1.57 2.13 4.58 7.22 0.45 66.88 -1.483496 0 0.9695
11 8 car 0 0 -1.574644 786.503601 481.696411 889.030823 561.930847 1.65 2.15 4.58 0.27 1.30 22.36 -1.557668 0 0.5254
11 27 car 0 0 1.130925 1331.772461 474.996216 1547.238159 527.565430 1.69 2.20 4.71 18.70 1.20 40.42 1.588254 0 0.0938
11 28 car 0 0 1.070700 1510.596680 482.896271 1596.016113 532.465149 1.79 2.01 4.63 22.61 1.54 37.41 1.597770 0 0.6059
12 17 car 0 0 1.177703 1370.257812 486.324310 1565.186768 552.770752 1.58 2.12 4.42 13.30 1.47 27.04 1.652811 0 0.8943
12 31 car 0 0 1.469280 1014.386414 481.614166 1052.961304 508.630646 1.54 2.07 4.79 14.28 0.76 83.66 1.639294 0 0.3776
12 30 car 0 0 1.247766 1145.654297 476.372467 1222.925903 521.317139 1.61 2.05 4.88 17.82 1.24 63.28 1.530579 0 0.9235
12 29 car 0 0 1.102040 1455.636719 495.884979 1555.270630 552.215576 1.76 1.91 4.61 22.94 1.85 40.68 1.600421 0 0.2913
12 24 car 0 0 1.418592 1076.529053 481.014435 1124.263062 508.759399 1.65 2.08 5.22 14.84 1.09 67.75 1.639294 0 0.6513
12 25 car 0 0 1.328257 1187.621094 480.710663 1297.086426 534.651855 1.72 2.00 4.86 14.18 1.42 41.22 1.652811 0 0.3636
12 7 car 0 0 -1.593798 932.230530 477.621002 967.272766 502.660370 1.57 2.13 4.58 7.15 0.71 69.38 -1.488782 0 0.9440
13 31 car 0 0 1.446629 1049.881104 486.426361 1077.827271 514.423462 1.54 2.07 4.79 14.11 1.15 74.06 1.639696 0 0.5821
13 30 car 0 0 1.181892 1229.614258 490.869934 1324.960815 543.443665 1.61 2.05 4.88 17.89 1.60 50.23 1.531015 0 0.9195
13 24 car 0 0 1.386580 1118.303711 476.012573 1169.380981 520.901245 1.65 2.08 5.22 14.78 1.49 59.03 1.639696 0 0.5987
13 25 car 0 0 1.222253 1346.348633 490.497009 1450.724609 556.139221 1.72 2.00 4.86 13.77 1.67 30.88 1.653208 0 0.9519
13 7 car 0 0 -1.590679 927.780457 479.252777 964.756836 508.536682 1.57 2.13 4.58 7.27 1.02 71.09 -1.488384 0 0.5759
13 8 car 0 0 -1.578375 785.291443 469.600494 887.347839 566.033264 1.65 2.15 4.58 0.34 1.51 22.26 -1.562542 0 0.9814
14 31 car 0 0 1.421582 1066.087524 468.597321 1133.143311 510.238800 1.54 2.07 4.79 14.23 0.47 64.39 1.641697 0 0.1222
14 30 car 0 0 1.077186 1371.572144 485.092224 1502.571045 544.429993 1.61 2.05 4.88 17.92 1.27 37.15 1.532968 0 0.9832
14 24 car 0 0 1.364975 1149.041504 473.436249 1202.838745 512.867249 1.65 2.08 5.22 14.74 1.04 50.05 1.641697 0 0.7299
14 25 car 0 0 1.139070 1475.770264 472.122742 1594.034668 566.967224 1.72 2.00 4.86 13.22 1.51 20.72 1.655216 0 0.3370
14 7 car 0 0 -1.583375 924.313477 465.305695 954.673950 491.864594 1.57 2.13 4.58 7.03 0.00 72.92 -1.486377 0 0.9477
14 8 car 0 0 -1.576610 783.634521 461.848145 889.533997 559.371643 1.65 2.15 4.58 0.33 1.20 22.42 -1.560568 0 0.9934
15 24 car 0 0 1.294896 1221.744385 484.137482 1327.435547 537.401733 1.65 2.08 5.22 14.79 1.52 40.94 1.642137 0 0.9263
15 7 car 0 0 -1.578785 919.526733 476.616150 948.846436 500.999146 1.57 2.13 4.58 6.99 0.53 74.61 -1.485940 0 0.7128
15 8 car 0 0 -1.575730 782.900940 470.449524 889.195190 562.603821 1.65 2.15 4.58 0.30 1.26 22.44 -1.560112 0 0.9693
16 31 car 0 0 1.328700 1176.664551 495.505829 1266.723877 536.861145 1.54 2.07 4.79 14.29 1.58 44.76 1.638528 0 0.9072
16 35 car 0 0 1.623319 936.813782 482.191528 965.247925 502.741760 1.71 2.13 4.87 13.69 0.54 129.50 1.729333 0 0.8787
16 24 car 0 0 1.209161 1291.807007 493.130310 1500.397827 555.024353 1.65 2.08 5.22 14.64 1.56 31.27 1.638528 0 0.7740
16 7 car 0 0 -1.571248 903.020020 485.177917 936.889954 508.141174 1.57 2.13 4.58 6.58 0.82 76.86 -1.489555 0 0.1547
16 8 car 0 0 -1.579309 782.161865 484.377380 889.908752 576.760559 1.65 2.15 4.58 0.16 1.50 22.75 -1.563700 0 0.9927
16 36 car 0 0 1.362585 1025.226929 486.478546 1059.488770 513.200867 1.57 2.04 4.84 13.89 1.17 79.56 1.539252 0 0.2978
17 8 car 0 0 -1.574050 779.813293 482.093384 884.329529 562.007446 1.65 2.15 4.58 0.18 1.36 23.02 -1.561571 0 0.9832
17 36 car 0 0 1.359802 1004.115356 475.729858 1093.409546 509.148468 1.57 2.04 4.84 13.47 0.83 69.37 1.541365 0 0.2337
18 35 car 0 0 1.596978 964.528015 475.815704 999.496277 501.679413 1.71 2.13 4.87 13.60 0.29 104.52 1.727116 0 0.8130
18 37 car 0 0 1.404776 933.316833 477.911346 955.499084 492.963043 1.53 2.02 4.70 12.49 -0.12 128.14 1.505617 0 0.4129
18 7 car 0 0 -1.556317 878.365173 469.114349 917.798645 500.805298 1.57 2.13 4.58 5.75 0.29 81.60 -1.491803 0 0.8261
18 8 car 0 0 -1.573304 774.931091 478.390869 876.170044 560.979553 1.65 2.15 4.58 0.03 1.39 23.23 -1.565973 0 0.9866
18 36 car 0 0 1.326773 1044.422241 480.162964 1128.482056 510.901367 1.57 2.04 4.84 12.64 1.08 59.22 1.536968 0 0.4806
19 35 car 0 0 1.577765 982.777527 470.807739 1027.889648 500.033813 1.71 2.13 4.87 13.73 0.34 91.86 1.725963 0 0.9027
19 37 car 0 0 1.395297 937.415894 473.514496 972.763245 496.057007 1.53 2.02 4.70 12.21 -0.17 116.47 1.504479 0 0.2483
19 38 car 0 0 1.278381 1230.302124 477.571533 1346.220459 532.786499 1.68 2.15 4.98 13.40 1.22 36.08 1.635135 0 0.9720
19 7 car 0 0 -1.549707 874.533447 472.359070 901.926086 490.453644 1.57 2.13 4.58 5.03 0.13 83.93 -1.492944 0 0.4766
19 8 car 0 0 -1.570383 768.366516 464.506348 872.457520 561.406616 1.65 2.15 4.58 -0.10 1.36 23.36 -1.567110 0 0.9417
19 39 car 0 0 1.629589 918.223877 471.350891 959.168152 496.980377 1.76 2.17 4.54 9.96 0.21 104.02 1.725963 0 0.1398
20 38 car 0 0 1.177645 1333.670898 475.691376 1542.574951 559.462036 1.68 2.15 4.98 13.37 1.49 27.02 1.634096 0 0.9680
20 7 car 0 0 -1.543969 862.808960 467.251190 896.439453 498.785034 1.57 2.13 4.58 4.56 0.18 86.07 -1.493982 0 0.1882
20 8 car 0 0 -1.566563 762.798340 466.245239 865.712341 559.675415 1.65 2.15 4.58 -0.18 1.32 23.46 -1.568151 0 0.9825
20 36 car 0 0 1.249913 1126.002930 484.500122 1248.250977 522.622009 1.57 2.04 4.84 12.40 1.28 42.51 1.534790 0 0.8663
21 35 car 0 0 1.526185 1047.872681 488.439453 1098.902100 515.102356 1.71 2.13 4.87 13.76 1.41 67.71 1.726492 0 0.9751
21 8 car 0 0 -1.560744 760.943237 469.540283 856.910828 561.881592 1.65 2.15 4.58 -0.31 1.49 23.67 -1.566539 0 0.9157
21 39 car 0 0 1.610058 947.482422 481.737061 981.298889 508.218872 1.76 2.17 4.54 9.73 1.15 82.83 1.726492 0 0.5709
21 36 car 0 0 1.179680 1220.271851 497.740143 1356.195190 545.286438 1.57 2.04 4.84 12.50 1.62 33.62 1.536414 0 0.2246
22 35 car 0 0 1.484052 1094.240967 485.959534 1162.299683 522.578918 1.71 2.13 4.87 13.62 1.50 54.81 1.725609 0 0.9276
22 8 car 0 0 -1.555835 750.488892 468.894745 852.677307 563.287170 1.65 2.15 4.58 -0.47 1.47 23.65 -1.567429 0 0.8958
22 39 car 0 0 1.588114 973.881531 479.967255 1009.113831 511.099396 1.76 2.17 4.54 9.89 1.12 71.01 1.725609 0 0.6788
22 36 car 0 0 1.040023 1401.758545 457.663055 1599.705566 585.701233 1.57 2.04 4.84 12.65 1.68 23.60 1.535523 0 0.7119
23 35 car 0 0 1.410112 1185.802856 494.346161 1275.739502 536.227051 1.71 2.13 4.87 13.66 1.45 41.73 1.726427 0 0.9569
23 37 car 0 0 1.332711 999.900146 489.068878 1073.390259 524.386108 1.53 2.02 4.70 12.60 1.40 70.03 1.505003 0 0.3053
23 7 car 0 0 -1.518884 834.312744 482.125854 865.153381 499.184601 1.57 2.13 4.58 2.39 0.39 92.46 -1.492464 0 0.5032
23 8 car 0 0 -1.549959 745.437561 476.411926 844.922546 562.661743 1.65 2.15 4.58 -0.62 1.46 23.50 -1.566609 0 0.9468
23 39 car 0 0 1.559488 1006.821838 481.656677 1052.510986 519.839722 1.76 2.17 4.54 9.99 1.17 59.00 1.726427 0 0.8925
24 35 car 0 0 1.265433 1352.090576 503.177582 1567.154419 561.957458 1.71 2.13 4.87 14.02 1.47 28.98 1.735470 0 0.7930
24 7 car 0 0 -1.511150 836.170288 472.759216 866.582764 490.427826 1.57 2.13 4.58 2.72 -0.29 94.53 -1.483434 0 0.1153
24 8 car 0 0 -1.540939 745.644409 470.020508 844.708252 566.321899 1.65 2.15 4.58 -0.50 1.34 23.24 -1.557591 0 0.9765
24 39 car 0 0 1.339497 1062.918823 482.986450 1139.712158 537.445740 1.76 2.17 4.54 10.43 1.09 46.80 1.560890 0 0.5587
25 46 car 0 0 1.470151 933.482178 482.945770 966.087952 506.733154 1.83 1.97 4.67 9.87 0.72 96.45 1.575193 0 0.1147
25 7 car 0 0 -1.503486 830.641052 478.469269 874.998962 498.011810 1.57 2.13 4.58 2.78 0.31 96.73 -1.474630 0 0.5780
25 8 car 0 0 -1.530275 742.252930 477.579407 843.426147 564.825439 1.65 2.15 4.58 -0.56 1.42 23.14 -1.548772 0 0.9950
25 39 car 0 0 1.262032 1161.242554 476.850677 1276.156860 542.832458 1.76 2.17 4.54 10.78 1.34 34.51 1.569713 0 0.9850
25 44 car 0 0 1.418107 1030.068359 473.358002 1094.812256 523.220581 1.92 2.20 4.81 9.55 1.20 48.60 1.610099 0 0.0937
26 45 car 0 0 1.425561 1044.106934 485.267487 1090.309326 517.643372 1.76 2.20 4.85 11.04 1.12 57.71 1.621177 0 0.2125
26 7 car 0 0 -1.489212 833.338379 481.030060 864.199951 502.570435 1.57 2.13 4.58 2.46 0.66 98.82 -1.463553 0 0.1010
26 8 car 0 0 -1.519054 742.333130 480.900696 842.985474 567.332397 1.65 2.15 4.58 -0.51 1.42 23.01 -1.537694 0 0.9754
26 39 car 0 0 1.061874 1368.211426 472.638062 1595.894165 610.875977 1.76 2.17 4.54 11.34 1.52 20.88 1.545888 0 0.9428
27 46 car 0 0 1.430086 1009.532410 488.101471 1047.946655 516.944336 1.83 1.97 4.67 11.49 1.41 68.66 1.596313 0 0.6126
27 8 car 0 0 -1.510174 744.069580 476.277649 844.187256 562.349976 1.65 2.15 4.58 -0.38 1.40 22.72 -1.527653 0 0.9642
27 44 car 0 0 1.226413 1276.814697 482.948822 1440.959839 569.591492 1.92 2.20 4.81 11.19 1.68 25.49 1.631218 0 0.4122
28 47 car 0 0 1.383443 1114.492676 493.796417 1161.228271 516.898376 1.60 2.00 4.72 16.03 1.45 64.27 1.632126 0 0.6813
28 50 car 0 0 1.498202 976.519287 481.801483 1018.047729 507.666504 1.59 2.14 4.67 14.63 1.19 99.06 1.640177 0 0.8574
28 46 car 0 0 1.405319 1027.446655 486.175354 1118.378418 517.033142 1.83 1.97 4.67 12.02 1.25 56.56 1.605266 0 0.1568
28 45 car 0 0 1.299463 1172.317627 488.219757 1358.207153 544.864075 1.76 2.20 4.85 11.63 1.52 31.02 1.640177 0 0.3330
28 51 car 0 0 1.468223 1009.914307 484.846588 1062.493652 512.800537 1.51 2.06 4.57 13.06 1.14 76.32 1.640177 0 0.8586
28 7 car 0 0 -1.478451 846.719177 478.216797 871.732788 497.745850 1.57 2.13 4.58 3.29 0.73 102.23 -1.444543 0 0.1090
28 49 car 0 0 1.143970 1335.639404 495.263062 1447.446655 543.377991 1.72 2.00 4.95 18.02 1.75 40.22 1.570357 0 0.6179
28 8 car 0 0 -1.508216 751.411011 457.152222 854.575867 557.068604 1.65 2.15 4.58 -0.29 1.33 22.47 -1.518697 0 0.8951
29 47 car 0 0 1.313867 1190.979980 489.450836 1276.864990 529.952393 1.60 2.00 4.72 17.29 1.61 54.08 1.632428 0 0.6284
29 50 car 0 0 1.480505 1009.268799 483.203949 1055.241699 511.976349 1.59 2.14 4.67 14.91 1.36 85.70 1.649431 0 0.8607
29 45 car 0 0 0.967304 1446.310669 491.422577 1594.991699 590.484253 1.76 2.20 4.85 12.09 1.64 19.13 1.474897 0 0.1208
29 51 car 0 0 1.441348 1064.336426 483.459961 1102.976440 515.054016 1.51 2.06 4.57 13.33 1.37 63.35 1.649431 0 0.8619
29 7 car 0 0 -1.483126 861.191956 480.942932 892.585388 502.059845 1.57 2.13 4.58 4.82 1.17 103.84 -1.435294 0 0.7493
29 8 car 0 0 -1.501698 755.918213 478.812927 857.001892 561.697083 1.65 2.15 4.58 -0.20 1.41 22.18 -1.509442 0 0.9910
30 50 car 0 0 1.460303 1043.981445 484.891357 1099.519531 517.771484 1.59 2.14 4.67 15.02 1.24 72.48 1.659368 0 0.7844
30 46 car 0 0 1.231407 1274.359131 487.026672 1408.373657 558.649658 1.83 1.97 4.67 12.37 1.70 29.77 1.624464 0 0.9563
30 51 car 0 0 1.393481 1130.291870 489.054810 1192.023315 524.189941 1.51 2.06 4.57 13.44 1.31 50.49 1.659368 0 0.9186
30 7 car 0 0 -1.485555 878.916992 487.922729 906.254395 507.480804 1.57 2.13 4.58 6.43 1.05 105.56 -1.425364 0 0.8550
30 8 car 0 0 -1.496068 760.207153 483.309875 863.628723 573.520935 1.65 2.15 4.58 -0.03 1.35 22.01 -1.499502 0 0.9905
31 47 car 0 0 1.116065 1463.052124 489.590515 1591.038818 553.290955 1.60 2.00 4.72 19.33 1.70 33.97 1.627505 0 0.9948
31 50 car 0 0 1.423383 1093.001587 484.441406 1156.775269 516.664185 1.59 2.14 4.67 14.66 1.28 59.29 1.662421 0 0.9551
31 51 car 0 0 1.320283 1215.813110 486.745911 1318.773804 540.685791 1.51 2.06 4.57 13.34 1.38 37.66 1.662421 0 0.9957
31 7 car 0 0 -1.494337 890.959595 485.246490 924.337646 505.475037 1.57 2.13 4.58 7.58 0.98 107.24 -1.422305 0 0.9636
31 8 car 0 0 -1.495356 761.373840 468.506195 868.385620 565.296082 1.65 2.15 4.58 0.01 1.36 21.94 -1.496452 0 0.9941
32 50 car 0 0 1.364071 1175.637695 484.911530 1251.424805 526.386047 1.59 2.14 4.67 14.33 1.34 46.05 1.668041 0 0.9751
32 51 car 0 0 1.169617 1416.567261 496.871490 1594.482178 574.576172 1.51 2.06 4.57 13.23 1.55 24.76 1.668041 0 0.9835
32 7 car 0 0 -1.497336 898.730103 489.050110 938.517029 510.787048 1.57 2.13 4.58 8.96 1.58 108.87 -1.416688 0 0.9221
32 8 car 0 0 -1.494163 766.864929 478.674225 874.109985 568.005920 1.65 2.15 4.58 0.13 1.42 21.82 -1.490830 0 0.9507
32 64 car 0 0 1.167364 1351.465332 489.230927 1477.506836 571.635681 1.60 2.02 4.53 16.62 1.64 37.20 1.608665 0 0.1183
33 50 car 0 0 1.261909 1302.747559 488.507690 1427.962646 553.211609 1.59 2.14 4.67 13.89 1.50 31.97 1.671021 0 0.9921
33 7 car 0 0 -1.505461 913.568237 496.603790 952.007996 520.923401 1.57 2.13 4.58 10.65 2.38 110.50 -1.413711 0 0.8104
33 8 car 0 0 -1.497606 776.249329 480.608093 880.996338 574.615845 1.65 2.15 4.58 0.24 1.52 21.78 -1.487849 0 0.8205
34 65 car 0 0 1.306483 1160.501587 486.927032 1272.109985 530.741272 1.80 2.08 4.92 17.03 1.51 55.91 1.612447 0 0.7841
34 7 car 0 0 -1.521670 936.869629 496.795532 972.235107 516.407837 1.57 2.13 4.58 12.23 2.08 112.33 -1.412907 0 0.9373
34 8 car 0 0 -1.507354 789.948914 482.856537 894.022644 567.444885 1.65 2.15 4.58 0.54 1.44 21.90 -1.487049 0 0.9710
35 65 car 0 0 1.247205 1236.570312 482.293152 1364.446899 531.380981 1.80 2.08 4.92 15.80 1.43 42.16 1.612423 0 0.8778
35 66 car 0 0 1.252873 1312.820557 488.360718 1374.905029 529.920959 1.68 2.03 4.83 19.63 1.57 48.18 1.647612 0 0.3095
35 67 car 0 0 1.474597 1105.150391 496.338013 1132.721924 513.994995 1.61 2.05 4.44 30.54 2.05 128.23 1.709193 0 0.7339
35 7 car 0 0 -1.530265 947.581299 493.218231 983.540527 513.672791 1.57 2.13 4.58 13.25 1.62 114.03 -1.412920 0 0.9416
35 8 car 0 0 -1.514571 796.529175 474.869385 905.681152 567.310364 1.65 2.15 4.58 0.72 1.31 22.00 -1.487069 0 0.9403
36 65 car 0 0 1.114802 1410.894409 494.310852 1584.686523 577.780090 1.80 2.08 4.92 15.09 1.76 28.42 1.608503 0 0.9914
36 67 car 0 0 1.450624 1126.383423 497.420258 1165.415771 527.449951 1.61 2.05 4.44 28.94 3.10 112.56 1.705261 0 0.0659
36 7 car 0 0 -1.534651 947.463013 509.931396 984.818237 528.237427 1.57 2.13 4.58 14.07 3.11 115.68 -1.416854 0 0.9660
36 8 car 0 0 -1.521452 803.073059 483.714111 906.628845 575.899109 1.65 2.15 4.58 0.85 1.55 22.04 -1.490994 0 0.9795
37 67 car 0 0 1.442831 1122.454834 500.281219 1164.256470 521.140808 1.61 2.05 4.44 26.40 2.28 98.81 1.695587 0 0.9150
37 7 car 0 0 -1.544958 953.221130 498.246857 980.688538 518.820129 1.57 2.13 4.58 13.91 2.31 117.27 -1.426527 0 0.9781
37 8 car 0 0 -1.530597 800.595825 476.171326 907.752075 569.678467 1.65 2.15 4.58 0.87 1.45 22.13 -1.500674 0 0.9827
38 67 car 0 0 1.408186 1157.352783 491.421143 1197.644653 525.910217 1.61 2.05 4.44 23.89 2.05 83.44 1.686046 0 0.8941
38 7 car 0 0 -1.551721 949.826172 504.046295 976.951721 523.206177 1.57 2.13 4.58 13.70 2.83 119.00 -1.436068 0 0.9829
38 8 car 0 0 -1.537937 799.128235 480.145752 903.647949 573.107788 1.65 2.15 4.58 0.83 1.47 22.21 -1.510211 0 0.9706
38 70 car 0 0 1.455939 1084.646118 498.534760 1127.807373 524.256592 1.76 2.20 4.84 22.67 2.45 96.13 1.681020 0 0.8818
39 67 car 0 0 1.365982 1171.002563 502.702209 1253.670288 538.485229 1.61 2.05 4.44 20.99 2.34 68.20 1.669092 0 0.3081
39 7 car 0 0 -1.562634 940.733093 505.775299 970.547485 528.855408 1.57 2.13 4.58 13.27 3.39 120.67 -1.453022 0 0.9596
39 8 car 0 0 -1.553363 796.149597 490.772980 902.753296 579.330017 1.65 2.15 4.58 0.54 1.58 22.24 -1.527165 0 0.9664
39 70 car 0 0 1.416855 1113.201050 503.543854 1158.550781 531.743347 1.76 2.20 4.84 20.35 2.65 83.13 1.664066 0 0.0713
40 67 car 0 0 1.316396 1234.798706 497.233643 1295.447021 528.430847 1.61 2.05 4.44 18.66 1.74 52.78 1.657011 0 0.8681
40 7 car 0 0 -1.567375 931.123840 500.541779 961.355835 518.784668 1.57 2.13 4.58 12.37 2.76 122.38 -1.465103 0 0.9153
40 8 car 0 0 -1.563319 794.125854 481.678345 899.386658 577.705872 1.65 2.15 4.58 0.55 1.60 22.23 -1.539248 0 0.9767
40 70 car 0 0 1.396132 1108.639282 485.803436 1186.446655 524.635132 1.76 2.20 4.84 18.66 1.84 70.03 1.651984 0 0.6862
