0 2 car 0 0 0.972861 114.214081 495.468964 373.842773 617.104980 2.11 1.82 4.73 -10.48 2.19 22.64 0.548465 0 0.6043
0 18 car 0 0 -1.771186 641.413208 477.051483 1035.153442 816.910767 1.85 1.82 4.29 -0.17 1.74 7.41 -1.753803 0 0.9962
0 25 car 0 0 0.780661 29.372421 501.508606 125.638794 585.684387 1.52 1.72 4.61 -17.33 1.95 28.04 0.252576 0 0.3315
1 2 car 0 0 0.984331 77.121956 495.445831 374.779785 612.972473 2.11 1.82 4.73 -10.48 2.21 22.56 0.548144 0 0.5230
1 18 car 0 0 -1.801860 633.112488 469.379700 1022.959778 803.712463 1.85 1.82 4.29 -0.28 1.78 7.75 -1.792567 0 0.9973
2 2 car 0 0 0.950618 187.669205 505.485199 363.859161 613.500000 2.11 1.82 4.73 -10.49 2.31 22.47 0.547227 0 0.7424
2 18 car 0 0 -1.822436 615.706909 472.034607 993.059753 821.690552 1.85 1.82 4.29 -0.42 1.86 8.10 -1.831819 0 0.9888
2 43 car 0 0 0.632527 226.154816 493.491760 442.217773 613.644470 3.06 2.42 6.52 -9.86 2.72 28.89 0.268799 0 0.0586
3 18 car 0 0 -1.841143 583.555908 479.612732 970.642822 774.990967 1.85 1.82 4.29 -0.57 1.89 8.30 -1.872061 0 0.9934
3 25 car 0 0 0.790354 1.676374 510.363098 109.696297 602.641907 1.52 1.72 4.61 -17.44 2.13 27.63 0.249510 0 0.1857
3 43 car 0 0 0.589323 216.845886 486.213898 569.720764 619.708618 3.06 2.42 6.52 -9.92 2.71 28.66 0.266973 0 0.0902
4 18 car 0 0 -1.849727 536.716003 482.583923 934.348938 777.941406 1.85 1.82 4.29 -0.82 1.86 8.45 -1.913391 0 0.9948
4 30 car 0 0 -1.708264 1535.847290 616.661621 1598.804688 875.106262 1.49 1.65 3.96 5.16 1.83 6.72 -1.172964 0 0.1536
4 42 car 0 0 0.681021 161.231552 505.009796 349.852234 618.074524 1.55 1.92 4.89 -10.69 2.47 25.40 0.264200 0 0.7691
5 2 car 0 0 0.984024 74.015778 506.515106 350.175476 634.304504 2.11 1.82 4.73 -10.67 2.38 20.94 0.538887 0 0.5214
5 18 car 0 0 -1.843111 462.430695 491.647491 883.777649 789.876831 1.85 1.82 4.29 -1.15 1.94 8.39 -1.955679 0 0.9950
6 2 car 0 0 1.015617 4.875734 497.509827 300.505035 634.252747 2.11 1.82 4.73 -10.79 2.17 19.87 0.532971 0 0.3925
6 18 car 0 0 -1.895231 360.667175 484.950439 818.297363 796.829529 1.85 1.82 4.29 -1.64 1.86 8.11 -2.072428 0 0.9967
6 42 car 0 0 0.686872 133.083160 508.474670 331.049957 628.804138 1.55 1.92 4.89 -10.96 2.31 23.51 0.254659 0 0.2731
6 43 car 0 0 0.598602 174.797287 462.052063 550.528687 600.664368 3.06 2.42 6.52 -10.31 2.48 26.28 0.254659 0 0.0608
7 2 car 0 0 1.033763 7.103467 486.599121 230.870453 621.091797 2.11 1.82 4.73 -10.84 1.91 18.51 0.530465 0 0.9332
7 18 car 0 0 -1.912369 241.550522 478.998901 726.308350 792.960571 1.85 1.82 4.29 -2.29 1.77 7.63 -2.169005 0 0.9892
8 2 car 0 0 1.032245 36.228519 476.613373 208.083206 597.030762 2.11 1.82 4.73 -10.86 1.69 17.20 0.530869 0 0.1303
8 18 car 0 0 -1.950599 31.065531 481.675751 588.088440 804.570984 1.85 1.82 4.29 -3.12 1.70 7.21 -2.331190 0 0.9605
8 26 car 0 0 0.280909 558.124451 489.690399 938.763611 568.859802 1.53 1.81 4.52 -3.45 1.65 28.89 0.227405 0 0.1889
8 42 car 0 0 0.703837 51.159988 470.699890 354.312561 591.493408 1.55 1.92 4.89 -11.04 1.73 20.79 0.252697 0 0.3223
8 43 car 0 0 0.632146 61.302410 471.371704 561.202148 626.485718 3.06 2.42 6.52 -10.40 1.82 23.55 0.252697 0 0.6419
9 26 car 0 0 0.366043 580.812744 479.633484 721.474365 549.895813 1.53 1.81 4.52 -3.15 1.16 27.53 0.236388 0 0.9121
9 43 car 0 0 0.711963 2.799669 421.046967 405.349701 646.760559 3.06 2.42 6.52 -10.16 1.47 22.25 0.261679 0 0.4624
10 18 car 0 0 -2.055722 0.389105 418.429474 170.745621 810.028687 1.85 1.82 4.29 -5.32 1.49 6.75 -2.579044 0 0.9869
10 26 car 0 0 0.381212 605.095276 457.029327 783.082581 527.709717 1.53 1.81 4.52 -1.68 0.80 26.29 0.285034 0 0.9301
11 2 car 0 0 1.177098 11.215899 424.684021 292.777100 611.670776 2.11 1.82 4.73 -8.03 1.35 14.95 0.694022 0 0.9370
11 26 car 0 0 0.360326 764.394592 454.776642 944.874756 535.146179 1.53 1.81 4.52 1.27 0.85 24.99 0.390613 0 0.9839
11 43 car 0 0 0.700668 282.775421 396.244385 608.340332 584.596252 3.06 2.42 6.52 -6.50 1.34 20.91 0.415901 0 0.0691
12 2 car 0 0 1.199506 224.233978 426.702332 493.883057 617.980896 2.11 1.82 4.73 -5.34 1.40 14.83 0.853043 0 0.8135
12 26 car 0 0 0.360757 945.140930 451.520813 1171.462891 534.712524 1.53 1.81 4.52 5.44 0.78 23.18 0.549597 0 0.9105
12 42 car 0 0 0.767006 473.915100 476.776672 665.938660 588.453796 1.55 1.92 4.89 -4.39 1.23 18.03 0.574888 0 0.9900
12 43 car 0 0 0.726745 468.471680 430.584381 776.448914 589.681824 3.06 2.42 6.52 -2.89 1.32 20.41 0.574888 0 0.1330
13 2 car 0 0 1.209710 483.133087 427.435852 752.467285 609.792175 2.11 1.82 4.73 -2.07 1.26 14.17 1.054259 0 0.6849
13 60 car 0 0 1.140164 232.370743 441.568542 384.134796 516.983887 1.76 1.86 5.00 -11.06 0.70 27.58 0.758673 0 0.7804
13 18 car 0 0 -1.780558 0.000000 435.441772 176.278488 647.295593 1.85 1.82 4.29 -6.46 1.39 10.06 -2.302356 0 0.9890
13 25 car 0 0 1.018294 412.185303 461.520386 547.588745 581.422729 1.52 1.72 4.61 -5.26 1.01 22.34 0.758673 0 0.1678
13 64 car 0 0 1.235374 101.917725 430.383423 222.596497 504.672028 1.76 1.69 4.35 -16.66 0.32 33.38 0.758673 0 0.2743
13 26 car 0 0 0.300174 1288.415894 434.548157 1569.688843 543.700867 1.53 1.81 4.52 10.21 0.56 20.21 0.750837 0 0.9576
14 60 car 0 0 1.166104 502.369049 450.919922 694.513184 519.836548 1.76 1.86 5.00 -4.11 0.80 27.75 0.995769 0 0.3681
14 55 car 0 0 1.271852 682.672852 472.201324 780.909180 538.168030 1.59 1.89 4.67 -2.07 0.82 32.18 1.205246 0 0.1328
14 18 car 0 0 -1.689971 167.239075 444.835358 398.760803 632.243347 1.85 1.82 4.29 -5.17 1.40 12.25 -2.088519 0 0.9935
14 42 car 0 0 0.823129 846.662781 466.332092 1273.236206 617.455261 1.55 1.92 4.89 3.77 1.15 15.15 1.013225 0 0.0955
14 67 car 0 0 1.277657 387.323059 452.646210 516.146606 503.911713 1.66 1.79 4.38 -13.07 0.17 42.10 0.997389 0 0.3864
15 2 car 0 0 1.107259 1168.732666 366.968201 1593.714600 703.833679 2.11 1.82 4.73 4.42 1.43 9.92 1.526870 0 0.8297
15 60 car 0 0 1.132094 862.002441 450.663727 1022.463318 533.322754 1.76 1.86 5.00 2.53 0.94 25.97 1.231234 0 0.7600
15 57 car 0 0 1.177195 842.140259 463.473755 971.787476 518.127075 2.46 2.10 5.37 2.55 0.63 36.17 1.248689 0 0.3631
15 18 car 0 0 -1.684882 455.899963 458.994598 639.661255 611.740417 1.85 1.82 4.29 -2.94 1.48 14.28 -1.893793 0 0.9925
16 60 car 0 0 1.109599 1103.105713 444.104401 1320.975098 560.516479 1.76 1.86 5.00 7.03 1.02 22.83 1.412497 0 0.7586
16 57 car 0 0 1.153828 1100.218384 450.957397 1250.021118 538.029968 2.46 2.10 5.37 8.81 0.80 32.87 1.429951 0 0.2855
16 18 car 0 0 -1.705815 651.765137 453.570374 821.890564 592.946960 1.85 1.82 4.29 -0.90 1.46 15.71 -1.768460 0 0.9907
16 25 car 0 0 0.944318 1337.347900 467.075867 1575.982056 601.727112 1.52 1.72 4.61 8.47 1.26 15.14 1.412497 0 0.9938
16 67 car 0 0 1.281006 946.521362 460.443970 1025.164673 503.659760 1.66 1.79 4.38 4.82 0.44 38.98 1.414116 0 0.2609
17 60 car 0 0 1.072373 1228.742065 441.529541 1473.420044 574.515076 1.76 1.86 5.00 8.26 0.95 19.81 1.471958 0 0.9800
17 55 car 0 0 1.186081 1431.066284 458.944977 1569.757812 580.006958 1.59 1.89 4.67 11.97 0.98 22.94 1.681386 0 0.1232
17 18 car 0 0 -1.660772 716.236511 433.201324 873.618835 569.017395 1.85 1.82 4.29 -0.43 1.14 16.95 -1.677620 0 0.9963
17 25 car 0 0 0.936439 1537.124878 487.020355 1598.280151 697.968567 1.52 1.72 4.61 9.22 1.24 12.06 1.471958 0 0.2440
17 64 car 0 0 1.204698 1092.393555 442.565704 1233.657959 520.441467 1.76 1.69 4.35 7.72 0.77 27.86 1.471958 0 0.9543
17 67 car 0 0 1.287753 1010.850220 440.635071 1097.838745 496.209900 1.66 1.79 4.38 6.96 0.11 36.17 1.473577 0 0.9949
18 60 car 0 0 1.052597 1328.327393 467.272827 1525.460815 595.236755 1.76 1.86 5.00 8.91 1.38 16.68 1.501878 0 0.9890
18 55 car 0 0 1.191730 1482.757690 470.391846 1598.628906 605.835388 1.59 1.89 4.67 12.74 1.45 19.69 1.711328 0 0.9107
18 18 car 0 0 -1.610769 736.765625 448.447601 881.531494 573.914673 1.85 1.82 4.29 -0.03 1.22 17.92 -1.616390 0 0.9938
18 64 car 0 0 1.164537 1171.289185 462.927887 1349.629639 554.489563 1.76 1.69 4.35 8.66 1.21 24.75 1.501878 0 0.9850
18 67 car 0 0 1.268791 1076.829834 469.662079 1171.548340 518.410767 1.66 1.79 4.38 8.16 0.84 32.77 1.507307 0 0.9477
19 60 car 0 0 0.999700 1485.476318 469.998932 1599.244263 622.207153 1.76 1.86 5.00 9.24 1.53 13.36 1.520290 0 0.9915
19 57 car 0 0 1.066346 1366.835571 440.256287 1556.755249 559.749939 2.46 2.10 5.37 12.06 1.47 23.18 1.537746 0 0.5211
19 18 car 0 0 -1.605405 757.936707 453.732117 884.396912 571.499084 1.85 1.82 4.29 0.12 1.32 18.91 -1.601536 0 0.9964
19 64 car 0 0 1.121804 1262.292969 472.549561 1436.587891 572.743164 1.76 1.69 4.35 9.10 1.43 21.43 1.520290 0 0.8958
19 70 car 0 0 1.411068 935.061218 464.084778 965.199158 481.354065 1.53 1.88 4.49 9.19 -0.64 92.15 1.516379 0 0.6516
19 67 car 0 0 1.242240 1115.564697 473.613251 1265.327881 543.338989 1.66 1.79 4.38 8.82 1.16 29.16 1.529529 0 0.9544
20 73 car 0 0 1.479464 897.433289 455.539398 933.374878 482.781464 1.46 1.68 4.63 7.65 -0.94 98.57 1.557586 0 0.4671
20 18 car 0 0 -1.604677 780.626404 450.699768 898.830505 565.526306 1.85 1.82 4.29 0.35 1.32 19.75 -1.586154 0 0.9818
20 64 car 0 0 1.046025 1392.798096 449.044708 1600.000000 600.790100 1.76 1.69 4.35 9.44 1.50 18.38 1.538873 0 0.9773
20 70 car 0 0 1.403760 970.131836 461.966034 996.635742 483.130829 1.53 1.88 4.49 10.81 -0.33 86.01 1.534963 0 0.0565
21 73 car 0 0 1.475702 920.377930 467.658447 955.785156 500.382965 1.46 1.68 4.63 8.88 0.16 89.79 1.571595 0 0.4821
21 18 car 0 0 -1.599891 792.100891 467.663116 910.727234 580.016602 1.85 1.82 4.29 0.58 1.47 20.70 -1.572145 0 0.9617
21 70 car 0 0 1.395731 990.633911 478.447784 1033.096313 498.801086 1.53 1.88 4.49 11.95 0.57 78.99 1.548970 0 0.9476
21 67 car 0 0 1.151525 1286.706787 471.235992 1470.332397 586.867798 1.66 1.79 4.38 9.43 1.48 21.98 1.569354 0 0.0633
22 73 car 0 0 1.467655 946.937195 475.275665 964.958740 502.355865 1.46 1.68 4.63 9.23 0.51 80.77 1.577507 0 0.7918
22 18 car 0 0 -1.600234 803.432922 467.065491 915.254700 575.034546 1.85 1.82 4.29 0.78 1.53 21.55 -1.566233 0 0.9743
22 70 car 0 0 1.378330 1021.970032 480.592834 1062.453003 503.473877 1.53 1.88 4.49 12.33 0.80 71.76 1.554885 0 0.3932
22 67 car 0 0 1.059313 1382.302612 471.404694 1598.037476 612.873901 1.66 1.79 4.38 9.55 1.51 17.91 1.548335 0 0.9766
23 73 car 0 0 1.448965 971.213501 468.580750 1001.237244 504.022644 1.46 1.68 4.63 9.43 0.50 70.50 1.582372 0 0.3300
23 18 car 0 0 -1.604367 817.957397 467.985199 923.554810 562.752686 1.85 1.82 4.29 0.95 1.42 22.54 -1.561368 0 0.9908
23 70 car 0 0 1.366750 1042.542725 466.223450 1084.998413 504.613190 1.53 1.88 4.49 12.59 0.75 63.26 1.559753 0 0.2397
24 73 car 0 0 1.426407 994.409973 452.843994 1047.919434 503.651581 1.46 1.68 4.63 9.54 0.44 61.09 1.586810 0 0.8710
24 18 car 0 0 -1.606955 827.295532 461.329376 932.050049 554.071594 1.85 1.82 4.29 1.12 1.31 23.21 -1.556929 0 0.9952
24 70 car 0 0 1.338448 1066.867310 471.990173 1147.353394 505.568878 1.53 1.88 4.49 12.78 0.69 55.43 1.564192 0 0.8801
25 73 car 0 0 1.408413 997.252686 451.816956 1079.713867 503.452087 1.46 1.68 4.63 9.07 0.45 51.53 1.582114 0 0.9444
25 18 car 0 0 -1.606055 821.539795 454.550446 923.599854 547.643921 1.85 1.82 4.29 1.00 1.22 23.98 -1.561626 0 0.9943
25 70 car 0 0 1.301608 1112.015259 459.585632 1188.583740 508.069946 1.53 1.88 4.49 12.43 0.66 47.89 1.559496 0 0.9857
26 73 car 0 0 1.365980 1054.627808 453.040649 1124.241943 513.732361 1.46 1.68 4.63 8.76 0.69 41.84 1.578427 0 0.9238
26 18 car 0 0 -1.607093 820.746704 453.305420 917.671997 542.696777 1.85 1.82 4.29 0.91 1.17 24.68 -1.565312 0 0.9524
27 73 car 0 0 1.310709 1103.288330 480.284729 1213.312378 541.392273 1.46 1.68 4.63 8.57 1.22 32.70 1.574495 0 0.9943
27 18 car 0 0 -1.591790 818.271484 456.031525 915.646423 552.560059 1.85 1.82 4.29 0.96 1.24 25.44 -1.551783 0 0.9219
28 73 car 0 0 1.217607 1200.793335 497.954193 1375.546387 576.448242 1.46 1.68 4.63 8.51 1.51 23.43 1.574297 0 0.9786
28 18 car 0 0 -1.596767 816.530029 470.202057 907.351807 556.129211 1.85 1.82 4.29 0.88 1.49 26.27 -1.560717 0 0.9704
28 70 car 0 0 1.101343 1345.209229 497.058228 1511.835815 578.423767 1.53 1.88 4.49 12.03 1.74 24.23 1.551667 0 0.9832
29 73 car 0 0 1.088058 1390.175903 482.683685 1558.905762 596.656128 1.46 1.68 4.63 8.48 1.42 14.40 1.567414 0 0.9428
29 18 car 0 0 -1.605775 814.795044 466.625214 907.106201 553.153931 1.85 1.82 4.29 0.87 1.37 26.98 -1.570506 0 0.9850
30 18 car 0 0 -1.606773 809.376160 479.536957 900.637512 565.055847 1.85 1.82 4.29 0.83 1.60 27.83 -1.576192 0 0.9855
31 18 car 0 0 -1.609621 808.829834 483.378357 896.227844 564.328979 1.85 1.82 4.29 0.73 1.69 28.35 -1.580995 0 0.9565
32 18 car 0 0 -1.613947 809.550110 478.558838 890.377808 552.169617 1.85 1.82 4.29 0.72 1.44 28.86 -1.587345 0 0.9458
33 18 car 0 0 -1.616099 804.751343 470.422150 892.242798 548.031006 1.85 1.82 4.29 0.71 1.34 29.27 -1.590655 0 0.9939
34 18 car 0 0 -1.618204 802.484192 471.244995 888.580505 552.264404 1.85 1.82 4.29 0.68 1.46 29.57 -1.595099 0 0.9842
35 18 car 0 0 -1.622646 799.057495 473.759247 884.572144 551.855469 1.85 1.82 4.29 0.53 1.41 29.57 -1.602475 0 0.9572
35 81 car 0 0 1.405953 1005.117310 483.199036 1067.742188 526.818237 1.66 1.75 4.35 8.82 1.43 52.69 1.578079 0 0.9771
36 18 car 0 0 -1.624839 791.229004 470.716156 878.021301 548.758118 1.85 1.82 4.29 0.32 1.30 29.57 -1.610344 0 0.9805
36 81 car 0 0 1.368716 1046.492432 478.430756 1118.765259 533.583557 1.66 1.75 4.35 8.48 1.34 40.74 1.576022 0 0.9721
37 18 car 0 0 -1.605732 787.955627 471.968933 874.952881 558.357605 1.85 1.82 4.29 0.21 1.38 29.58 -1.593740 0 0.9536
37 81 car 0 0 1.292320 1115.637451 471.295197 1252.985229 557.801147 1.66 1.75 4.35 8.18 1.43 28.66 1.575148 0 0.9882
38 18 car 0 0 -1.585563 785.725647 465.448914 874.648376 547.937988 1.85 1.82 4.29 0.34 1.30 29.53 -1.574571 0 0.9760
38 81 car 0 0 1.152735 1299.546387 463.756958 1584.868774 616.746216 1.66 1.75 4.35 8.03 1.58 16.65 1.611781 0 0.9301
39 18 car 0 0 -1.565787 782.107605 473.439362 874.164856 553.694214 1.85 1.82 4.29 0.46 1.49 29.41 -1.556415 0 0.3866
