0 4 car 0 0 1.344344 408.221558 420.338928 582.769165 580.243835 1.64 1.71 4.05 -5.26 1.29 19.69 1.096271 0 0.9425
0 11 car 0 0 1.446793 305.000549 454.376465 370.034119 510.875183 1.48 1.76 4.18 -15.83 0.80 41.46 1.085364 0 0.3990
0 13 car 0 0 1.133549 691.022888 471.497681 847.047424 584.018311 1.64 1.71 4.05 -0.97 1.37 19.05 1.096271 0 0.1500
0 20 car 0 0 -1.514598 30.783121 456.783264 109.232651 510.568756 1.75 1.86 4.20 -27.25 0.53 45.85 -2.047089 0 0.9957
0 23 car 0 0 0.852725 920.466980 520.577026 1572.122314 867.139648 1.43 1.84 4.42 1.92 1.54 3.86 1.180072 0 0.8373
1 11 car 0 0 1.443819 318.833130 467.776428 390.302032 528.893494 1.48 1.76 4.18 -13.75 0.88 37.46 1.094223 0 0.6704
1 13 car 0 0 1.064353 764.937256 480.288116 953.236816 606.964722 1.64 1.71 4.05 0.27 1.41 16.54 1.098152 0 0.9708
1 20 car 0 0 -1.511705 31.526230 460.060944 109.998680 509.590881 1.75 1.86 4.20 -27.31 0.52 45.96 -2.043754 0 0.8552
2 4 car 0 0 1.226727 538.320557 336.735748 851.698792 665.705322 1.64 1.71 4.05 -1.22 1.40 11.21 1.131269 0 0.9611
2 11 car 0 0 1.447399 306.397156 467.376801 417.408630 534.358337 1.48 1.76 4.18 -11.68 0.96 33.47 1.102925 0 0.7179
2 13 car 0 0 0.977592 813.313232 476.706604 1130.522217 633.482361 1.64 1.71 4.05 1.52 1.45 14.02 1.099885 0 0.9838
2 20 car 0 0 -1.508280 30.375751 459.631409 110.332848 510.783813 1.75 1.86 4.20 -27.38 0.51 46.07 -2.040568 0 0.9949
3 4 car 0 0 1.015183 684.775513 446.950287 1287.928467 811.066406 1.64 1.71 4.05 0.74 1.46 6.95 1.148688 0 0.7926
3 11 car 0 0 1.426213 352.631012 428.861877 455.742981 538.288391 1.48 1.76 4.18 -9.61 1.15 29.48 1.111628 0 0.0793
3 13 car 0 0 0.853246 964.949768 492.870331 1357.137451 778.728821 1.64 1.71 4.05 2.82 1.51 11.26 1.119050 0 0.9761
3 20 car 0 0 -1.506318 33.375347 461.849243 111.507484 509.826324 1.75 1.86 4.20 -27.45 0.51 46.18 -2.037381 0 0.9967
4 1 car 0 0 1.446384 357.307709 460.273590 404.999573 507.219177 1.51 1.80 4.49 -18.77 0.69 54.65 1.115441 0 0.0589
4 13 car 0 0 0.721572 1153.362183 428.082733 1600.000000 852.672058 1.64 1.71 4.05 4.12 1.57 8.50 1.138188 0 0.5534
4 20 car 0 0 -1.502522 32.162224 459.471161 110.547264 509.104340 1.75 1.86 4.20 -27.52 0.50 46.28 -2.034223 0 0.9865
5 1 car 0 0 1.427709 374.822266 468.567505 440.031006 511.868896 1.51 1.80 4.49 -16.49 0.78 50.02 1.115439 0 0.9300
5 11 car 0 0 1.360792 430.997009 437.197418 580.391663 575.645935 1.48 1.76 4.18 -5.32 1.37 20.93 1.120301 0 0.9010
5 20 car 0 0 -1.498939 31.834570 459.289764 109.556282 507.171234 1.75 1.86 4.20 -27.59 0.49 46.39 -2.031027 0 0.9859
6 1 car 0 0 1.418921 384.121979 465.191895 455.264069 518.024170 1.51 1.80 4.49 -14.22 0.85 45.40 1.115447 0 0.9571
6 11 car 0 0 1.302351 495.739685 493.470459 670.552856 609.512268 1.48 1.76 4.18 -3.11 1.42 16.37 1.120310 0 0.1832
6 20 car 0 0 -1.494540 29.246353 459.788452 108.075134 507.364014 1.75 1.86 4.20 -27.60 0.49 46.43 -2.027820 0 0.9883
7 1 car 0 0 1.395490 411.012695 482.103668 492.949829 523.728943 1.51 1.80 4.49 -11.91 0.94 40.70 1.115401 0 0.7243
7 11 car 0 0 1.200235 586.971008 474.514252 894.397156 655.641174 1.48 1.76 4.18 -0.96 1.47 11.64 1.140623 0 0.9920
7 20 car 0 0 -1.493033 32.971779 459.028290 109.979233 507.587341 1.75 1.86 4.20 -27.61 0.50 46.47 -2.024664 0 0.9912
8 1 car 0 0 1.372575 438.711853 476.417389 527.607239 530.883728 1.51 1.80 4.49 -9.60 1.03 36.01 1.115369 0 0.9540
8 24 car 0 0 -1.529360 0.110183 468.847412 25.965620 554.403259 1.75 1.86 4.20 -15.38 0.92 22.56 -2.094585 0 0.8515
8 11 car 0 0 0.953673 787.301086 507.412048 1377.808228 834.548218 1.48 1.76 4.18 1.19 1.52 6.91 1.160922 0 0.9922
8 25 car 0 0 1.446006 358.059906 462.253204 415.027802 508.187622 1.50 1.75 4.45 -19.01 0.61 55.07 1.118875 0 0.8832
8 20 car 0 0 -1.488753 29.391226 459.385193 109.759270 507.776947 1.75 1.86 4.20 -27.62 0.50 46.50 -2.021498 0 0.9899
9 1 car 0 0 1.332137 478.461304 437.968445 594.880676 541.749512 1.51 1.80 4.49 -7.32 1.13 31.31 1.114845 0 0.8726
9 24 car 0 0 -1.558708 0.239310 456.413849 24.699421 537.140503 1.75 1.86 4.20 -18.81 0.83 28.16 -2.124254 0 0.9052
9 25 car 0 0 1.433066 370.241486 471.070770 429.122772 511.498566 1.50 1.75 4.45 -17.17 0.73 50.83 1.115268 0 0.9805
9 20 car 0 0 -1.484850 27.582699 462.144684 107.371887 508.959717 1.75 1.86 4.20 -27.66 0.51 46.52 -2.018823 0 0.9962
10 1 car 0 0 1.297117 524.494629 462.023865 631.273315 552.458191 1.51 1.80 4.49 -5.35 1.21 27.07 1.111060 0 0.1458
10 25 car 0 0 1.424907 365.741455 464.622864 438.104370 516.438171 1.50 1.75 4.45 -15.54 0.85 47.04 1.108706 0 0.9034
10 20 car 0 0 -1.478960 18.010715 459.711395 93.621078 508.972046 1.75 1.86 4.20 -28.03 0.54 46.38 -2.019729 0 0.9951
11 1 car 0 0 1.245367 564.422424 476.727936 734.204102 571.445679 1.51 1.80 4.49 -3.18 1.27 22.30 1.114292 0 0.9951
11 25 car 0 0 1.406316 374.806641 465.632660 458.674896 519.476562 1.50 1.75 4.45 -13.69 0.90 42.78 1.100720 0 0.9725
11 20 car 0 0 -1.474952 7.597293 457.472839 84.280952 505.977722 1.75 1.86 4.20 -28.51 0.46 46.69 -2.021433 0 0.9822
12 1 car 0 0 1.163080 658.867859 484.183807 874.785706 604.151672 1.51 1.80 4.49 -0.85 1.37 17.59 1.124061 0 0.9947
12 25 car 0 0 1.391025 395.307465 464.378143 476.592316 525.774841 1.50 1.75 4.45 -11.58 1.03 38.65 1.099285 0 0.9891
12 20 car 0 0 -1.470745 6.445597 460.018707 91.507919 506.201630 1.75 1.86 4.20 -28.60 0.49 47.00 -2.015473 0 0.9564
13 1 car 0 0 1.004010 805.032227 481.076050 1154.325195 647.357727 1.51 1.80 4.49 1.44 1.45 12.89 1.132335 0 0.9915
13 25 car 0 0 1.360141 418.370789 473.862885 519.080811 531.452820 1.50 1.75 4.45 -9.66 1.10 34.93 1.092306 0 0.9955
13 20 car 0 0 -1.468815 16.295853 459.977234 90.407906 505.248749 1.75 1.86 4.20 -28.75 0.49 47.30 -2.011012 0 0.9940
14 1 car 0 0 0.780078 1083.296387 487.368896 1545.854614 752.087463 1.51 1.80 4.49 3.52 1.53 8.13 1.154951 0 0.9097
14 25 car 0 0 1.322328 451.291809 470.401184 568.961670 541.515808 1.50 1.75 4.45 -7.75 1.16 31.21 1.085141 0 0.9706
14 20 car 0 0 -1.461650 4.990409 459.925476 91.715904 505.351166 1.75 1.86 4.20 -28.90 0.50 47.59 -2.006738 0 0.9731
15 24 car 0 0 -1.492257 0.917730 455.558655 35.169216 488.861359 1.75 1.86 4.20 -39.28 0.04 60.43 -2.054659 0 0.3043
15 25 car 0 0 1.290297 492.725952 470.766632 612.549500 549.971313 1.50 1.75 4.45 -5.86 1.21 27.57 1.085058 0 0.9629
15 20 car 0 0 -1.459352 12.763765 457.688171 90.674599 505.891907 1.75 1.86 4.20 -29.06 0.51 47.88 -2.002494 0 0.9969
16 25 car 0 0 1.243616 534.095825 474.822876 691.088379 563.844116 1.50 1.75 4.45 -3.99 1.27 23.92 1.084153 0 0.7869
16 20 car 0 0 -1.454246 8.491300 456.919708 89.139442 507.030273 1.75 1.86 4.20 -29.28 0.54 48.14 -1.999067 0 0.9956
17 25 car 0 0 1.073778 590.847412 471.284698 797.391235 580.788025 1.50 1.75 4.45 -2.17 1.33 20.40 0.977624 0 0.9725
17 20 car 0 0 -1.448734 2.263834 458.292267 67.095406 505.128296 1.75 1.86 4.20 -29.99 0.50 48.27 -2.001679 0 0.9950
18 25 car 0 0 0.859483 715.257080 480.757843 959.153015 606.084106 1.50 1.75 4.45 -0.24 1.35 17.30 0.876015 0 0.6355
18 20 car 0 0 -1.451455 0.083011 457.848572 53.874100 501.715485 1.75 1.86 4.20 -30.81 0.42 48.16 -2.008792 0 0.9941
19 25 car 0 0 0.555922 831.499817 486.310913 1216.968872 620.834473 1.50 1.75 4.45 2.11 1.44 15.01 0.718687 0 0.9615
19 20 car 0 0 -1.446659 0.753411 458.589539 54.258778 502.769318 1.75 1.86 4.20 -31.01 0.36 48.51 -2.003696 0 0.9906
20 25 car 0 0 0.201030 1056.269775 489.686890 1525.535156 646.738708 1.50 1.75 4.45 4.74 1.52 13.16 0.559613 0 0.9967
20 20 car 0 0 -1.441665 0.741282 458.857208 49.493183 502.041199 1.75 1.86 4.20 -31.78 0.36 49.40 -2.000059 0 0.9880
21 25 car 0 0 -0.068388 1280.083862 494.822296 1597.572876 654.161865 1.50 1.75 4.45 7.04 1.58 12.17 0.388511 0 0.9905
24 28 car 0 0 1.526019 40.264767 456.217560 108.118546 506.804993 1.52 1.90 4.75 -33.63 0.22 56.61 0.995984 0 0.0680
25 28 car 0 0 1.507241 54.444725 458.365875 104.225571 502.519257 1.52 1.90 4.75 -30.94 0.34 52.74 0.980235 0 0.7611
26 28 car 0 0 1.484037 53.714523 457.077393 120.073578 515.624390 1.52 1.90 4.75 -28.43 0.47 48.81 0.961501 0 0.7568
27 28 car 0 0 1.458430 70.432335 457.005066 127.334427 516.709290 1.52 1.90 4.75 -25.89 0.57 44.90 0.943032 0 0.5050
28 28 car 0 0 1.436265 62.731045 461.170074 149.096741 517.017273 1.52 1.90 4.75 -23.32 0.67 41.00 0.925080 0 0.9391
29 29 car 0 0 1.523437 52.544666 460.848114 95.622368 498.808655 1.64 1.85 4.49 -33.71 0.28 57.16 0.993338 0 0.5603
29 28 car 0 0 1.437203 80.768806 462.368103 170.203033 522.869690 1.52 1.90 4.75 -20.40 0.73 37.01 0.937852 0 0.9871
30 29 car 0 0 1.520365 55.213329 455.190552 102.875473 500.176910 1.64 1.85 4.49 -31.07 0.37 53.20 0.993187 0 0.6770
30 28 car 0 0 1.423292 135.427902 465.245850 202.472916 532.522461 1.52 1.90 4.75 -17.48 0.80 33.04 0.950773 0 0.9788
31 29 car 0 0 1.490035 58.495880 458.980469 128.434402 505.812439 1.64 1.85 4.49 -28.13 0.45 48.78 0.971404 0 0.9042
31 28 car 0 0 1.423583 135.836258 465.733643 242.696625 539.038513 1.52 1.90 4.75 -14.60 0.96 29.03 0.963865 0 0.9871
32 29 car 0 0 1.461132 62.662739 451.502808 147.744324 512.755554 1.64 1.85 4.49 -25.19 0.54 44.36 0.949520 0 0.4975
32 28 car 0 0 1.412349 153.993271 464.724304 300.165710 554.788513 1.52 1.90 4.75 -11.72 1.12 25.02 0.976894 0 0.9879
33 29 car 0 0 1.450243 88.642990 453.963318 172.039658 515.969177 1.64 1.85 4.49 -22.16 0.64 40.00 0.953851 0 0.5539
33 28 car 0 0 1.383417 197.818054 467.699219 370.271667 572.593872 1.52 1.90 4.75 -8.94 1.20 20.83 0.985569 0 0.9977
34 29 car 0 0 1.440650 114.319504 457.803619 191.684479 523.992493 1.64 1.85 4.49 -19.14 0.74 35.64 0.958197 0 0.1411
34 28 car 0 0 1.333530 263.460602 473.686646 475.211884 606.555786 1.52 1.90 4.75 -6.16 1.29 16.63 0.994265 0 0.9966
35 29 car 0 0 1.428736 123.400703 447.788239 220.943329 532.316467 1.64 1.85 4.49 -16.01 0.88 31.30 0.958235 0 0.8635
35 31 car 0 0 1.515611 58.181572 462.688873 115.746819 508.351959 1.28 1.85 4.70 -29.92 0.16 51.70 0.993116 0 0.1494
35 28 car 0 0 1.229057 356.896301 447.202179 669.876892 658.168457 1.52 1.90 4.75 -3.34 1.34 12.12 0.994304 0 0.9344
36 29 car 0 0 1.402396 149.331635 459.098175 277.936951 545.122681 1.64 1.85 4.49 -12.89 1.01 26.96 0.958249 0 0.9932
36 31 car 0 0 1.497801 53.861370 454.214172 121.356972 504.775848 1.28 1.85 4.70 -27.20 0.29 47.58 0.975689 0 0.4053
36 28 car 0 0 1.008372 517.892883 510.802338 1079.041260 795.735901 1.52 1.90 4.75 -0.51 1.39 7.61 0.994318 0 0.9613
37 29 car 0 0 1.365955 195.016739 460.415558 343.506622 563.685913 1.64 1.85 4.49 -9.77 1.15 22.63 0.958228 0 0.9972
37 31 car 0 0 1.462551 79.451454 463.772980 155.138168 514.808716 1.28 1.85 4.70 -24.48 0.43 43.45 0.958228 0 0.9706
37 28 car 0 0 0.672808 975.421753 537.151550 1600.000000 876.693604 1.52 1.90 4.75 2.29 1.50 2.77 1.029180 0 0.8992
38 29 car 0 0 1.307367 256.434601 461.335876 453.855713 592.110229 1.64 1.85 4.49 -6.70 1.23 18.12 0.958173 0 0.9931
38 31 car 0 0 1.478766 96.536331 464.253357 170.558533 520.423706 1.28 1.85 4.70 -20.86 0.59 37.99 0.984334 0 0.9943
39 29 car 0 0 1.207183 361.016724 459.489105 627.397888 649.433899 1.64 1.85 4.49 -3.63 1.31 13.61 0.958155 0 0.9961
39 31 car 0 0 1.495361 104.977043 464.139069 193.171188 527.609741 1.28 1.85 4.70 -17.37 0.74 32.43 1.010477 0 0.9972
