109 5 Car 0 0 -2.086134 873.920950 187.130316 982.119251 244.218665 1.507812 1.687051 4.041130 9.645580 1.969339 21.814435 -1.670485  
110 5 Car 0 0 -2.096287 863.383830 186.542931 971.945745 244.780494 1.507812 1.687051 4.041130 9.162753 1.943332 21.409208 -1.692713  
111 5 Car 0 0 -2.105593 852.403904 185.936597 961.413222 245.363981 1.507812 1.687051 4.041130 8.679926 1.917325 21.003980 -1.714695  
112 5 Car 0 0 -2.113713 840.951001 185.310324 950.503592 245.970495 1.507812 1.687051 4.041130 8.197099 1.891318 20.598752 -1.736133  
113 4 Car 0 1 -1.166220 0.000000 175.332718 251.622402 278.824334 1.523438 1.697113 4.518535 -8.507631 1.593847 11.655923 -1.756831  
113 5 Car 0 0 -2.124198 832.291545 184.754725 942.176599 246.709357 1.507812 1.687051 4.041130 7.801927 1.868010 20.193475 -1.756831  
114 4 Car 0 1 -1.178710 0.000000 175.050872 237.296742 285.963695 1.523438 1.697113 4.518535 -8.382176 1.587298 10.920564 -1.776138  
114 5 Car 0 0 -2.132788 823.247492 184.180181 933.536189 247.479467 1.507812 1.687051 4.041130 7.406756 1.844702 19.788199 -1.776138  
115 4 Car 0 1 -1.189283 0.000000 174.727899 221.107551 294.052748 1.523438 1.697113 4.518535 -8.256721 1.580750 10.185206 -1.794340  
115 5 Car 0 0 -2.142253 815.555169 184.805206 926.916975 249.995292 1.507812 1.687051 4.041130 7.041350 1.854915 19.312490 -1.794340  
116 4 Car 1 0 -1.198932 0.000000 174.353919 202.677739 303.296109 1.523438 1.697113 4.518535 -8.131265 1.574201 9.449847 -1.812576  
116 5 Car 0 0 -2.151246 807.440914 185.458126 919.988691 252.654286 1.507812 1.687051 4.041130 6.675945 1.865128 18.836781 -1.812576  
117 4 Car 1 0 -1.207737 0.000000 173.915607 181.521077 313.961308 1.523438 1.697113 4.518535 -8.005810 1.567653 8.714489 -1.831114  
117 5 Car 0 0 -2.159991 798.867300 186.140870 912.730433 255.468933 1.507812 1.687051 4.041130 6.310539 1.875342 18.361072 -1.831114  
117 6 Car 0 2 -2.058738 733.415259 186.048922 819.975391 238.560649 1.460938 1.583189 3.934669 5.096025 1.899656 22.712512 -1.831114  
118 4 Car 1 0 -1.214882 0.000000 173.394553 156.999607 326.405006 1.523438 1.697113 4.518535 -7.880355 1.561104 7.979130 -1.849369  
118 5 Car 0 0 -2.167853 789.792409 186.855545 905.119315 258.453215 1.507812 1.687051 4.041130 5.945134 1.885555 17.885363 -1.849369  
118 6 Car 0 2 -2.064922 723.038042 186.266361 812.047639 240.175092 1.460938 1.583189 3.934669 4.692560 1.897226 22.196363 -1.849369  
119 4 Car 1 0 -1.220267 0.000000 173.773990 127.762250 341.240976 1.523438 1.697113 4.518535 -7.783558 1.563773 7.278088 -1.867769  
119 5 Car 0 0 -2.175205 780.169129 187.604468 897.130224 261.622839 1.507812 1.687051 4.041130 5.579728 1.895768 17.409654 -1.867769  
119 6 Car 0 2 -2.070604 712.204008 186.493281 803.702466 241.874123 1.460938 1.583189 3.934669 4.289095 1.894795 21.680213 -1.867769  
120 4 Car 2 0 -1.223739 0.000000 174.670596 93.359460 348.593983 1.523438 1.697113 4.518535 -7.686761 1.566442 6.577045 -1.886235  
120 5 Car 0 0 -2.185357 772.847692 187.513285 891.278305 263.989382 1.507812 1.687051 4.041130 5.273482 1.883524 16.919287 -1.886235  
120 6 Car 0 2 -2.075659 700.880860 186.730317 794.907976 243.664551 1.460938 1.583189 3.934669 3.885630 1.892364 21.164064 -1.886235  
120 9 Car 0 1 -1.996341 657.556842 181.936063 721.097946 226.374997 1.596000 1.698089 3.562650 2.985247 1.961234 28.126936 -1.886235  
121 5 Car 0 0 -2.194795 765.044311 187.417851 885.106829 266.516273 1.507812 1.687051 4.041130 4.967236 1.871280 16.428920 -1.904541  
121 6 Car 0 2 -2.079806 689.033166 186.978162 785.628981 245.553940 1.460938 1.583189 3.934669 3.482166 1.889933 20.647915 -1.904541  
121 7 Car 0 1 -1.686209 414.115617 180.307435 484.830610 232.605500 1.500000 1.675028 4.026695 -5.058704 1.748989 23.013090 -1.904541  
121 9 Car 0 1 -1.998784 645.314038 181.518993 710.209639 226.856302 1.596000 1.698089 3.562650 2.481103 1.936886 27.572519 -1.904541  
122 5 Car 0 0 -2.203608 756.707389 187.317819 878.590476 269.220433 1.507812 1.687051 4.041130 4.660990 1.859036 15.938552 -1.922829  
122 6 Car 0 2 -2.083131 676.621958 187.237574 775.826559 247.550711 1.460938 1.583189 3.934669 3.078701 1.887502 20.131766 -1.922829  
122 7 Car 0 1 -1.681437 395.038028 180.648635 468.805998 234.666004 1.500000 1.675028 4.026695 -5.452760 1.752278 22.359097 -1.922829  
122 9 Car 0 1 -2.000508 632.590707 181.022925 698.850239 227.358056 1.596000 1.698089 3.562650 1.976960 1.912539 27.018102 -1.922829  
123 5 Car 0 0 -2.211820 747.777792 187.212809 871.701107 272.121252 1.507812 1.687051 4.041130 4.354745 1.846793 15.448185 -1.941191  
123 6 Car 0 2 -2.088994 665.793794 186.760508 768.183292 248.844589 1.460938 1.583189 3.934669 2.736864 1.861971 19.585411 -1.941191  
123 7 Car 0 1 -1.675606 374.681924 181.011813 451.905936 236.864349 1.500000 1.675028 4.026695 -5.846816 1.755566 21.705104 -1.941191  
123 9 Car 0 1 -2.001563 619.356894 180.489049 686.989828 227.881630 1.596000 1.698089 3.562650 1.472817 1.888191 26.463685 -1.941191  
124 5 Car 0 0 -2.219398 738.187413 187.102394 864.407353 275.241055 1.507812 1.687051 4.041130 4.048499 1.834549 14.957818 -1.959665  
124 6 Car 0 1 -2.094202 654.391035 186.259380 760.053796 250.220360 1.460938 1.583189 3.934669 2.395028 1.836440 19.039056 -1.959665  
124 7 Car 0 1 -1.668183 352.341220 181.422852 433.814397 239.436744 1.500000 1.675028 4.026695 -6.232901 1.758719 20.986494 -1.959665  
124 9 Car 0 1 -2.001951 605.580097 179.931867 674.595919 228.428520 1.596000 1.698089 3.562650 0.968673 1.863843 25.909268 -1.959665  
124 10 Car 0 2 -1.957084 577.652915 180.493082 637.740814 218.998489 1.524000 1.728591 3.894227 -0.202809 1.865769 30.982161 -1.959665  
125 5 Car 0 0 -2.230020 730.896947 186.330124 860.340586 278.114595 1.507812 1.687051 4.041130 3.797119 1.806937 14.419563 -1.977652  
125 6 Car 0 1 -2.098085 642.364931 185.732252 751.392617 251.686151 1.460938 1.583189 3.934669 2.053191 1.810909 18.492702 -1.977652  
125 7 Car 0 1 -1.658835 328.225633 181.821431 414.566357 242.213301 1.500000 1.675028 4.026695 -6.618987 1.761872 20.267884 -1.977652  
125 9 Car 0 1 -2.001029 591.224979 179.349852 661.633169 229.000360 1.596000 1.698089 3.562650 0.464530 1.839496 25.354851 -1.977652  
125 10 Car 0 2 -1.960161 566.200932 180.634046 627.673710 220.070483 1.524000 1.728591 3.894227 -0.653934 1.864488 30.306336 -1.977652  
126 5 Car 0 0 -2.239061 722.964630 185.506314 855.990091 281.249983 1.507812 1.687051 4.041130 3.545739 1.779326 13.881308 -1.994691  
126 6 Car 0 1 -2.100108 629.661031 185.176971 742.148507 253.251201 1.460938 1.583189 3.934669 1.711354 1.785379 17.946347 -1.994691  
126 7 Car 0 1 -1.648444 303.600220 182.214930 394.885056 244.888353 1.500000 1.675028 4.026695 -7.005057 1.765480 19.633874 -1.994691  
126 9 Car 0 1 -2.003411 579.925737 179.055387 651.777743 230.048879 1.596000 1.698089 3.562650 0.086422 1.824659 24.739589 -1.994691  
126 10 Car 0 2 -1.961616 554.246335 180.781696 617.126485 221.194805 1.524000 1.728591 3.894227 -1.105058 1.863208 29.630512 -1.994691  
126 14 Car 0 2 -1.921484 534.679031 183.598536 578.607630 214.005758 1.365956 1.508586 3.485915 -2.653718 1.896564 34.831527 -1.994691  
127 5 Car 0 0 -2.246052 714.299788 184.625548 851.326303 284.684880 1.507812 1.687051 4.041130 3.294360 1.751714 13.343053 -2.010396  
127 6 Car 0 1 -2.099801 616.218325 184.591140 732.263455 254.926061 1.460938 1.583189 3.934669 1.369518 1.759848 17.399992 -2.010396  
127 7 Car 0 1 -1.635013 275.615363 184.166450 374.832421 250.272099 1.500000 1.675028 4.026695 -7.338655 1.811952 18.851262 -2.010396  
127 9 Car 0 2 -2.003709 568.077237 178.745318 641.391953 231.155412 1.596000 1.698089 3.562650 -0.291686 1.809822 24.124327 -2.010396  
127 10 Car 0 2 -1.961028 541.754514 180.936505 606.064888 222.375373 1.524000 1.728591 3.894227 -1.556183 1.861927 28.954687 -2.010396  
127 14 Car 0 2 -1.922063 523.601554 183.334999 567.713697 214.348230 1.365956 1.508586 3.485915 -3.124155 1.873219 34.153126 -2.010396  
128 5 Car 0 0 -2.256887 712.374196 183.679578 852.205447 288.354092 1.507812 1.687051 4.041130 3.163470 1.724226 12.815722 -2.021917  
128 6 Car 0 1 -2.109055 612.333747 185.067739 732.851428 258.357130 1.460938 1.583189 3.934669 1.273391 1.762642 16.809908 -2.021917  
128 7 Car 0 1 -1.624350 253.596217 186.217196 359.534663 255.639984 1.500000 1.675028 4.026695 -7.534025 1.859040 18.179217 -2.021917  
128 9 Car 0 2 -1.999020 555.637878 178.418376 630.432500 232.324921 1.596000 1.698089 3.562650 -0.669794 1.794985 23.509066 -2.021917  
128 10 Car 0 2 -1.955504 528.687595 181.098998 594.451343 223.616510 1.524000 1.728591 3.894227 -2.007307 1.860647 28.278863 -2.021917  
128 14 Car 0 2 -1.917887 512.091710 183.061374 556.360558 214.705396 1.365956 1.508586 3.485915 -3.594592 1.849874 33.474725 -2.021917  
129 5 Car 0 0 -2.264233 710.270331 182.664764 853.137770 292.402326 1.507812 1.687051 4.041130 3.032580 1.696738 12.288390 -2.030031  
129 6 Car 0 1 -2.114756 608.192270 185.574944 733.484470 262.075381 1.460938 1.583189 3.934669 1.177264 1.765436 16.219823 -2.030031  
129 7 Car 0 1 -1.608969 229.647902 188.407397 343.193163 261.479099 1.500000 1.675028 4.026695 -7.729395 1.906128 17.507171 -2.030031  
129 9 Car 0 2 -1.999978 549.304077 179.593299 626.433286 235.025799 1.596000 1.698089 3.562650 -0.822440 1.825543 22.927458 -2.030031  
129 10 Car 0 2 -1.956310 522.550562 182.033039 589.990591 225.454209 1.524000 1.728591 3.894227 -2.176977 1.888670 27.747982 -2.030031  
129 14 Car 0 2 -1.918465 506.285305 184.490159 551.163639 216.924088 1.365956 1.508586 3.485915 -3.782531 1.910069 32.869018 -2.030031  
130 5 Car 0 0 -2.278271 713.745830 182.490351 862.614614 299.383394 1.507812 1.687051 4.041130 2.994795 1.685065 11.664496 -2.035594  
130 6 Car 0 1 -2.117745 603.767361 186.115806 734.168225 266.118440 1.460938 1.583189 3.934669 1.081137 1.768231 15.629738 -2.035594  
130 7 Car 0 1 -1.596129 210.068524 190.657178 330.621848 267.598768 1.500000 1.675028 4.026695 -7.805040 1.951351 16.860550 -2.035594  
130 9 Car 0 1 -1.998018 542.658408 180.832155 622.210551 237.881077 1.596000 1.698089 3.562650 -0.975086 1.856101 22.345850 -2.035594  
130 10 Car 0 2 -1.954289 516.184562 182.989854 585.345588 227.369527 1.524000 1.728591 3.894227 -2.346646 1.916692 27.217102 -2.035594  
130 11 Car 2 2 -1.666381 304.790953 190.206701 355.917841 233.759676 1.444000 1.595116 3.791789 -10.413430 2.122375 26.952817 -2.035594  
130 14 Car 0 2 -1.916222 500.269224 185.969521 545.763447 219.231361 1.365956 1.508586 3.485915 -3.970471 1.970264 32.263311 -2.035594  
131 5 Car 0 0 -2.290364 717.675906 182.298633 873.032892 307.348292 1.507812 1.687051 4.041130 2.957010 1.673391 11.040601 -2.038340  
131 6 Car 0 1 -2.117738 599.028699 186.693793 734.909322 270.530802 1.460938 1.583189 3.934669 0.985010 1.771025 15.039653 -2.038340  
131 7 Car 0 1 -1.579289 188.687897 193.064537 317.166382 274.282904 1.500000 1.675028 4.026695 -7.880686 1.996574 16.213928 -2.038340  
131 9 Car 0 2 -2.000414 541.470239 181.326418 622.892660 240.117924 1.596000 1.698089 3.562650 -0.962247 1.863274 21.743826 -2.038340  
131 10 Car 0 2 -1.949159 509.576219 183.884275 580.505064 229.367454 1.524000 1.728591 3.894227 -2.516316 1.944715 26.686222 -2.038340  
131 11 Car 2 2 -1.660218 294.919115 190.444515 350.956958 235.138587 1.444000 1.595116 3.791789 -10.444050 2.117685 26.349305 -2.038340  
131 14 Car 0 2 -1.910879 494.031869 187.502199 540.147856 221.632622 1.365956 1.508586 3.485915 -4.158410 2.030459 31.657605 -2.038340  
132 5 Car 0 0 -2.300537 722.155981 182.086901 884.540220 316.520757 1.507812 1.687051 4.041130 2.919225 1.661718 10.416706 -2.038152  
132 6 Car 0 0 -2.114602 593.941478 187.312867 735.715601 275.365482 1.460938 1.583189 3.934669 0.888883 1.773820 14.449569 -2.038152  
132 7 Car 0 1 -1.565486 171.869415 196.219158 309.369533 281.843350 1.500000 1.675028 4.026695 -7.854878 2.058684 15.647967 -2.038152  
132 9 Car 0 2 -1.999862 540.219647 181.851152 623.616453 242.494703 1.596000 1.698089 3.562650 -0.949408 1.870447 21.141801 -2.038152  
132 10 Car 0 2 -1.952635 511.891433 183.332657 583.517995 230.014445 1.524000 1.728591 3.894227 -2.361827 1.913223 26.012204 -2.038152  
132 11 Car 2 2 -1.650762 284.568244 190.693194 345.764860 236.584383 1.444000 1.595116 3.791789 -10.474670 2.112995 25.745794 -2.038152  
132 14 Car 0 2 -1.909868 492.899571 187.953213 540.073577 222.771689 1.365956 1.508586 3.485915 -4.115970 2.040032 31.116158 -2.038152  
133 5 Car 0 0 -2.316424 733.655394 181.694008 901.637717 326.545442 1.507812 1.687051 4.041130 2.958094 1.647834 9.814724 -2.035648  
133 6 Car 0 0 -2.120169 596.465573 186.053718 744.913555 278.472844 1.460938 1.583189 3.934669 0.943184 1.733345 13.809178 -2.035648  
133 7 Car 0 1 -1.548484 153.590473 199.581738 301.056688 290.061924 1.500000 1.675028 4.026695 -7.829071 2.120795 15.082007 -2.035648  
133 9 Car 0 2 -1.996979 538.901551 182.402688 624.385910 245.024968 1.596000 1.698089 3.562650 -0.936568 1.877620 20.539777 -2.035648  
133 10 Car 0 2 -1.953995 514.326361 182.753900 586.697697 230.697687 1.524000 1.728591 3.894227 -2.207339 1.881731 25.338187 -2.035648  
133 11 Car 2 2 -1.641690 278.745289 190.904579 340.501679 238.021532 1.444000 1.595116 3.791789 -10.420711 2.105750 25.142289 -2.035648  
133 14 Car 0 2 -1.906514 491.729046 188.419246 539.996108 223.953778 1.365956 1.508586 3.485915 -4.073530 2.049605 30.574712 -2.035648  
134 5 Car 0 0 -2.331525 746.949942 181.257106 921.067423 338.287889 1.507812 1.687051 4.041130 2.996962 1.633949 9.212741 -2.029942  
134 6 Car 0 0 -2.123384 599.207132 184.688800 755.149151 281.937344 1.460938 1.583189 3.934669 0.997486 1.692869 13.168787 -2.029942  
134 7 Car 0 1 -1.532684 139.532122 197.944933 296.360259 291.832339 1.500000 1.675028 4.026695 -7.715352 2.062768 14.536140 -2.029942  
134 9 Car 0 1 -1.996275 541.068981 180.204161 629.445955 244.925996 1.596000 1.698089 3.562650 -0.815982 1.813034 19.918347 -2.029942  
134 10 Car 0 2 -1.952369 516.889827 182.072728 590.059313 231.420365 1.524000 1.728591 3.894227 -2.052851 1.850238 24.664169 -2.029942  
134 11 Car 2 2 -1.629129 272.617960 191.125726 334.994004 239.534867 1.444000 1.595116 3.791789 -10.366752 2.098504 24.538784 -2.029942  
134 14 Car 0 2 -1.899928 490.518304 188.901061 539.915267 225.181370 1.365956 1.508586 3.485915 -4.031091 2.059178 30.033266 -2.029942  
135 5 Car 0 0 -2.360516 766.873724 180.282190 960.900393 353.246892 1.507812 1.687051 4.041130 3.087093 1.612753 8.546018 -2.021633  
135 6 Car 0 0 -2.130875 606.026094 183.057113 771.366555 285.427106 1.460938 1.583189 3.934669 1.127434 1.649685 12.547841 -2.021633  
135 7 Car 0 1 -1.513541 124.189882 196.197064 291.342699 293.764444 1.500000 1.675028 4.026695 -7.601633 2.004741 13.990272 -2.021633  
135 9 Car 0 1 -1.993304 543.365265 177.844173 634.861329 244.819890 1.596000 1.698089 3.562650 -0.695396 1.748448 19.296917 -2.021633  
135 10 Car 0 2 -1.948375 519.591566 181.344552 593.619859 232.186047 1.524000 1.728591 3.894227 -1.898363 1.818746 23.990151 -2.021633  
135 11 Car 2 2 -1.622923 273.810128 191.277407 337.379120 240.794044 1.444000 1.595116 3.791789 -10.097880 2.091627 24.048968 -2.021633  
135 14 Car 0 2 -1.900444 496.611178 185.855709 546.760514 222.566022 1.365956 1.508586 3.485915 -3.685314 1.913117 29.395300 -2.021633  
136 5 Car 0 0 -2.394451 790.840459 179.164870 1010.034124 371.696035 1.507812 1.687051 4.041130 3.177224 1.591556 7.879294 -2.011244  
136 6 Car 0 0 -2.138012 613.458627 180.928325 789.582659 289.354500 1.460938 1.583189 3.934669 1.257383 1.606500 11.926896 -2.011244  
136 7 Car 0 1 -1.491495 107.379244 194.326399 285.970033 295.881511 1.500000 1.675028 4.026695 -7.487914 1.946714 13.444405 -2.011244  
136 9 Car 0 1 -1.994377 550.264492 175.172009 644.512253 244.527664 1.596000 1.698089 3.562650 -0.467588 1.680464 18.681261 -2.011244  
136 10 Car 0 2 -1.945630 524.122203 179.114605 600.175083 231.153426 1.524000 1.728591 3.894227 -1.682119 1.745041 23.465583 -2.011244  
136 11 Car 0 2 -1.614727 275.056643 191.434894 339.855443 242.110492 1.444000 1.595116 3.791789 -9.829007 2.084749 23.559152 -2.011244  
136 14 Car 0 2 -1.899293 502.958472 182.683029 553.929164 219.826699 1.365956 1.508586 3.485915 -3.339537 1.767055 28.757335 -2.011244  
137 5 Car 0 0 -2.435204 820.209094 177.871348 1071.793336 374.000000 1.507812 1.687051 4.041130 3.267355 1.570359 7.212571 -1.998890  
137 6 Car 0 0 -2.145206 621.590968 178.212323 810.192161 293.807485 1.460938 1.583189 3.934669 1.387332 1.563315 11.305950 -1.998890  
137 7 Car 0 1 -1.471551 93.779149 194.913302 284.966633 301.585796 1.500000 1.675028 4.026695 -7.301819 1.943605 12.921454 -1.998890  
137 9 Car 0 1 -1.994293 557.592010 172.295613 654.891779 244.211920 1.596000 1.698089 3.562650 -0.239780 1.612480 18.065605 -1.998890  
137 10 Car 0 2 -1.941287 528.844488 176.773737 607.055981 230.068869 1.524000 1.728591 3.894227 -1.465875 1.671335 22.941015 -1.998890  
137 11 Car 0 2 -1.604662 276.361295 191.598527 342.428314 243.488207 1.444000 1.595116 3.791789 -9.560135 2.077871 23.069336 -1.998890  
137 14 Car 0 2 -1.896622 509.576309 179.000343 561.444896 216.954495 1.365956 1.508586 3.485915 -2.993760 1.620993 28.119369 -1.998890  
138 5 Car 0 0 -2.485794 857.024268 176.098214 1152.249013 374.000000 1.507812 1.687051 4.041130 3.357486 1.549162 6.545848 -1.984835  
138 6 Car 0 0 -2.156468 632.972137 178.795609 836.287394 303.262171 1.460938 1.583189 3.934669 1.546583 1.565398 10.646476 -1.984835  
138 7 Car 0 1 -1.449242 78.843399 195.543448 283.875628 307.857897 1.500000 1.675028 4.026695 -7.115723 1.940496 12.398503 -1.984835  
138 9 Car 0 1 -1.995678 566.909339 171.831513 667.857831 246.533663 1.596000 1.698089 3.562650 0.027678 1.602678 17.458079 -1.984835  
138 10 Car 0 2 -1.935632 533.770823 174.313467 614.287472 228.928371 1.524000 1.728591 3.894227 -1.249631 1.597630 22.416448 -1.984835  
138 11 Car 0 2 -1.594810 278.292707 191.703497 347.600398 244.927925 1.444000 1.595116 3.791789 -9.230859 2.068445 22.555360 -1.984835  
138 13 Car 0 2 -1.619368 307.169568 185.899998 359.746295 226.087101 1.422414 1.512803 3.707634 -10.762107 1.950111 28.166016 -1.984835  
138 14 Car 0 2 -1.895210 518.206903 178.283103 571.229319 217.145330 1.365956 1.508586 3.485915 -2.580594 1.589683 27.496960 -1.984835  
139 5 Car 0 0 -2.541434 904.511265 172.800475 1241.000000 374.000000 1.507812 1.687051 4.041130 3.447617 1.527966 5.879125 -1.970733  
139 6 Car 0 0 -2.171143 645.610445 179.475180 866.650257 314.274246 1.460938 1.583189 3.934669 1.705835 1.567482 9.987002 -1.970733  
139 7 Car 0 1 -1.426134 62.362904 196.221804 282.686679 314.787033 1.500000 1.675028 4.026695 -6.929628 1.937387 11.875551 -1.970733  
139 9 Car 0 1 -1.998157 576.831664 171.329809 681.871760 249.040661 1.596000 1.698089 3.562650 0.295136 1.592876 16.850552 -1.970733  
139 10 Car 0 2 -1.935202 542.594161 175.033601 625.228136 231.377755 1.524000 1.728591 3.894227 -0.924009 1.616367 21.796482 -1.970733  
139 11 Car 0 2 -1.585120 280.337760 191.813357 352.984572 246.438545 1.444000 1.595116 3.791789 -8.901584 2.059020 22.041383 -1.970733  
139 13 Car 0 2 -1.611932 311.610619 186.464083 366.304341 227.538638 1.422414 1.512803 3.707634 -10.355778 1.964566 27.662378 -1.970733  
139 14 Car 0 2 -1.894374 527.210610 177.529939 581.500549 217.345180 1.365956 1.508586 3.485915 -2.167428 1.558373 26.874551 -1.970733  
140 5 Car 1 0 -2.555694 965.563117 173.444209 1241.000000 374.000000 1.507812 1.687051 4.041130 3.518190 1.523520 5.188552 -1.955608  
140 6 Car 0 0 -2.188985 659.724277 180.276809 902.425998 327.262907 1.460938 1.583189 3.934669 1.865086 1.569565 9.327528 -1.955608  
140 7 Car 0 0 -1.401142 44.082422 196.954126 281.387806 322.482143 1.500000 1.675028 4.026695 -6.743532 1.934277 11.352600 -1.955608  
140 9 Car 0 1 -2.000874 587.419401 170.785731 697.066762 251.756028 1.596000 1.698089 3.562650 0.562594 1.583073 16.243026 -1.955608  
140 10 Car 0 2 -1.934576 551.888282 175.801189 636.876202 233.983542 1.524000 1.728591 3.894227 -0.598387 1.635104 21.176517 -1.955608  
140 11 Car 0 2 -1.574631 282.505605 191.928447 358.594942 248.025450 1.444000 1.595116 3.791789 -8.572309 2.049595 21.527407 -1.955608  
140 13 Car 0 2 -1.603754 316.239719 187.048087 373.082329 229.046030 1.422414 1.512803 3.707634 -9.949450 1.979020 27.158740 -1.955608  
140 14 Car 0 2 -1.892389 536.272843 180.714876 591.494325 221.456858 1.365956 1.508586 3.485915 -1.779458 1.664112 26.328279 -1.955608  
141 5 Car 1 0 -2.567961 1024.855917 173.996109 1241.000000 374.000000 1.507812 1.687051 4.041130 3.588762 1.519074 4.497980 -1.940423  
141 6 Car 0 0 -2.211899 675.585819 181.236367 945.209642 342.812622 1.460938 1.583189 3.934669 2.024338 1.571649 8.668054 -1.940423  
141 7 Car 0 0 -1.375102 23.687078 197.747127 279.965044 331.077666 1.500000 1.675028 4.026695 -6.557437 1.931168 10.829649 -1.940423  
141 9 Car 0 1 -2.002583 597.020507 170.992032 711.915366 255.955964 1.596000 1.698089 3.562650 0.788631 1.588985 15.565109 -1.940423  
141 10 Car 0 2 -1.934793 561.691521 176.621009 649.303194 236.761136 1.524000 1.728591 3.894227 -0.272764 1.653841 20.556552 -1.940423  
141 11 Car 0 2 -1.564324 284.806341 192.049134 364.446937 249.694581 1.444000 1.595116 3.791789 -8.243033 2.040170 21.013430 -1.940423  
141 13 Car 0 2 -1.595818 321.068206 187.653125 380.092200 230.612506 1.422414 1.512803 3.707634 -9.543121 1.993475 26.655103 -1.940423  
141 14 Car 0 2 -1.890929 545.691565 183.781298 601.945417 225.753618 1.365956 1.508586 3.485915 -1.391488 1.769852 25.782008 -1.940423  
142 5 Car 1 0 -2.580716 1085.210605 174.478338 1241.000000 374.000000 1.507812 1.687051 4.041130 3.659335 1.514628 3.807408 -1.926313  
142 6 Car 0 0 -2.242243 693.538728 182.082957 997.290857 361.763507 1.460938 1.583189 3.934669 2.183589 1.573732 8.008580 -1.926313  
142 7 Car 0 0 -1.347002 0.000000 197.697781 275.082171 339.994496 1.500000 1.675028 4.026695 -6.405541 1.910822 10.261510 -1.926313  
142 9 Car 0 1 -2.006927 607.399721 171.220283 728.303733 260.586483 1.596000 1.698089 3.562650 1.014668 1.594896 14.887192 -1.926313  
142 10 Car 0 2 -1.937066 572.046511 177.498505 662.590569 239.728031 1.524000 1.728591 3.894227 0.052858 1.672578 19.936587 -1.926313  
142 11 Car 0 2 -1.555353 287.251136 192.175821 370.557451 251.452517 1.444000 1.595116 3.791789 -7.913758 2.030745 20.499454 -1.926313  
142 13 Car 0 2 -1.589276 326.108306 188.280397 387.346801 232.241553 1.422414 1.512803 3.707634 -9.136792 2.007929 26.151465 -1.926313  
142 14 Car 0 2 -1.889476 554.107851 181.021671 611.827600 223.818920 1.365956 1.508586 3.485915 -1.043093 1.660802 25.145599 -1.926313  
143 5 Car 1 0 -2.598373 1161.393382 175.042007 1241.000000 374.000000 1.507812 1.687051 4.041130 3.729908 1.510182 3.116836 -1.911575  
143 6 Car 0 0 -2.275172 710.004219 182.708644 1058.227101 374.000000 1.460938 1.583189 3.934669 2.288183 1.573222 7.310347 -1.911575  
143 7 Car 0 0 -1.329659 0.000000 197.644218 269.704545 349.402099 1.500000 1.675028 4.026695 -6.253645 1.890475 9.693371 -1.911575  
143 9 Car 0 1 -2.012420 618.654783 171.474099 746.485980 265.717322 1.596000 1.698089 3.562650 1.240704 1.600807 14.209276 -1.911575  
143 10 Car 0 2 -1.939781 583.000820 178.439903 676.831517 242.904185 1.524000 1.728591 3.894227 0.378480 1.691314 19.316622 -1.911575  
143 11 Car 0 2 -1.546037 289.852378 192.308950 376.945043 253.306558 1.444000 1.595116 3.791789 -7.584483 2.021319 19.985477 -1.911575  
143 13 Car 0 2 -1.582446 331.373226 188.931196 394.859978 233.936939 1.422414 1.512803 3.707634 -8.730464 2.022384 25.647828 -1.911575  
143 14 Car 0 2 -1.888122 562.962932 181.631263 622.305580 225.630587 1.365956 1.508586 3.485915 -0.693419 1.672750 24.507926 -1.911575  
144 6 Car 0 0 -2.318323 729.145084 183.436177 1136.833908 374.000000 1.460938 1.583189 3.934669 2.392777 1.572713 6.612114 -1.896924  
144 7 Car 0 0 -1.312136 0.000000 197.585782 263.754992 360.399248 1.500000 1.675028 4.026695 -6.101750 1.870129 9.125231 -1.896924  
144 9 Car 0 1 -2.020032 630.900562 171.757932 766.775313 271.434137 1.596000 1.698089 3.562650 1.466741 1.606718 13.531359 -1.896924  
144 10 Car 0 2 -1.939820 591.830839 177.326996 689.228092 244.333091 1.524000 1.728591 3.894227 0.628769 1.659900 18.651451 -1.896924  
144 11 Car 0 2 -1.533942 290.000108 191.216317 381.021525 253.928660 1.444000 1.595116 3.791789 -7.306895 1.973841 19.422091 -1.896924  
144 13 Car 0 2 -1.573864 335.572691 188.010488 400.419654 233.955241 1.422414 1.512803 3.707634 -8.366892 1.975433 25.085194 -1.896924  
144 14 Car 0 2 -1.887589 572.256233 182.187587 633.390322 227.545681 1.365956 1.508586 3.485915 -0.343746 1.684698 23.870253 -1.896924  
145 6 Car 0 0 -2.375140 751.667392 184.292688 1241.000000 374.000000 1.460938 1.583189 3.934669 2.497372 1.572203 5.913880 -1.883077  
145 7 Car 0 0 -1.295108 0.000000 197.521676 257.139475 373.421613 1.500000 1.675028 4.026695 -5.949854 1.849782 8.557092 -1.883077  
145 9 Car 0 1 -2.030784 644.272990 172.077335 789.562276 277.843326 1.596000 1.698089 3.562650 1.692777 1.612629 12.853442 -1.883077  
145 10 Car 0 2 -1.941762 601.247578 176.120757 702.656033 245.878478 1.524000 1.728591 3.894227 0.879059 1.628486 17.986280 -1.883077  
145 11 Car 0 2 -1.522798 290.168045 190.064279 385.313752 254.590249 1.444000 1.595116 3.791789 -7.029307 1.926363 18.858704 -1.883077  
145 13 Car 0 2 -1.566389 339.981840 187.050471 406.215752 233.974235 1.422414 1.512803 3.707634 -8.003320 1.928483 24.522561 -1.883077  
145 14 Car 0 2 -1.888647 582.020997 182.762312 645.136284 229.573300 1.365956 1.508586 3.485915 0.005928 1.696646 23.232580 -1.883077  
146 6 Car 1 0 -2.376598 778.549821 185.315889 1241.000000 374.000000 1.460938 1.583189 3.934669 2.601966 1.571693 5.215647 -1.870176  
146 7 Car 0 0 -1.278667 0.000000 197.450919 249.742217 374.000000 1.500000 1.675028 4.026695 -5.797958 1.829436 7.988953 -1.870176  
146 9 Car 0 0 -2.040635 655.750592 170.040580 811.762893 282.780965 1.596000 1.698089 3.562650 1.860389 1.583684 12.163682 -1.870176  
146 10 Car 0 2 -1.945871 611.311055 174.808984 717.250456 247.555283 1.524000 1.728591 3.894227 1.129349 1.597071 17.321109 -1.870176  
146 11 Car 0 2 -1.512763 290.358441 188.847773 389.839967 255.295331 1.444000 1.595116 3.791789 -6.751719 1.878885 18.295317 -1.870176  
146 13 Car 0 2 -1.558901 342.778311 185.487956 412.053064 233.377448 1.422414 1.512803 3.707634 -7.665528 1.861270 23.940039 -1.870176  
146 14 Car 0 2 -1.891502 592.293925 183.367349 657.604629 231.723639 1.365956 1.508586 3.485915 0.355602 1.708595 22.594907 -1.870176  
147 6 Car 1 0 -2.380536 811.189317 186.559775 1241.000000 374.000000 1.460938 1.583189 3.934669 2.706560 1.571184 4.517414 -1.856984  
147 7 Car 1 0 -1.258486 0.000000 198.375664 235.037496 374.000000 1.500000 1.675028 4.026695 -5.712203 1.821298 7.393239 -1.856984  
147 9 Car 0 0 -2.052926 668.415539 167.712039 837.137286 288.414453 1.596000 1.698089 3.562650 2.028000 1.554739 11.473922 -1.856984  
147 10 Car 0 2 -1.951047 622.089791 173.377258 733.171105 249.381115 1.524000 1.728591 3.894227 1.379638 1.565657 16.655938 -1.856984  
147 11 Car 0 2 -1.498808 286.908817 187.681196 392.035951 256.482016 1.444000 1.595116 3.791789 -6.525227 1.833359 17.667117 -1.856984  
147 13 Car 0 2 -1.551409 345.740393 183.852412 418.152298 232.746846 1.422414 1.512803 3.707634 -7.327736 1.794057 23.357517 -1.856984  
147 14 Car 0 2 -1.892327 601.285077 179.330651 668.858344 228.918203 1.365956 1.508586 3.485915 0.645788 1.575658 21.920870 -1.856984  
148 6 Car 1 0 -2.385099 843.345586 187.892185 1241.000000 374.000000 1.460938 1.583189 3.934669 2.742628 1.568411 3.795580 -1.844994  
148 7 Car 1 0 -1.238625 0.000000 199.427198 218.304083 374.000000 1.500000 1.675028 4.026695 -5.626449 1.813160 6.797524 -1.844994  
148 9 Car 0 0 -2.070005 682.689393 165.014429 866.729576 294.888063 1.596000 1.698089 3.562650 2.199600 1.525667 10.784448 -1.844994  
148 10 Car 0 2 -1.958943 633.662374 171.808404 750.608247 251.376873 1.524000 1.728591 3.894227 1.629928 1.534242 15.990767 -1.844994  
148 11 Car 0 1 -1.485976 283.187502 186.436901 394.370846 257.764658 1.444000 1.595116 3.791789 -6.298735 1.787832 17.038916 -1.844994  
148 13 Car 0 1 -1.545432 348.881834 182.138431 424.532493 232.079723 1.422414 1.512803 3.707634 -6.989944 1.726844 22.774995 -1.844994  
148 14 Car 0 2 -1.895244 610.800446 174.670112 680.893483 225.919330 1.365956 1.508586 3.485915 0.935975 1.442721 21.246833 -1.844994  
149 6 Car 1 0 -2.394662 884.677060 189.605288 1241.000000 374.000000 1.460938 1.583189 3.934669 2.778696 1.565639 3.073746 -1.833755  
149 7 Car 1 0 -1.218453 0.000000 200.633478 199.093602 374.000000 1.500000 1.675028 4.026695 -5.540694 1.805022 6.201810 -1.833755  
149 9 Car 0 0 -2.087002 695.368853 166.025687 897.222038 307.025832 1.596000 1.698089 3.562650 2.315374 1.545154 10.072460 -1.833755  
149 10 Car 0 2 -1.964091 642.246632 172.674820 766.028824 256.490782 1.524000 1.728591 3.894227 1.793479 1.551362 15.281022 -1.833755  
149 11 Car 0 2 -1.472007 277.901133 187.718367 395.157913 262.379373 1.444000 1.595116 3.791789 -6.114319 1.809270 16.431840 -1.833755  
149 13 Car 0 2 -1.534372 348.084250 183.333887 425.613634 234.973170 1.422414 1.512803 3.707634 -6.798607 1.759077 22.177755 -1.833755  
149 14 Car 0 2 -1.895718 618.095056 176.335872 690.554930 229.460850 1.365956 1.508586 3.485915 1.139928 1.484550 20.561188 -1.833755  
150 6 Car 1 0 -2.410866 939.756757 191.889486 1241.000000 374.000000 1.460938 1.583189 3.934669 2.814765 1.562867 2.351912 -1.823061  
150 7 Car 1 0 -1.197538 0.000000 202.031334 176.815126 374.000000 1.500000 1.675028 4.026695 -5.454939 1.796885 5.606096 -1.823061  
150 9 Car 0 0 -2.108847 709.656780 167.229106 933.479597 321.420944 1.596000 1.698089 3.562650 2.431149 1.564641 9.360472 -1.823061  
150 10 Car 0 1 -1.971390 651.565818 173.639314 783.187401 262.176848 1.524000 1.728591 3.894227 1.957031 1.568481 14.571276 -1.823061  
150 11 Car 0 2 -1.458345 272.163015 189.088070 395.995083 267.393665 1.444000 1.595116 3.791789 -5.929903 1.830707 15.824764 -1.823061  
150 13 Car 0 2 -1.523861 347.238281 184.590010 426.749627 238.042512 1.422414 1.512803 3.707634 -6.607269 1.791310 21.580515 -1.823061  
150 14 Car 0 2 -1.897542 625.850592 178.129107 700.949453 233.267597 1.365956 1.508586 3.485915 1.343880 1.526379 19.875544 -1.823061  
151 6 Car 1 0 -2.437342 1016.802489 196.056347 1241.000000 374.000000 1.460938 1.583189 3.934669 2.850833 1.560095 1.630079 -1.813470  
151 7 Car 1 0 -1.176145 0.000000 203.670285 150.673614 374.000000 1.500000 1.675028 4.026695 -5.369185 1.788747 5.010382 -1.813470  
151 9 Car 0 0 -2.133479 723.318347 167.335491 974.034627 337.083241 1.596000 1.698089 3.562650 2.518459 1.571081 8.663837 -1.813470  
151 10 Car 0 2 -1.981640 661.718159 174.719469 802.396054 268.536724 1.524000 1.728591 3.894227 2.120583 1.585601 13.861530 -1.813470  
151 11 Car 0 2 -1.445518 265.912027 190.555482 396.887681 272.861729 1.444000 1.595116 3.791789 -5.745487 1.852144 15.217688 -1.813470  
151 13 Car 0 2 -1.514457 346.339381 185.911539 427.944761 241.304290 1.422414 1.512803 3.707634 -6.415932 1.823542 20.983275 -1.813470  
151 14 Car 0 2 -1.901359 634.111891 180.064941 712.164217 237.370441 1.365956 1.508586 3.485915 1.547833 1.568208 19.189900 -1.813470  
152 6 Car 1 0 -2.480000 1132.211786 203.144150 1241.000000 374.000000 1.460938 1.583189 3.934669 2.886901 1.557323 0.908245 -1.805415  
152 7 Car 1 0 -1.150636 0.000000 207.677017 111.164337 374.000000 1.500000 1.675028 4.026695 -5.322616 1.796841 4.369837 -1.805415  
152 9 Car 0 0 -2.165651 738.918522 167.466258 1023.766541 356.249322 1.596000 1.698089 3.562650 2.605769 1.577522 7.967202 -1.805415  
152 10 Car 0 2 -1.992072 670.569984 176.025958 821.081197 275.812224 1.524000 1.728591 3.894227 2.236975 1.604095 13.149017 -1.805415  
152 11 Car 0 1 -1.431138 256.396586 192.432191 395.894110 279.324714 1.444000 1.595116 3.791789 -5.602225 1.880166 14.598558 -1.805415  
152 13 Car 0 1 -1.506593 345.382414 187.303718 429.203781 244.777187 1.422414 1.512803 3.707634 -6.224595 1.855775 20.386035 -1.805415  
152 14 Car 0 2 -1.907693 642.929811 181.940903 724.300748 241.805234 1.365956 1.508586 3.485915 1.751786 1.610038 18.504256 -1.805415  
153 9 Car 0 0 -2.205924 756.900536 167.630718 1086.145857 374.000000 1.596000 1.698089 3.562650 2.693079 1.583962 7.270567 -1.797836  
153 10 Car 0 2 -2.005123 680.294919 177.511028 842.313244 284.070033 1.524000 1.728591 3.894227 2.353367 1.622590 12.436503 -1.797836  
153 11 Car 0 2 -1.416643 245.920800 194.456182 394.817829 286.444967 1.444000 1.595116 3.791789 -5.458963 1.908188 13.979427 -1.797836  
153 13 Car 0 0 -1.499209 344.361560 188.772369 430.531955 248.482384 1.422414 1.512803 3.707634 -6.033258 1.888008 19.788795 -1.797836  
153 14 Car 0 2 -1.915593 652.362288 183.789605 737.478033 246.613864 1.365956 1.508586 3.485915 1.955738 1.651867 17.818612 -1.797836  
