1 0 Car 1 0 -2.127794 880.106634 190.173318 1241.000000 374.000000 1.381664 1.510562 4.101504 3.388173 1.539172 5.048745 -1.569162  
1 2 Car 0 0 -1.171188 285.843327 175.734031 326.595526 196.783746 1.411824 1.480149 3.630527 -21.343011 1.634904 50.756371 -1.569162  
2 0 Car 1 0 -2.118877 866.581546 189.734306 1241.000000 374.000000 1.381664 1.510562 4.101504 3.368369 1.541552 5.338661 -1.567013  
2 2 Car 0 0 -1.161806 278.933162 176.461573 321.186012 198.036447 1.411824 1.480149 3.630527 -21.264865 1.678346 49.568205 -1.567013  
3 0 Car 1 0 -2.111218 854.066047 189.328905 1241.000000 374.000000 1.381664 1.510562 4.101504 3.348566 1.543931 5.628578 -1.565667  
3 2 Car 0 0 -1.152918 271.670578 177.226240 315.520329 199.353063 1.411824 1.480149 3.630527 -21.186720 1.721789 48.380038 -1.565667  
4 0 Car 0 0 -2.104199 842.451378 188.953397 1241.000000 374.000000 1.381664 1.510562 4.101504 3.328762 1.546310 5.918494 -1.564551  
4 2 Car 0 0 -1.143931 264.027908 178.030947 309.579840 200.738615 1.411824 1.480149 3.630527 -21.108574 1.765232 47.191872 -1.564551  
5 0 Car 0 0 -2.097745 831.643863 188.604595 1241.000000 374.000000 1.381664 1.510562 4.101504 3.308958 1.548690 6.208410 -1.563627  
5 2 Car 0 0 -1.134786 255.974510 178.878923 303.344058 202.198660 1.411824 1.480149 3.630527 -21.030428 1.808674 46.003706 -1.563627  
6 0 Car 0 0 -2.091942 821.333837 187.337916 1241.000000 374.000000 1.381664 1.510562 4.101504 3.286537 1.540383 6.521717 -1.563133  
6 2 Car 0 0 -1.124433 246.346775 179.705091 295.689001 203.661121 1.411824 1.480149 3.630527 -21.029748 1.848203 44.833062 -1.563133  
6 3 Car 0 1 -1.155749 276.432623 179.030816 319.963003 199.372952 1.315632 1.513865 3.547118 -21.157471 1.747549 49.022464 -1.563133  
7 0 Car 0 0 -2.081183 811.756294 186.753052 1230.610208 374.000000 1.381664 1.510562 4.101504 3.264193 1.539405 6.834948 -1.562751  
7 2 Car 0 0 -1.113756 236.180418 180.577446 287.639985 205.205428 1.411824 1.480149 3.630527 -21.029068 1.887731 43.662418 -1.562751  
7 3 Car 0 2 -1.146662 268.118532 180.809344 313.319919 201.691683 1.315632 1.513865 3.547118 -21.138959 1.851869 47.835150 -1.562751  
8 0 Car 0 0 -2.054385 802.878261 189.891797 1190.147643 374.000000 1.381664 1.510562 4.101504 3.242347 1.585594 7.147685 -1.562129  
8 2 Car 0 0 -1.102880 225.901754 179.255363 279.596515 204.588404 1.411824 1.480149 3.630527 -21.003027 1.800589 42.494195 -1.562129  
8 3 Car 0 2 -1.137123 259.511322 179.652510 306.484713 201.070939 1.315632 1.513865 3.547118 -21.112441 1.765919 46.650139 -1.562129  
9 0 Car 0 0 -2.029755 794.483870 185.445058 1154.319055 374.000000 1.381664 1.510562 4.101504 3.219470 1.534087 7.461444 -1.561602  
9 2 Car 0 1 -1.091628 215.015309 177.855164 271.117588 203.934880 1.411824 1.480149 3.630527 -20.976986 1.713447 41.325971 -1.561602  
9 3 Car 0 2 -1.127288 250.437366 178.418814 299.306604 200.416521 1.315632 1.513865 3.547118 -21.085924 1.679968 45.465128 -1.561602  
10 0 Car 0 0 -2.013265 788.209778 185.668133 1131.214288 369.712004 1.381664 1.510562 4.101504 3.191573 1.540673 7.667828 -1.561457  
10 2 Car 0 2 -1.080255 203.465534 176.369717 262.166859 203.241519 1.411824 1.480149 3.630527 -20.950945 1.626305 40.157748 -1.561457  
10 3 Car 0 2 -1.117420 240.857641 177.116362 291.759123 199.725613 1.315632 1.513865 3.547118 -21.059406 1.594017 44.280117 -1.561457  
11 0 Car 0 0 -1.990106 782.252432 183.442241 1098.272028 353.478189 1.381664 1.510562 4.101504 3.208640 1.516513 8.073921 -1.560346  
11 2 Car 0 2 -1.069179 192.891357 177.627758 254.344016 205.332699 1.411824 1.480149 3.630527 -20.844275 1.685586 39.007356 -1.560346  
11 3 Car 0 2 -1.106145 230.728648 175.739243 283.813008 198.995077 1.315632 1.513865 3.547118 -21.032889 1.508066 43.095106 -1.560346  
12 0 Car 0 0 -1.972372 778.103109 183.280152 1076.606969 345.133950 1.381664 1.510562 4.101504 3.220351 1.518550 8.372974 -1.557495  
12 2 Car 0 1 -1.055867 181.643434 178.966173 246.066814 207.557218 1.411824 1.480149 3.630527 -20.737605 1.744866 37.856964 -1.557495  
12 3 Car 0 1 -1.094970 222.158522 177.228977 277.446773 201.135395 1.315632 1.513865 3.547118 -20.916988 1.586613 41.973154 -1.557495  
13 0 Car 0 0 -1.954902 774.175909 182.388094 1056.868653 336.337349 1.381664 1.510562 4.101504 3.231946 1.509560 8.672142 -1.553842  
13 2 Car 0 0 -1.041222 169.655240 180.392916 237.294494 209.928249 1.411824 1.480149 3.630527 -20.630935 1.804147 36.706573 -1.553842  
13 3 Car 0 1 -1.082607 213.097505 178.804366 270.744674 203.398413 1.315632 1.513865 3.547118 -20.801087 1.665161 40.851201 -1.553842  
14 0 Car 0 0 -1.939060 770.452133 180.770478 1038.807942 327.059544 1.381664 1.510562 4.101504 3.243415 1.488704 8.971434 -1.550864  
14 2 Car 0 0 -1.026680 156.851198 181.790196 227.981275 212.460756 1.411824 1.480149 3.630527 -20.524265 1.863427 35.556181 -1.550864  
14 3 Car 0 1 -1.070506 203.502164 180.473014 263.679422 205.794990 1.315632 1.513865 3.547118 -20.685186 1.743709 39.729248 -1.550864  
15 0 Car 0 0 -1.924097 766.996705 184.755332 1022.380647 327.287381 1.381664 1.510562 4.101504 3.255802 1.554745 9.269818 -1.547762  
15 2 Car 0 0 -1.011401 143.145073 183.252455 218.075549 215.171816 1.411824 1.480149 3.630527 -20.417595 1.922708 34.405789 -1.547762  
15 3 Car 0 1 -1.057840 193.323787 182.092349 256.220693 208.337308 1.315632 1.513865 3.547118 -20.569286 1.822257 38.607295 -1.547762  
16 0 Car 0 0 -1.907890 762.166600 184.018914 1004.048751 320.001880 1.381664 1.510562 4.101504 3.248616 1.548157 9.593708 -1.545513  
16 2 Car 0 0 -0.995849 127.899877 183.340381 207.128768 216.410977 1.411824 1.480149 3.630527 -20.348354 1.910880 33.281701 -1.545513  
16 3 Car 0 1 -1.045556 182.507553 183.797888 248.334686 211.039075 1.315632 1.513865 3.547118 -20.453385 1.900804 37.485343 -1.545513  
17 0 Car 0 0 -1.893059 757.598223 183.322205 987.219927 313.318193 1.381664 1.510562 4.101504 3.241430 1.541569 9.917599 -1.543710  
17 2 Car 0 0 -0.980039 111.530595 183.434150 195.454292 217.741592 1.411824 1.480149 3.630527 -20.279112 1.899051 32.157612 -1.543710  
17 3 Car 0 1 -1.036322 174.138470 183.745482 242.723974 211.843824 1.315632 1.513865 3.547118 -20.204109 1.881437 36.389581 -1.543710  
18 0 Car 0 0 -1.879460 753.270861 182.662079 971.716594 307.164709 1.381664 1.510562 4.101504 3.234244 1.534981 10.241490 -1.542296  
18 2 Car 0 0 -0.963861 93.908079 183.534365 182.977115 219.174174 1.411824 1.480149 3.630527 -20.209870 1.887222 31.033523 -1.542296  
18 3 Car 0 1 -1.022035 160.144694 183.880170 232.223628 212.935396 1.315632 1.513865 3.547118 -20.174193 1.871423 35.266377 -1.542296  
19 0 Car 0 0 -1.866648 749.165932 182.035727 957.388089 301.480746 1.381664 1.510562 4.101504 3.227057 1.528394 10.565380 -1.540905  
19 2 Car 0 0 -0.946894 74.882615 183.641712 169.611564 220.720910 1.411824 1.480149 3.630527 -20.140628 1.875394 29.909435 -1.540905  
19 3 Car 0 1 -1.007122 145.181023 184.023285 221.066052 214.102658 1.315632 1.513865 3.547118 -20.144277 1.861408 34.143174 -1.540905  
20 0 Car 0 0 -1.854744 745.266716 181.440622 944.105744 296.214541 1.381664 1.510562 4.101504 3.219871 1.521806 10.889271 -1.539726  
20 2 Car 0 0 -0.929266 54.279643 183.756980 155.259315 222.396012 1.411824 1.480149 3.630527 -20.071387 1.863565 28.785347 -1.539726  
20 3 Car 0 1 -0.991727 129.142998 184.175644 209.187550 215.353766 1.315632 1.513865 3.547118 -20.114360 1.851394 33.019970 -1.539726  
21 0 Car 0 0 -1.841372 740.419976 181.936285 930.040288 292.498576 1.381664 1.510562 4.101504 3.201323 1.535155 11.244542 -1.538247  
21 2 Car 0 0 -0.909989 31.614639 183.873678 139.181694 224.153299 1.411824 1.480149 3.630527 -20.045644 1.851917 27.696963 -1.538247  
21 3 Car 0 1 -0.975290 111.910604 184.338171 196.515921 216.698091 1.315632 1.513865 3.547118 -20.084444 1.841379 31.896767 -1.538247  
22 0 Car 0 0 -1.829027 735.824881 182.406141 917.021897 289.058732 1.381664 1.510562 4.101504 3.182775 1.548505 11.599813 -1.537058  
22 1 Car 2 0 -2.236481 1192.179611 167.565265 1241.000000 374.000000 1.598096 1.659369 3.553793 3.804984 1.548693 1.912986 -1.537058  
22 2 Car 0 0 -0.887517 3.687565 184.018944 119.442866 226.275202 1.411824 1.480149 3.630527 -20.040288 1.839331 26.498292 -1.537058  
22 3 Car 0 1 -0.957387 92.303094 186.719837 182.035971 220.644767 1.315632 1.513865 3.547118 -20.086134 1.930707 30.757746 -1.537058  
23 0 Car 0 0 -1.817227 731.462340 182.852153 904.937823 285.865333 1.381664 1.510562 4.101504 3.164227 1.561854 11.955084 -1.535743  
23 1 Car 1 0 -2.216603 1147.132426 165.750009 1241.000000 374.000000 1.598096 1.659369 3.553793 3.795752 1.543344 2.210502 -1.535743  
23 2 Car 0 0 -0.876127 0.000000 184.162121 100.028218 228.131557 1.411824 1.480149 3.630527 -20.039124 1.828005 25.415846 -1.535743  
23 3 Car 0 2 -0.939145 71.863905 185.823194 167.183955 221.018626 1.315632 1.513865 3.547118 -20.059349 1.869820 29.620467 -1.535743  
24 0 Car 0 0 -1.807126 727.315147 183.276094 893.690943 282.892808 1.381664 1.510562 4.101504 3.145678 1.575204 12.310354 -1.535515  
24 1 Car 1 0 -2.199932 1108.345956 163.931183 1241.000000 374.000000 1.598096 1.659369 3.553793 3.786520 1.537996 2.508019 -1.535515  
24 2 Car 0 0 -0.865499 0.000000 184.343243 75.798369 229.562243 1.411824 1.480149 3.630527 -20.063821 1.815689 24.212665 -1.535515  
24 3 Car 0 2 -0.921048 49.685630 184.859165 151.215252 221.424312 1.315632 1.513865 3.547118 -20.032565 1.808933 28.483189 -1.535515  
25 0 Car 0 0 -1.797793 723.367754 183.679563 883.197145 280.119007 1.381664 1.510562 4.101504 3.127130 1.588554 12.665625 -1.535492  
25 1 Car 1 0 -2.185250 1074.599820 162.108327 1241.000000 374.000000 1.598096 1.659369 3.553793 3.777288 1.532647 2.805535 -1.535492  
25 2 Car 2 3 -0.855137 0.000000 184.527133 51.311306 229.507264 1.411824 1.480149 3.630527 -20.095492 1.804519 23.111986 -1.535492  
25 3 Car 0 2 -0.902145 25.536449 183.819859 133.999001 221.866068 1.315632 1.513865 3.547118 -20.005780 1.748047 27.345910 -1.535492  
26 0 Car 0 0 -1.788627 719.523371 184.223991 872.601668 277.534834 1.381664 1.510562 4.101504 3.107886 1.605665 13.045118 -1.535683  
26 1 Car 1 0 -2.172295 1044.971485 160.280979 1241.000000 374.000000 1.598096 1.659369 3.553793 3.768056 1.527298 3.103051 -1.535683  
26 3 Car 0 1 -0.882745 0.000000 182.696100 115.383064 222.340425 1.315632 1.513865 3.547118 -19.978996 1.687160 26.208631 -1.535683  
27 0 Car 0 0 -1.777103 714.011516 184.733611 860.225031 275.128044 1.381664 1.510562 4.101504 3.048608 1.622568 13.422626 -1.535813  
27 1 Car 1 0 -2.160574 1018.750578 158.448671 1241.000000 374.000000 1.598096 1.659369 3.553793 3.758824 1.521949 3.400567 -1.535813  
27 3 Car 0 1 -0.873164 0.000000 184.320965 93.002039 225.858209 1.315632 1.513865 3.547118 -20.012190 1.731695 25.043980 -1.535813  
28 0 Car 0 0 -1.768040 709.668553 185.222968 849.846339 272.874114 1.381664 1.510562 4.101504 3.009346 1.639574 13.801126 -1.536392  
28 1 Car 1 0 -2.150638 995.857237 156.209442 1241.000000 374.000000 1.598096 1.659369 3.553793 3.758783 1.514456 3.707490 -1.536392  
28 3 Car 1 1 -0.863315 0.000000 186.093163 68.590501 228.538400 1.315632 1.513865 3.547118 -20.045384 1.776230 23.879330 -1.536392  
29 0 Car 0 0 -1.759151 705.528183 185.689551 840.113948 270.761085 1.381664 1.510562 4.101504 2.970085 1.656581 14.179626 -1.536629  
29 1 Car 1 0 -2.141370 975.455942 161.120125 1241.000000 374.000000 1.598096 1.659369 3.553793 3.759099 1.540696 4.014061 -1.536629  
29 3 Car 2 1 -0.852328 0.000000 188.033685 41.858999 230.235718 1.315632 1.513865 3.547118 -20.078578 1.820764 22.714679 -1.536629  
30 0 Car 0 0 -1.751879 701.576554 186.134913 830.969308 268.776144 1.381664 1.510562 4.101504 2.930824 1.673588 14.558126 -1.538007  
30 1 Car 1 0 -2.134070 957.061864 161.052075 1241.000000 374.000000 1.598096 1.659369 3.553793 3.759166 1.543462 4.320877 -1.538007  
31 0 Car 0 0 -1.741330 694.462966 185.385887 819.135672 265.343608 1.381664 1.510562 4.101504 2.824466 1.662803 14.939588 -1.540030  
31 1 Car 1 0 -2.124698 933.234272 160.673035 1241.000000 374.000000 1.598096 1.659369 3.553793 3.704850 1.545899 4.608289 -1.540030  
32 0 Car 0 0 -1.731915 687.659741 184.670027 807.986216 262.106350 1.381664 1.510562 4.101504 2.718109 1.652017 15.321051 -1.542586  
32 1 Car 1 0 -2.116654 911.388639 157.060449 1241.000000 374.000000 1.598096 1.659369 3.553793 3.650374 1.533178 4.895859 -1.542586  
33 0 Car 0 0 -1.723570 681.147048 183.985168 797.463174 259.048180 1.381664 1.510562 4.101504 2.611752 1.641231 15.702513 -1.545653  
33 1 Car 1 0 -2.109865 891.343417 158.330892 1241.000000 374.000000 1.598096 1.659369 3.553793 3.596126 1.542055 5.183203 -1.545653  
34 0 Car 0 0 -1.715751 674.906712 183.329333 787.515106 256.154651 1.381664 1.510562 4.101504 2.505394 1.630446 16.083975 -1.548721  
34 1 Car 1 0 -2.103705 872.801729 153.093748 1241.000000 374.000000 1.598096 1.659369 3.553793 3.541471 1.512506 5.470949 -1.548721  
35 0 Car 0 0 -1.708623 668.922047 182.700706 778.096049 253.412827 1.381664 1.510562 4.101504 2.399037 1.619660 16.465437 -1.551990  
35 1 Car 0 0 -2.098370 855.702671 155.547144 1241.000000 374.000000 1.598096 1.659369 3.553793 3.487218 1.520827 5.758300 -1.551990  
36 0 Car 0 0 -1.698768 661.651564 182.575792 765.709191 251.174481 1.381664 1.510562 4.101504 2.244392 1.622299 16.900184 -1.555453  
36 1 Car 0 0 -2.091185 834.788385 156.408246 1241.000000 374.000000 1.598096 1.659369 3.553793 3.364260 1.522143 6.045295 -1.555453  
37 0 Car 0 0 -1.689545 654.708091 182.456459 754.023612 249.063919 1.381664 1.510562 4.101504 2.089746 1.624939 17.334931 -1.558898  
37 1 Car 0 0 -2.084612 815.352279 157.158913 1241.000000 374.000000 1.598096 1.659369 3.553793 3.241303 1.523458 6.332290 -1.558898  
38 0 Car 0 0 -1.681471 648.070049 182.342343 742.981397 247.070502 1.381664 1.510562 4.101504 1.935101 1.627578 17.769678 -1.562887  
38 1 Car 0 0 -2.067922 797.243010 158.030293 1219.692891 374.000000 1.598096 1.659369 3.553793 3.118346 1.524774 6.619285 -1.562887  
39 0 Car 0 0 -1.674151 641.717720 182.233107 732.530839 245.184740 1.381664 1.510562 4.101504 1.780456 1.630218 18.204425 -1.567062  
39 1 Car 0 0 -2.035915 780.329218 159.028919 1169.740749 374.000000 1.598096 1.659369 3.553793 2.995389 1.526089 6.906280 -1.567062  
40 0 Car 0 0 -1.667080 635.633046 182.128445 722.625625 243.398142 1.381664 1.510562 4.101504 1.625811 1.632857 18.639172 -1.570958  
40 1 Car 0 0 -2.005809 764.496324 159.922862 1124.937842 374.000000 1.598096 1.659369 3.553793 2.872432 1.527405 7.193276 -1.570958  
41 0 Car 0 0 -1.659283 628.509286 182.543979 712.500492 242.394715 1.381664 1.510562 4.101504 1.442928 1.650376 19.060936 -1.575017  
41 1 Car 0 0 -1.973451 748.347959 161.414736 1078.231726 365.685579 1.598096 1.659369 3.553793 2.739680 1.533368 7.538237 -1.575017  
42 0 Car 0 0 -1.651521 621.663131 182.943195 702.867142 241.439485 1.381664 1.510562 4.101504 1.260046 1.667895 19.482701 -1.578604  
42 1 Car 0 0 -1.943321 733.361784 162.741103 1036.721081 355.374997 1.598096 1.659369 3.553793 2.606928 1.539331 7.883199 -1.578604  
43 0 Car 0 0 -1.644178 615.078674 183.327039 693.690576 240.529056 1.381664 1.510562 4.101504 1.077164 1.685413 19.904465 -1.582133  
43 1 Car 0 0 -1.915598 719.416692 163.928058 999.584681 346.179517 1.598096 1.659369 3.553793 2.474176 1.545294 8.228161 -1.582133  
44 0 Car 0 0 -1.636456 608.741200 183.696387 684.939040 239.660343 1.381664 1.510562 4.101504 0.894281 1.702932 20.326230 -1.584834  
44 1 Car 0 0 -1.889292 706.407842 164.996483 966.165728 337.927521 1.598096 1.659369 3.553793 2.341424 1.551257 8.573123 -1.584834  
45 0 Car 0 0 -1.628183 602.637080 184.052046 676.583653 238.830539 1.381664 1.510562 4.101504 0.711399 1.720451 20.747994 -1.586558  
45 1 Car 0 0 -1.864057 694.244010 165.963289 935.932633 330.480888 1.598096 1.659369 3.553793 2.208671 1.557220 8.918085 -1.586558  
46 0 Car 0 0 -1.620352 596.895940 184.432084 668.917005 238.204305 1.381664 1.510562 4.101504 0.533648 1.738486 21.126697 -1.588005  
46 1 Car 0 0 -1.839959 682.188689 166.826486 908.411550 323.978835 1.598096 1.659369 3.553793 2.068064 1.563111 9.251436 -1.588005  
47 0 Car 0 0 -1.612800 591.338422 184.799882 661.549967 237.602221 1.381664 1.510562 4.101504 0.355896 1.756521 21.505399 -1.589403  
47 1 Car 0 0 -1.817471 670.841498 167.616622 883.224638 318.034945 1.598096 1.659369 3.553793 1.927456 1.569001 9.584788 -1.589403  
48 0 Car 0 0 -1.604688 585.955864 185.156024 654.465299 237.022913 1.381664 1.510562 4.101504 0.178145 1.774557 21.884102 -1.589927  
48 1 Car 0 0 -1.795634 660.141830 168.342596 860.087004 312.580300 1.598096 1.659369 3.553793 1.786848 1.574892 9.918140 -1.589927  
49 0 Car 0 0 -1.597641 581.710268 183.332945 648.786503 233.824247 1.381664 1.510562 4.101504 0.032764 1.719312 22.267706 -1.589756  
49 1 Car 0 0 -1.774501 650.035806 169.011918 838.758312 307.556885 1.598096 1.659369 3.553793 1.646240 1.580783 10.251491 -1.589756  
50 0 Car 0 0 -1.590464 577.596028 181.566621 643.319738 230.744288 1.381664 1.510562 4.101504 -0.112617 1.664068 22.651311 -1.589219  
50 1 Car 0 0 -1.754285 640.475360 169.630971 819.034386 302.915504 1.598096 1.659369 3.553793 1.505633 1.586674 10.584843 -1.589219  
51 0 Car 0 1 -1.583742 573.828761 180.379757 637.682119 228.627169 1.381664 1.510562 4.101504 -0.259788 1.633095 23.029572 -1.589014  
51 1 Car 0 0 -1.737066 632.767098 169.952115 801.576180 297.946280 1.598096 1.659369 3.553793 1.386093 1.589196 10.946157 -1.589014  
52 0 Car 0 1 -1.576043 570.173894 179.207556 632.243063 226.585324 1.381664 1.510562 4.101504 -0.406959 1.602121 23.407834 -1.587616  
52 1 Car 0 0 -1.719749 625.487312 170.249220 785.427060 293.356968 1.598096 1.659369 3.553793 1.266554 1.591718 11.307471 -1.587616  
53 0 Car 0 1 -1.568637 566.626469 178.075901 626.992261 224.614809 1.381664 1.510562 4.101504 -0.554130 1.571148 23.786095 -1.586306  
53 1 Car 0 0 -1.703520 618.601242 170.524887 770.445104 289.105604 1.598096 1.659369 3.553793 1.147014 1.594240 11.668784 -1.586306  
54 0 Car 0 1 -1.562475 563.395540 180.447067 622.171684 226.210781 1.381664 1.510562 4.101504 -0.693552 1.647004 24.164132 -1.585720  
54 1 Car 0 0 -1.688928 612.077788 170.781357 756.508196 285.156184 1.598096 1.659369 3.553793 1.027475 1.596762 12.030098 -1.585720  
55 0 Car 0 1 -1.555627 560.256825 182.538656 617.512280 227.752911 1.381664 1.510562 4.101504 -0.832974 1.722859 24.542169 -1.584273  
55 1 Car 0 0 -1.674309 605.889043 171.020566 743.510674 281.477645 1.598096 1.659369 3.553793 0.907935 1.599284 12.391412 -1.584273  
55 4 Car 0 0 -1.138656 244.309392 181.670045 285.508367 201.034387 1.467936 1.622439 4.316936 -27.542839 2.183087 57.675398 -1.584273  
56 0 Car 0 1 -1.550049 557.881263 182.806751 613.312206 227.349763 1.381664 1.510562 4.101504 -0.954662 1.737890 24.906501 -1.583248  
56 1 Car 0 0 -1.663390 601.733066 171.499931 733.285629 278.039040 1.598096 1.659369 3.553793 0.822601 1.605689 12.779777 -1.583248  
56 4 Car 0 0 -1.133003 239.589583 182.120653 282.009512 201.889701 1.467936 1.622439 4.316936 -27.371778 2.207352 56.645588 -1.583248  
57 0 Car 0 1 -1.543363 555.570418 183.067766 609.241213 226.959299 1.381664 1.510562 4.101504 -1.076350 1.752921 25.270832 -1.580978  
57 1 Car 0 0 -1.651837 597.794310 171.946959 723.751335 274.836531 1.598096 1.659369 3.553793 0.737266 1.612094 13.168141 -1.580978  
57 4 Car 0 0 -1.125956 234.688269 182.587329 278.385693 202.777946 1.467936 1.622439 4.316936 -27.200716 2.231617 55.615778 -1.580978  
58 0 Car 0 1 -1.537430 554.118397 182.552159 606.211052 225.662739 1.381664 1.510562 4.101504 -1.167928 1.738376 25.639854 -1.578146  
58 1 Car 0 0 -1.640279 594.056178 172.364815 714.840083 271.846610 1.598096 1.659369 3.553793 0.651931 1.618499 13.556506 -1.578146  
58 4 Car 0 0 -1.118080 229.493677 182.223534 274.536883 202.781294 1.467936 1.622439 4.316936 -27.037006 2.189137 54.585993 -1.578146  
59 0 Car 0 1 -1.530294 552.705500 182.049998 603.272261 224.406394 1.381664 1.510562 4.101504 -1.259505 1.723832 26.008877 -1.574021  
59 1 Car 0 0 -1.627935 590.503725 172.756266 706.492735 269.048789 1.598096 1.659369 3.553793 0.566597 1.624904 13.944870 -1.574021  
59 4 Car 0 0 -1.108742 224.091320 181.846289 270.545538 202.784766 1.467936 1.622439 4.316936 -26.873296 2.146657 53.556208 -1.574021  
60 0 Car 0 1 -1.523181 551.330172 181.560763 600.420763 223.188424 1.381664 1.510562 4.101504 -1.351083 1.709287 26.377899 -1.569830  
60 1 Car 0 0 -1.615992 587.123449 173.123737 698.657407 266.425130 1.598096 1.659369 3.553793 0.481262 1.631309 14.333234 -1.569830  
60 4 Car 0 0 -1.099162 218.468472 181.454835 266.403595 202.788371 1.467936 1.622439 4.316936 -26.709585 2.104177 52.526424 -1.569830  
61 0 Car 0 1 -1.521776 551.970692 179.909332 603.272105 223.511486 1.381664 1.510562 4.101504 -1.240094 1.640514 25.243331 -1.566011  
61 1 Car 0 0 -1.603860 583.112772 173.707055 690.651182 264.506884 1.598096 1.659369 3.553793 0.379535 1.641967 14.678296 -1.566011  
61 4 Car 0 0 -1.089889 212.724192 180.709009 262.212580 202.473968 1.467936 1.622439 4.316936 -26.514764 2.038130 51.451768 -1.566011  
62 0 Car 0 1 -1.515749 550.192624 180.956094 600.002761 223.782267 1.381664 1.510562 4.101504 -1.346639 1.679016 25.665566 -1.563474  
62 1 Car 0 0 -1.593407 579.267676 174.260263 683.058743 262.689173 1.598096 1.659369 3.553793 0.277808 1.652626 15.023357 -1.563474  
62 4 Car 0 0 -1.081697 206.724120 179.898168 257.849963 202.145546 1.467936 1.622439 4.316936 -26.319943 1.972083 50.377113 -1.563474  
63 0 Car 0 1 -1.510689 548.468459 181.856822 596.847058 224.043460 1.381664 1.510562 4.101504 -1.453185 1.717518 26.087802 -1.561787  
63 1 Car 0 0 -1.584172 575.578116 174.785634 675.848819 260.964295 1.598096 1.659369 3.553793 0.176081 1.663284 15.368418 -1.561787  
63 4 Car 0 0 -1.072267 198.634296 179.673610 251.655070 202.432410 1.467936 1.622439 4.316936 -26.237827 1.946742 49.292145 -1.561787  
64 0 Car 0 1 -1.505861 546.795786 182.692700 593.799171 224.295563 1.381664 1.510562 4.101504 -1.559730 1.756021 26.510037 -1.560222  
64 1 Car 0 0 -1.575403 572.034841 175.285216 668.993215 259.325316 1.598096 1.659369 3.553793 0.074353 1.673943 15.713480 -1.560222  
64 4 Car 0 0 -1.062813 190.297167 179.940798 245.314631 203.236578 1.467936 1.622439 4.316936 -26.147381 1.953528 48.207502 -1.560222  
65 0 Car 0 2 -1.500991 545.172334 183.504366 590.853663 224.539041 1.381664 1.510562 4.101504 -1.666276 1.794523 26.932273 -1.558507  
65 1 Car 0 0 -1.566807 568.629321 175.760865 662.466437 257.765975 1.598096 1.659369 3.553793 -0.027374 1.684602 16.058541 -1.558507  
65 4 Car 0 0 -1.052655 181.299602 182.514424 238.462879 206.526352 1.467936 1.622439 4.316936 -26.071307 2.112471 47.119948 -1.558507  
66 0 Car 0 2 -1.497829 545.423518 184.000227 589.145203 224.120248 1.381664 1.510562 4.101504 -1.727329 1.824221 27.551774 -1.556352  
66 1 Car 0 0 -1.559347 566.119817 179.031009 657.320542 259.255939 1.598096 1.659369 3.553793 -0.108582 1.752656 16.381932 -1.556352  
66 4 Car 0 0 -1.042211 172.325260 185.542900 231.732006 210.467799 1.467936 1.622439 4.316936 -25.957616 2.300258 46.016498 -1.556352  
67 0 Car 0 2 -1.494454 545.379270 184.475977 587.515090 223.721276 1.381664 1.510562 4.101504 -1.788383 1.853919 28.171276 -1.554134  
67 1 Car 0 0 -1.552038 563.698535 181.987766 652.396017 260.681009 1.598096 1.659369 3.553793 -0.189789 1.820710 16.705323 -1.554134  
67 4 Car 0 0 -1.030951 162.460202 187.917062 224.299427 213.734375 1.467936 1.622439 4.316936 -25.868455 2.435991 44.911765 -1.554134  
68 0 Car 0 2 -1.491132 544.784453 184.932822 585.958004 223.340740 1.381664 1.510562 4.101504 -1.849436 1.883618 28.790778 -1.552297  
68 1 Car 0 0 -1.544828 561.047259 178.262196 647.292112 255.053174 1.598096 1.659369 3.553793 -0.279188 1.741816 17.029505 -1.552297  
68 4 Car 0 0 -1.020326 152.700890 184.708052 217.068869 210.864724 1.467936 1.622439 4.316936 -25.747163 2.208319 43.813555 -1.552297  
69 0 Car 0 2 -1.487570 544.169224 180.968731 584.417466 217.892592 1.381664 1.510562 4.101504 -1.912522 1.720952 29.412290 -1.550224  
69 1 Car 0 0 -1.537589 558.486236 174.524754 642.399207 249.660779 1.598096 1.659369 3.553793 -0.368587 1.662923 17.353687 -1.550224  
69 4 Car 0 0 -1.009103 142.413391 181.342031 209.484284 207.839653 1.467936 1.622439 4.316936 -25.625870 1.980647 42.715346 -1.550224  
70 0 Car 0 2 -1.484892 543.892933 181.330070 583.555435 217.768396 1.381664 1.510562 4.101504 -1.950575 1.741619 29.819113 -1.548331  
70 1 Car 0 0 -1.530729 556.010936 170.938535 637.704485 244.489353 1.598096 1.659369 3.553793 -0.457986 1.584029 17.677869 -1.548331  
70 4 Car 0 0 -0.997470 131.330043 179.222170 201.320888 206.408281 1.467936 1.622439 4.316936 -25.515555 1.849133 41.615266 -1.548331  
71 0 Car 0 2 -1.481997 543.625128 181.682385 582.717554 217.647755 1.381664 1.510562 4.101504 -1.988628 1.762286 30.225935 -1.546200  
71 1 Car 0 0 -1.525564 554.698028 172.180288 634.638464 244.396779 1.598096 1.659369 3.553793 -0.515724 1.611330 17.973686 -1.546200  
71 4 Car 0 1 -0.985653 120.076610 179.413865 193.207856 207.378239 1.467936 1.622439 4.316936 -25.380517 1.849595 40.517668 -1.546200  
72 0 Car 0 2 -1.478587 543.365450 182.026012 581.902813 217.530515 1.381664 1.510562 4.101504 -2.026680 1.782953 30.632757 -1.543530  
72 1 Car 0 0 -1.519965 553.424032 173.377826 631.681723 244.307542 1.598096 1.659369 3.553793 -0.573463 1.638631 18.269502 -1.543530  
72 4 Car 0 1 -0.972880 108.161273 179.616862 184.665913 208.405288 1.467936 1.622439 4.316936 -25.245480 1.850057 39.420069 -1.543530  
73 0 Car 0 2 -1.475349 543.395206 182.160014 581.531093 217.314515 1.381664 1.510562 4.101504 -2.046948 1.792974 30.933552 -1.540529  
73 1 Car 0 0 -1.514131 552.187243 174.533470 628.828523 244.221464 1.598096 1.659369 3.553793 -0.631201 1.665933 18.565318 -1.540529  
73 4 Car 0 1 -0.959328 95.523854 179.832191 175.660136 209.494621 1.467936 1.622439 4.316936 -25.110442 1.850520 38.322471 -1.540529  
74 0 Car 0 2 -1.471863 543.424533 182.291615 581.166781 217.102976 1.381664 1.510562 4.101504 -2.067215 1.802996 31.234347 -1.537273  
74 1 Car 0 0 -1.508136 550.986054 175.649380 626.073518 244.138381 1.598096 1.659369 3.553793 -0.688940 1.693234 18.861135 -1.537273  
74 4 Car 0 0 -0.944747 81.756866 181.293558 165.853115 211.945977 1.467936 1.622439 4.316936 -24.990748 1.913706 37.223289 -1.537273  
75 0 Car 0 2 -1.468150 543.453446 182.420881 580.809654 216.895760 1.381664 1.510562 4.101504 -2.087482 1.813018 31.535141 -1.533787  
75 1 Car 0 0 -1.501999 549.818951 176.727570 623.411724 244.058139 1.598096 1.659369 3.553793 -0.746678 1.720535 19.156951 -1.533787  
75 4 Car 0 0 -0.930036 67.799348 178.888498 156.092312 210.463126 1.467936 1.622439 4.316936 -24.841072 1.784651 36.127972 -1.533787  
76 1 Car 0 0 -1.497345 550.200788 176.587887 622.018189 242.943635 1.598096 1.659369 3.553793 -0.766491 1.718372 19.407701 -1.529833  
76 4 Car 0 0 -0.914758 53.403463 178.699782 146.181489 211.290166 1.467936 1.622439 4.316936 -24.693805 1.767071 35.067327 -1.529833  
77 1 Car 0 0 -1.492408 550.574448 176.452032 620.661210 241.860747 1.598096 1.659369 3.553793 -0.786304 1.716210 19.658451 -1.525577  
77 4 Car 0 0 -0.898655 38.051848 178.498478 135.687580 212.172153 1.467936 1.622439 4.316936 -24.546539 1.749491 34.006681 -1.525577  
78 1 Car 0 0 -1.487477 550.940211 176.319852 619.339337 240.808151 1.598096 1.659369 3.553793 -0.806117 1.714047 19.909201 -1.521308  
78 4 Car 0 0 -0.881985 21.646020 178.283285 124.557599 213.114752 1.467936 1.622439 4.316936 -24.399272 1.731911 32.946036 -1.521308  
79 1 Car 0 0 -1.482569 551.298348 176.191202 618.051198 239.784595 1.598096 1.659369 3.553793 -0.825930 1.711885 20.159951 -1.517044  
79 4 Car 0 0 -0.864729 4.073487 178.052714 112.731944 214.124436 1.467936 1.622439 4.316936 -24.252006 1.714331 31.885391 -1.517044  
80 1 Car 0 0 -1.477738 551.649116 176.065946 616.795494 238.788895 1.598096 1.659369 3.553793 -0.845743 1.709722 20.410701 -1.512839  
80 4 Car 0 0 -0.853272 0.000000 177.805056 100.143320 215.033958 1.467936 1.622439 4.316936 -24.104739 1.696751 30.824745 -1.512839  
81 1 Car 0 0 -1.474483 553.310885 175.921291 617.246515 237.792355 1.598096 1.659369 3.553793 -0.823121 1.706984 20.663418 -1.508122  
81 4 Car 0 0 -0.842523 0.000000 177.041544 86.137532 215.491231 1.467936 1.622439 4.316936 -23.966389 1.659993 29.740620 -1.508122  
82 1 Car 0 0 -1.470807 554.586022 175.780387 617.685016 236.822418 1.598096 1.659369 3.553793 -0.800500 1.704245 20.916136 -1.503259  
82 4 Car 0 0 -0.831264 0.000000 176.313670 71.142865 215.352891 1.467936 1.622439 4.316936 -23.828038 1.623236 28.656494 -1.503259  
83 1 Car 0 0 -1.467126 555.824882 175.643092 618.111480 235.878033 1.598096 1.659369 3.553793 -0.777878 1.701506 21.168853 -1.498426  
83 4 Car 1 0 -0.819639 0.000000 175.621957 55.050806 214.852497 1.467936 1.622439 4.316936 -23.689688 1.586479 27.572368 -1.498426  
84 1 Car 0 0 -1.464237 557.032118 175.509269 618.526365 234.958206 1.598096 1.659369 3.553793 -0.755257 1.698768 21.421570 -1.494413  
84 4 Car 2 0 -0.808400 0.000000 174.918886 37.736369 214.357637 1.467936 1.622439 4.316936 -23.551338 1.549721 26.488242 -1.494413  
85 1 Car 0 0 -1.461759 558.208954 175.378791 618.930109 234.061991 1.598096 1.659369 3.553793 -0.732635 1.696029 21.674288 -1.490841  
85 4 Car 2 0 -0.797126 0.000000 174.203546 19.054835 213.867663 1.467936 1.622439 4.316936 -23.412988 1.512964 25.404116 -1.490841  
86 1 Car 0 0 -1.459626 559.120289 175.083205 619.100508 233.048727 1.598096 1.659369 3.553793 -0.724681 1.688607 21.919532 -1.487959  
87 1 Car 0 0 -1.457239 560.009671 174.794706 619.266817 232.059890 1.598096 1.659369 3.553793 -0.716726 1.681184 22.164777 -1.484841  
88 1 Car 0 0 -1.455685 560.877884 174.513041 619.429184 231.094609 1.598096 1.659369 3.553793 -0.708771 1.673761 22.410021 -1.482574  
89 1 Car 0 0 -1.454029 561.725676 174.237970 619.587746 230.152051 1.598096 1.659369 3.553793 -0.700816 1.666339 22.655266 -1.480221  
90 1 Car 0 0 -1.452621 562.553757 173.969265 619.742636 229.231424 1.598096 1.659369 3.553793 -0.692862 1.658916 22.900510 -1.478132  
91 1 Car 0 0 -1.449777 562.923048 174.079325 619.376016 228.629064 1.598096 1.659369 3.553793 -0.699873 1.662617 23.176058 -1.475286  
92 1 Car 0 0 -1.447356 563.282939 174.186596 619.018695 228.042050 1.598096 1.659369 3.553793 -0.706885 1.666318 23.451605 -1.472863  
93 1 Car 0 0 -1.444625 563.633783 174.291182 618.670323 227.469802 1.598096 1.659369 3.553793 -0.713897 1.670019 23.727152 -1.470131  
94 1 Car 0 0 -1.443505 563.975917 174.393183 618.330567 226.911771 1.598096 1.659369 3.553793 -0.720909 1.673720 24.002699 -1.469009  
95 1 Car 0 0 -1.441946 564.309663 174.492694 617.999113 226.367433 1.598096 1.659369 3.553793 -0.727921 1.677420 24.278246 -1.467449  
96 1 Car 0 0 -1.439922 564.663493 172.768261 617.628734 223.917594 1.598096 1.659369 3.553793 -0.726653 1.623391 24.590373 -1.465436  
97 1 Car 0 0 -1.439010 565.008427 171.089534 617.267302 221.534725 1.598096 1.659369 3.553793 -0.725385 1.569361 24.902500 -1.464535  
98 1 Car 0 0 -1.439089 566.176702 173.304415 617.745041 223.080623 1.598096 1.659369 3.553793 -0.697096 1.640679 25.214364 -1.463474  
98 6 Car 0 0 -1.057103 277.201941 168.670866 320.926451 188.123306 1.427856 1.730417 3.866351 -23.906762 1.146464 55.559746 -1.463474  
99 1 Car 0 0 -1.439146 567.314656 175.462193 618.209619 224.585236 1.598096 1.659369 3.553793 -0.668807 1.711998 25.526227 -1.462422  
99 6 Car 0 0 -1.048778 270.250441 171.906554 315.401782 191.798304 1.427856 1.730417 3.866351 -23.867909 1.388613 54.381088 -1.462422  
99 8 Car 0 2 -1.084819 304.988502 170.739070 341.755174 189.356439 1.500000 1.616267 4.047507 -24.121658 1.357905 60.805555 -1.462422  
100 1 Car 0 0 -1.439218 568.423484 177.565034 618.661543 226.050183 1.598096 1.659369 3.553793 -0.640517 1.783316 25.838091 -1.461413  
100 6 Car 0 0 -1.040455 263.188786 172.135141 309.833196 192.483352 1.427856 1.730417 3.866351 -23.815394 1.406400 53.204943 -1.461413  
100 8 Car 0 1 -1.077832 299.430532 172.121325 337.305261 191.123172 1.500000 1.616267 4.047507 -24.064363 1.471804 59.622349 -1.461413  
101 1 Car 0 0 -1.438463 568.978388 177.715113 618.575642 225.572198 1.598096 1.659369 3.553793 -0.630001 1.790350 26.150093 -1.460333  
101 6 Car 0 0 -1.031661 255.688597 173.989430 303.923316 194.817011 1.427856 1.730417 3.866351 -23.769709 1.536368 52.027541 -1.460333  
101 8 Car 0 2 -1.070561 293.639520 173.561545 332.681172 192.964008 1.500000 1.616267 4.047507 -24.007067 1.585702 58.439143 -1.460333  
102 1 Car 0 0 -1.437704 569.519842 177.861475 618.491100 225.106362 1.598096 1.659369 3.553793 -0.619484 1.797383 26.462096 -1.459257  
102 6 Car 0 0 -1.022569 247.827681 175.932994 297.749650 197.262950 1.427856 1.730417 3.866351 -23.724025 1.666336 50.850140 -1.459257  
102 8 Car 0 2 -1.063070 287.600495 175.063455 327.872479 194.883708 1.500000 1.616267 4.047507 -23.949772 1.699601 57.255937 -1.459257  
103 1 Car 0 0 -1.437030 570.048360 178.004257 618.407877 224.652218 1.598096 1.659369 3.553793 -0.608967 1.804416 26.774098 -1.458275  
103 6 Car 0 1 -1.013253 239.579368 177.972439 291.294136 199.829470 1.427856 1.730417 3.866351 -23.678340 1.796304 49.672738 -1.458275  
103 7 Car 0 2 -1.088454 311.326460 177.207200 348.373203 195.157305 1.500000 1.791984 4.500000 -24.549294 1.903250 63.335242 -1.458275  
103 8 Car 0 2 -1.055438 281.297175 176.631105 322.867902 196.887452 1.500000 1.616267 4.047507 -23.892477 1.813499 56.072731 -1.458275  
104 1 Car 0 0 -1.436198 570.564433 178.143587 618.325931 224.209330 1.598096 1.659369 3.553793 -0.598451 1.811450 27.086101 -1.457142  
104 6 Car 0 2 -1.003002 230.496562 177.757603 284.153983 200.171730 1.427856 1.730417 3.866351 -23.654754 1.774003 48.485574 -1.457142  
104 7 Car 0 1 -1.081359 305.813687 177.139887 343.966755 195.445711 1.500000 1.791984 4.500000 -24.514780 1.890482 62.148567 -1.457142  
104 8 Car 0 2 -1.047407 274.711823 178.268908 317.655223 198.980882 1.500000 1.616267 4.047507 -23.835182 1.927398 54.889525 -1.457142  
105 1 Car 0 0 -1.435355 571.068527 178.279589 618.245227 223.777284 1.598096 1.659369 3.553793 -0.587934 1.818483 27.398104 -1.456006  
105 6 Car 0 2 -0.992374 220.938756 177.531524 276.669353 200.531894 1.427856 1.730417 3.866351 -23.631168 1.751702 47.298410 -1.456006  
105 7 Car 0 1 -1.074058 300.078011 177.069855 339.394950 195.745782 1.500000 1.791984 4.500000 -24.480265 1.877714 60.961892 -1.456006  
105 8 Car 0 2 -1.038551 267.314525 178.079738 311.766197 199.280597 1.500000 1.616267 4.047507 -23.797657 1.904683 53.670048 -1.456006  
106 1 Car 0 0 -1.435431 571.770240 177.957744 618.320562 222.850647 1.598096 1.659369 3.553793 -0.581069 1.809485 27.743095 -1.455543  
106 6 Car 0 1 -0.982023 210.867689 177.293294 268.814698 200.911407 1.427856 1.730417 3.866351 -23.607582 1.729401 46.111246 -1.455543  
106 7 Car 0 1 -1.067215 294.105636 176.996937 334.648301 196.058240 1.500000 1.791984 4.500000 -24.445750 1.864945 59.775216 -1.455543  
106 8 Car 0 1 -1.030064 259.559535 177.881424 305.613538 199.594809 1.500000 1.616267 4.047507 -23.760132 1.881967 52.450571 -1.455543  
107 1 Car 0 0 -1.435421 572.453562 177.644331 618.393922 221.948310 1.598096 1.659369 3.553793 -0.574204 1.800486 28.088087 -1.455009  
107 6 Car 0 1 -0.971181 200.240877 177.041908 260.561887 201.311869 1.427856 1.730417 3.866351 -23.583995 1.707100 44.924081 -1.455009  
107 7 Car 0 2 -1.060077 287.881601 176.920950 329.716585 196.383868 1.500000 1.791984 4.500000 -24.411236 1.852177 58.588541 -1.455009  
107 8 Car 0 1 -1.021183 251.420266 177.673285 299.179139 199.924597 1.500000 1.616267 4.047507 -23.722607 1.859252 51.231094 -1.455009  
108 1 Car 0 0 -1.435089 573.119209 177.339024 618.465384 221.069330 1.598096 1.659369 3.553793 -0.567339 1.791488 28.433079 -1.454167  
108 6 Car 0 1 -0.959588 189.011012 176.776243 251.879857 201.735065 1.427856 1.730417 3.866351 -23.560409 1.684799 43.736917 -1.454167  
108 7 Car 0 2 -1.052394 281.389655 176.841697 324.588761 196.723516 1.500000 1.791984 4.500000 -24.376721 1.839409 57.401865 -1.454167  
108 8 Car 0 1 -1.011653 242.867429 177.454573 292.443197 200.271146 1.500000 1.616267 4.047507 -23.685082 1.836537 50.011617 -1.454167  
109 1 Car 0 0 -1.435365 573.767855 177.041512 618.535019 220.212813 1.598096 1.659369 3.553793 -0.560475 1.782489 28.778071 -1.453945  
109 6 Car 0 0 -0.947626 176.562837 177.401401 242.318838 203.129237 1.427856 1.730417 3.866351 -23.530890 1.713149 42.487395 -1.453945  
109 7 Car 0 2 -1.045066 274.568678 177.418718 319.265631 197.762531 1.500000 1.791984 4.500000 -24.316972 1.875678 56.154390 -1.453945  
109 8 Car 0 1 -1.002384 233.868681 177.224461 285.384003 200.635770 1.500000 1.616267 4.047507 -23.647556 1.813821 48.792141 -1.453945  
110 1 Car 0 0 -1.434775 574.400145 176.751501 618.602899 219.377906 1.598096 1.659369 3.553793 -0.553610 1.773491 29.123062 -1.452870  
110 6 Car 0 0 -0.934259 163.323971 178.066310 232.204091 204.611999 1.427856 1.730417 3.866351 -23.501370 1.741498 41.237872 -1.452870  
110 7 Car 0 1 -1.036605 267.424447 178.023052 313.710262 198.850802 1.500000 1.791984 4.500000 -24.257222 1.911947 54.906915 -1.452870  
110 8 Car 0 0 -0.991742 224.244615 177.919831 277.875501 201.965656 1.500000 1.616267 4.047507 -23.611788 1.850269 47.559984 -1.452870  
111 1 Car 0 0 -1.435178 575.494865 177.666760 619.199676 219.813256 1.598096 1.659369 3.553793 -0.526820 1.810289 29.434947 -1.452101  
111 6 Car 0 0 -0.920610 149.216606 178.774886 221.486080 206.192074 1.427856 1.730417 3.866351 -23.471851 1.769848 39.988349 -1.452101  
111 7 Car 0 1 -1.028156 259.933425 178.656686 307.907114 199.991917 1.500000 1.791984 4.500000 -24.197473 1.948216 53.659440 -1.452101  
111 8 Car 0 0 -0.980992 214.085502 178.653868 269.984286 203.369504 1.500000 1.616267 4.047507 -23.576019 1.886717 46.327828 -1.452101  
112 1 Car 0 0 -1.435262 576.565186 178.561625 619.783147 220.238896 1.598096 1.659369 3.553793 -0.500030 1.847086 29.746833 -1.451040  
112 6 Car 0 0 -0.906041 134.152383 179.531575 210.109177 207.879365 1.427856 1.730417 3.866351 -23.442331 1.798197 38.738826 -1.451040  
112 7 Car 0 1 -1.019104 252.069733 179.321805 301.839236 201.189821 1.500000 1.791984 4.500000 -24.137724 1.984485 52.411965 -1.451040  
112 8 Car 0 0 -0.969508 203.345446 179.429887 261.680330 204.853663 1.500000 1.616267 4.047507 -23.540250 1.923165 45.095672 -1.451040  
113 1 Car 0 0 -1.435262 577.611913 179.436769 620.353753 220.655149 1.598096 1.659369 3.553793 -0.473240 1.883884 30.058718 -1.449919  
113 6 Car 0 0 -0.890744 118.030529 180.341452 198.010699 209.685171 1.427856 1.730417 3.866351 -23.412812 1.826547 37.489304 -1.449919  
113 7 Car 0 1 -1.009661 243.804850 180.020813 295.488088 202.448862 1.500000 1.791984 4.500000 -24.077975 2.020754 51.164490 -1.449919  
113 8 Car 0 0 -0.957497 191.973152 180.251597 252.930387 206.425226 1.500000 1.616267 4.047507 -23.504481 1.959613 43.863516 -1.449919  
114 1 Car 0 0 -1.435241 578.635819 180.292837 620.911913 221.062320 1.598096 1.659369 3.553793 -0.446450 1.920681 30.370603 -1.448802  
114 6 Car 0 0 -0.874209 100.109316 179.894382 184.664635 210.343844 1.427856 1.730417 3.866351 -23.382483 1.791874 36.196908 -1.448802  
114 7 Car 0 1 -0.999581 234.811929 178.951076 288.608311 201.977801 1.500000 1.791984 4.500000 -24.021731 1.937294 49.887158 -1.448802  
114 8 Car 0 0 -0.944992 179.911095 181.075586 243.697533 208.092149 1.500000 1.616267 4.047507 -23.468712 1.996061 42.631360 -1.448802  
115 1 Car 0 0 -1.435113 579.637643 181.053345 621.458031 221.460706 1.598096 1.659369 3.553793 -0.419660 1.957479 30.682488 -1.447602  
115 6 Car 0 0 -0.856773 80.785061 179.412257 170.381426 211.054109 1.427856 1.730417 3.866351 -23.352153 1.757201 34.904512 -1.447602  
115 7 Car 0 1 -0.989026 225.323414 177.822445 281.383108 201.480768 1.500000 1.791984 4.500000 -23.965488 1.853834 48.609826 -1.447602  
115 8 Car 0 0 -0.931262 166.422292 179.674957 233.445876 207.534013 1.500000 1.616267 4.047507 -23.427332 1.902159 41.330762 -1.447602  
116 1 Car 0 0 -1.434342 580.158974 180.883750 621.572224 220.876683 1.598096 1.659369 3.553793 -0.410350 1.953009 30.966850 -1.446390  
116 6 Car 0 0 -0.838451 59.886281 178.890784 155.058772 211.822272 1.427856 1.730417 3.866351 -23.321824 1.722527 33.612116 -1.446390  
116 7 Car 0 1 -0.978043 215.297177 176.629918 273.785795 200.955555 1.500000 1.791984 4.500000 -23.909244 1.770374 47.332494 -1.446390  
116 8 Car 0 0 -0.916893 152.010912 178.127674 222.560007 206.937684 1.500000 1.616267 4.047507 -23.385953 1.808257 40.030165 -1.446390  
117 1 Car 0 0 -1.433808 580.670252 180.717073 621.684214 220.303929 1.598096 1.659369 3.553793 -0.401040 1.948538 31.251212 -1.445425  
117 6 Car 0 0 -0.819436 37.212370 178.324942 138.578928 212.655714 1.427856 1.730417 3.866351 -23.291495 1.687854 32.319720 -1.445425  
117 7 Car 0 2 -0.966862 204.686172 175.367912 265.786866 200.399695 1.500000 1.791984 4.500000 -23.853001 1.686914 46.055162 -1.445425  
117 8 Car 0 0 -0.902098 136.578955 176.470776 210.979199 206.299103 1.500000 1.616267 4.047507 -23.344573 1.714354 38.729567 -1.445425  
118 1 Car 0 0 -1.432919 581.171764 180.553240 621.794064 219.742121 1.598096 1.659369 3.553793 -0.391730 1.944068 31.535573 -1.444112  
118 6 Car 0 0 -0.799069 12.527121 177.708817 120.805661 213.563126 1.427856 1.730417 3.866351 -23.261166 1.653181 31.027324 -1.444112  
118 7 Car 0 2 -0.955066 193.633956 178.483558 257.533621 204.278403 1.500000 1.791984 4.500000 -23.783979 1.866408 44.775713 -1.444112  
118 8 Car 0 0 -0.885991 119.751650 178.759537 198.404150 209.688994 1.500000 1.616267 4.047507 -23.314441 1.820222 37.426572 -1.444112  
119 1 Car 0 0 -1.431886 581.663787 180.388218 621.901835 219.190949 1.598096 1.659369 3.553793 -0.382420 1.939598 31.819935 -1.442664  
119 6 Car 0 0 -0.783281 0.000000 177.573111 100.567876 214.999690 1.427856 1.730417 3.866351 -23.238956 1.638901 29.683534 -1.442664  
119 7 Car 0 2 -0.941022 180.177657 179.082332 247.507344 205.784426 1.500000 1.791984 4.500000 -23.717038 1.889303 43.334679 -1.442664  
119 8 Car 0 0 -0.868967 101.639299 181.152497 184.969899 213.337887 1.500000 1.616267 4.047507 -23.284308 1.926091 36.123576 -1.442664  
120 1 Car 0 0 -1.430977 582.146588 180.211354 622.007585 218.650113 1.598096 1.659369 3.553793 -0.373110 1.935128 32.104296 -1.441346  
120 6 Car 0 0 -0.772495 0.000000 177.424070 78.531946 216.440237 1.427856 1.730417 3.866351 -23.216747 1.624620 28.339745 -1.441346  
120 7 Car 0 1 -0.926424 165.742880 179.724583 236.826867 207.400006 1.500000 1.791984 4.500000 -23.650098 1.912197 41.893644 -1.441346  
120 8 Car 0 1 -0.850428 81.130458 181.174904 169.847724 214.695728 1.500000 1.616267 4.047507 -23.259836 1.911668 34.768478 -1.441346  
121 1 Car 0 0 -1.429207 581.889454 180.230301 621.470711 218.399339 1.598096 1.659369 3.553793 -0.392142 1.938116 32.318613 -1.440126  
121 6 Car 1 0 -0.761086 0.000000 177.410725 54.447080 216.482239 1.427856 1.730417 3.866351 -23.194538 1.610340 26.995955 -1.440126  
121 7 Car 0 1 -0.911184 150.218870 180.415227 225.426001 209.137549 1.500000 1.791984 4.500000 -23.583157 1.935092 40.452610 -1.440126  
121 8 Car 0 2 -0.831009 58.852013 181.199024 153.568975 216.170790 1.500000 1.616267 4.047507 -23.235365 1.897245 33.413381 -1.440126  
122 1 Car 0 0 -1.427749 581.635901 180.248984 620.941319 218.152060 1.598096 1.659369 3.553793 -0.411175 1.941103 32.532929 -1.439211  
122 6 Car 2 0 -0.749177 0.000000 177.396241 28.013586 216.527827 1.427856 1.730417 3.866351 -23.172328 1.596059 25.652166 -1.439211  
122 7 Car 0 0 -0.895452 133.477504 181.124984 213.229321 211.011406 1.500000 1.791984 4.500000 -23.516217 1.957987 39.011576 -1.439211  
122 8 Car 0 2 -0.810846 34.564597 181.225062 135.995692 217.778936 1.500000 1.616267 4.047507 -23.210893 1.882823 32.058283 -1.439211  
123 1 Car 0 0 -1.426721 581.385856 180.267409 620.419251 217.908203 1.598096 1.659369 3.553793 -0.430207 1.944091 32.747246 -1.438718  
123 7 Car 0 0 -0.879280 115.365558 180.739737 200.145451 211.808013 1.500000 1.791984 4.500000 -23.449911 1.920769 37.571170 -1.438718  
123 8 Car 0 2 -0.789978 7.983646 181.253255 116.967069 219.539029 1.500000 1.616267 4.047507 -23.186422 1.868400 30.703185 -1.438718  
124 1 Car 0 0 -1.424587 581.139246 180.285580 619.904358 217.667698 1.598096 1.659369 3.553793 -0.449239 1.947079 32.961562 -1.437112  
124 7 Car 0 0 -0.861368 96.148864 180.749211 186.265612 213.060592 1.500000 1.791984 4.500000 -23.422023 1.906353 36.213307 -1.437112  
124 8 Car 0 0 -0.775882 0.000000 181.283883 96.294507 221.233406 1.500000 1.616267 4.047507 -23.161950 1.853977 29.348088 -1.437112  
125 1 Car 0 0 -1.423879 580.896000 180.303504 619.396493 217.430477 1.598096 1.659369 3.553793 -0.468271 1.950067 33.175879 -1.436924  
125 7 Car 0 0 -0.843965 75.331145 180.759473 171.370673 214.417580 1.500000 1.791984 4.500000 -23.394135 1.891938 34.855443 -1.436924  
125 8 Car 0 0 -0.765936 0.000000 181.239812 73.513243 222.467996 1.500000 1.616267 4.047507 -23.126147 1.835994 27.963876 -1.436924  
126 1 Car 0 0 -1.423098 581.398422 179.519919 619.710917 216.464828 1.598096 1.659369 3.553793 -0.452416 1.917368 33.330114 -1.435578  
126 7 Car 0 0 -0.824425 52.703617 180.770626 155.345047 215.892599 1.500000 1.791984 4.500000 -23.366247 1.877522 33.497579 -1.435578  
126 8 Car 1 0 -0.754057 0.000000 181.191478 48.526774 222.404953 1.500000 1.616267 4.047507 -23.090343 1.818010 26.579665 -1.435578  
127 1 Car 0 0 -1.422341 581.895959 178.743951 620.022283 215.508573 1.598096 1.659369 3.553793 -0.436560 1.884669 33.484349 -1.434259  
127 7 Car 0 1 -0.803863 28.019553 180.782791 138.054915 217.501749 1.500000 1.791984 4.500000 -23.338359 1.863107 32.139716 -1.434259  
127 8 Car 2 0 -0.741341 0.000000 181.138230 20.998625 222.346545 1.500000 1.616267 4.047507 -23.054540 1.800026 25.195453 -1.434259  
128 1 Car 0 0 -1.421968 582.388680 177.975491 620.330634 214.561576 1.598096 1.659369 3.553793 -0.420705 1.851970 33.638585 -1.433332  
128 7 Car 0 1 -0.782561 0.985232 180.795938 119.344464 219.264197 1.500000 1.791984 4.500000 -23.310471 1.848692 30.781852 -1.433332  
129 1 Car 0 0 -1.420897 582.876657 177.214429 620.636015 213.623704 1.598096 1.659369 3.553793 -0.404850 1.819271 33.792820 -1.431711  
129 7 Car 0 1 -0.771560 0.000000 180.804930 98.790117 220.857427 1.500000 1.791984 4.500000 -23.278662 1.833936 29.402293 -1.431711  
130 1 Car 0 0 -1.420483 583.359958 176.460660 620.938469 212.694825 1.598096 1.659369 3.553793 -0.388994 1.786572 33.947055 -1.430753  
130 7 Car 0 1 -0.760977 0.000000 180.814740 76.363523 222.000915 1.500000 1.791984 4.500000 -23.246854 1.819180 28.022733 -1.430753  
131 1 Car 0 0 -1.419637 583.884967 176.765506 621.301358 212.843383 1.598096 1.659369 3.553793 -0.370540 1.800930 34.086612 -1.429292  
131 7 Car 1 1 -0.749140 0.000000 180.825486 51.796672 221.938796 1.500000 1.791984 4.500000 -23.215046 1.804424 26.643173 -1.429292  
132 1 Car 0 0 -1.418856 584.405462 177.067732 621.661127 212.990662 1.598096 1.659369 3.553793 -0.352087 1.815288 34.226168 -1.427900  
132 7 Car 2 1 -0.736530 0.000000 180.837309 24.767846 221.883649 1.500000 1.791984 4.500000 -23.183237 1.789668 25.263613 -1.427900  
133 1 Car 0 0 -1.417910 584.921502 177.367371 622.017815 213.136680 1.598096 1.659369 3.553793 -0.333633 1.829646 34.365724 -1.426350  
134 1 Car 0 0 -1.418019 586.446059 175.940463 623.383557 211.555138 1.598096 1.659369 3.553793 -0.269243 1.765754 34.506281 -1.424456  
135 1 Car 0 0 -1.418467 587.957583 174.525750 624.737621 209.987122 1.598096 1.659369 3.553793 -0.204854 1.701863 34.646838 -1.422918  
136 1 Car 0 0 -1.417615 588.429540 173.188954 625.053189 208.498428 1.598096 1.659369 3.553793 -0.187458 1.640987 34.787354 -1.421520  
137 1 Car 0 0 -1.416957 588.897498 171.863482 625.366083 207.022355 1.598096 1.659369 3.553793 -0.170062 1.580112 34.927869 -1.420321  
138 1 Car 0 0 -1.417090 589.361508 170.549191 625.676335 205.558742 1.598096 1.659369 3.553793 -0.152666 1.519236 35.068385 -1.419918  
139 1 Car 0 0 -1.417279 589.596970 175.434074 625.762564 210.303075 1.598096 1.659369 3.553793 -0.145600 1.745270 35.205849 -1.419884  
140 1 Car 0 0 -1.417610 589.830504 180.278973 625.848087 215.008548 1.598096 1.659369 3.553793 -0.138533 1.971303 35.343314 -1.419994  
141 1 Car 0 0 -1.417307 589.299215 179.458514 625.216640 214.091076 1.598096 1.659369 3.553793 -0.165886 1.933964 35.436785 -1.420496  
142 1 Car 0 0 -1.416184 588.770868 178.642596 624.588690 213.178685 1.598096 1.659369 3.553793 -0.193238 1.896625 35.530256 -1.420175  
143 1 Car 0 0 -1.415068 588.245437 177.831181 623.964207 212.271334 1.598096 1.659369 3.553793 -0.220591 1.859287 35.623727 -1.419855  
