189 12 Car 0 0 -1.710614 692.422997 181.250590 727.859042 201.951943 1.479167 1.355913 3.513019 7.428422 2.116909 53.921834 -1.572107  
190 12 Car 0 0 -1.706810 689.273597 181.330666 723.692839 201.795688 1.479167 1.355913 3.513019 7.236497 2.129581 54.522602 -1.573279  
191 12 Car 0 0 -1.704202 686.194433 181.409000 719.615778 201.642871 1.479167 1.355913 3.513019 7.044572 2.142254 55.123370 -1.575546  
192 12 Car 0 0 -1.701432 683.183192 181.485648 715.625027 201.493377 1.479167 1.355913 3.513019 6.852646 2.154927 55.724138 -1.577551  
193 12 Car 0 0 -1.696421 679.430630 182.226758 711.081649 202.050856 1.479167 1.355913 3.513019 6.596587 2.218150 56.259980 -1.578205  
194 12 Car 0 0 -1.693360 675.748519 182.917077 706.624533 202.597387 1.479167 1.355913 3.513019 6.340528 2.281373 56.795822 -1.580710  
195 12 Car 0 0 -1.690021 672.134893 183.594953 702.251247 203.133284 1.479167 1.355913 3.513019 6.084469 2.344596 57.331664 -1.582839  
196 12 Car 0 0 -1.687480 668.587858 184.260723 697.959451 203.658851 1.479167 1.355913 3.513019 5.828410 2.407819 57.867506 -1.585670  
197 12 Car 0 0 -1.684607 665.105590 184.914711 693.746890 204.174382 1.479167 1.355913 3.513019 5.572350 2.471042 58.403348 -1.588077  
198 12 Car 0 0 -1.683892 662.203425 185.850575 690.207263 205.026776 1.479167 1.355913 3.513019 5.352269 2.557153 58.837429 -1.591787  
199 12 Car 0 0 -1.682723 659.343865 186.773232 686.719440 205.866175 1.479167 1.355913 3.513019 5.132187 2.643265 59.271511 -1.594981  
200 12 Car 0 0 -1.680559 655.300211 186.666578 682.022517 205.636017 1.479167 1.355913 3.513019 4.803134 2.641210 59.630454 -1.598830  
201 12 Car 0 0 -1.678344 651.305085 186.561164 677.381675 205.408681 1.479167 1.355913 3.513019 4.474081 2.639155 59.989397 -1.602563  
202 12 Car 0 0 -1.676096 647.350033 185.777285 672.787665 204.461305 1.479167 1.355913 3.513019 4.144409 2.578512 60.348952 -1.606208  
203 12 Car 0 0 -1.674575 643.731551 184.737006 669.714316 203.224658 1.479167 1.355913 3.513019 3.889815 2.494837 60.739167 -1.609302  
204 12 Car 0 0 -1.672696 640.162394 183.709992 666.675870 202.003499 1.479167 1.355913 3.513019 3.635220 2.411161 61.129383 -1.611984  
205 12 Car 0 0 -1.670410 638.169265 182.422231 664.180014 200.538776 1.479167 1.355913 3.513019 3.464031 2.303113 61.451374 -1.612798  
206 12 Car 0 0 -1.668438 636.197402 181.106634 661.709645 199.089870 1.479167 1.355913 3.513019 3.292842 2.195064 61.773366 -1.613894  
207 12 Car 0 0 -1.667214 635.724608 180.568105 661.303604 198.459012 1.479167 1.355913 3.513019 3.271577 2.153473 62.075829 -1.613277  
208 12 Car 0 0 -1.665970 635.256624 180.035044 660.901209 197.834398 1.479167 1.355913 3.513019 3.250312 2.111882 62.378292 -1.612636  
209 12 Car 0 0 -1.664160 636.283394 179.525916 661.355316 197.374100 1.479167 1.355913 3.513019 3.305018 2.067039 62.201561 -1.609801  
210 12 Car 0 0 -1.661488 637.319589 179.013546 661.807555 196.910992 1.479167 1.355913 3.513019 3.359724 2.022196 62.024829 -1.606101  
211 12 Car 0 0 -1.662071 642.280585 179.068834 665.911249 196.845540 1.479167 1.355913 3.513019 3.774905 2.029905 62.428704 -1.600424  
212 12 Car 0 0 -1.661811 647.993683 179.114023 670.810798 196.771084 1.479167 1.355913 3.513019 4.262564 2.036808 62.832570 -1.592842  
213 12 Car 0 0 -1.657776 653.638815 179.158746 675.641790 196.697278 1.479167 1.355913 3.513019 4.750222 2.043711 63.236436 -1.581585  
214 12 Car 0 0 -1.657841 663.295830 179.133055 684.668917 196.520098 1.479167 1.355913 3.513019 5.616387 2.045659 63.761076 -1.568791  
215 12 Car 0 0 -1.654425 672.800073 179.107864 693.543129 196.345624 1.479167 1.355913 3.513019 6.482551 2.047607 64.285716 -1.552755  
216 12 Car 0 0 -1.655204 686.530835 177.824168 707.097994 195.026619 1.479167 1.355913 3.513019 7.711977 1.936693 64.399376 -1.534859  
217 12 Car 0 0 -1.653674 701.081938 176.340720 721.522478 193.508660 1.479167 1.355913 3.513019 9.021374 1.808054 64.514131 -1.513589  
218 12 Car 0 0 -1.655315 719.718991 175.613465 740.270136 192.749200 1.479167 1.355913 3.513019 10.710908 1.744865 64.623718 -1.489925  
219 12 Car 0 0 -1.654925 739.072018 174.318353 759.780624 191.423547 1.479167 1.355913 3.513019 12.472019 1.631921 64.731232 -1.463454  
220 12 Car 0 0 -1.651296 758.360177 173.027238 779.226880 190.102963 1.479167 1.355913 3.513019 14.233129 1.518977 64.838746 -1.434090  
