1 0 Car 0 0 -1.608480 599.393230 174.331620 680.597763 236.681410 1.609268 1.664986 3.204451 0.732622 1.675081 20.510245 -1.566323  
1 1 Car 0 0 -1.233837 336.815770 180.495593 384.001540 209.459850 1.502824 1.498215 3.098828 -13.606330 1.928482 39.388887 -1.566323  
1 2 Car 0 0 -1.330891 414.691266 180.229482 458.262694 208.696956 1.502447 1.674348 4.069765 -9.731982 1.928370 40.603879 -1.566323  
2 0 Car 0 0 -1.599066 596.423712 176.100394 676.410658 238.218447 1.609268 1.664986 3.204451 0.634679 1.722179 20.586932 -1.561860  
2 1 Car 0 0 -1.216210 324.185990 181.242237 375.270969 212.055313 1.502824 1.498215 3.098828 -13.394981 1.945416 37.193721 -1.561860  
2 2 Car 0 0 -1.316025 404.454849 180.968975 452.581271 211.727159 1.502447 1.674348 4.069765 -9.459463 1.936892 37.757782 -1.561860  
3 0 Car 0 0 -1.589762 593.476577 177.855903 672.254217 239.742570 1.609268 1.664986 3.204451 0.536736 1.769277 20.663618 -1.557472  
3 1 Car 0 0 -1.197962 310.648845 182.540906 366.099317 215.448398 1.502824 1.498215 3.098828 -13.169013 1.986418 35.046789 -1.557472  
3 2 Car 0 0 -1.298172 391.413519 182.380314 444.897462 215.954465 1.502447 1.674348 4.069765 -9.246863 1.977705 34.940158 -1.557472  
4 0 Car 0 0 -1.579958 590.551566 179.598290 668.128116 241.253932 1.609268 1.664986 3.204451 0.438793 1.816374 20.740305 -1.552551  
4 1 Car 0 0 -1.177526 295.263024 184.001677 355.781785 219.305217 1.502824 1.498215 3.098828 -12.943044 2.027421 32.899856 -1.552551  
4 2 Car 0 0 -1.277499 375.930716 184.024332 435.946033 220.973666 1.502447 1.674348 4.069765 -9.034263 2.018518 32.122534 -1.552551  
5 0 Car 0 0 -1.571557 588.586718 180.171999 665.265522 241.613994 1.609268 1.664986 3.204451 0.371723 1.832356 20.807325 -1.547493  
5 1 Car 0 0 -1.153325 276.074329 184.248790 342.818514 222.252873 1.502824 1.498215 3.098828 -12.750649 2.004377 30.689887 -1.547493  
5 2 Car 0 0 -1.254902 358.203194 184.020940 426.207884 224.787750 1.502447 1.674348 4.069765 -8.786516 1.974847 29.307385 -1.547493  
6 0 Car 0 0 -1.562937 586.634547 180.741950 662.421297 241.971416 1.609268 1.664986 3.204451 0.304653 1.848337 20.874345 -1.542195  
6 1 Car 0 0 -1.126251 253.746444 184.532341 327.942496 225.683110 1.502824 1.498215 3.098828 -12.558254 1.981334 28.479918 -1.542195  
6 2 Car 0 0 -1.223763 332.054283 185.254531 411.353682 231.079698 1.502447 1.674348 4.069765 -8.648719 1.978840 26.410437 -1.542195  
7 0 Car 0 0 -1.554246 584.694929 181.308177 659.595270 242.326225 1.609268 1.664986 3.204451 0.237583 1.864319 20.941365 -1.536805  
7 1 Car 0 1 -1.094621 226.792480 186.080018 309.100849 231.148125 1.502824 1.498215 3.098828 -12.397046 2.004723 26.249072 -1.536805  
7 2 Car 0 0 -1.186583 298.864598 186.767934 393.126808 239.067350 1.502447 1.674348 4.069765 -8.510922 1.982832 23.513488 -1.536805  
8 0 Car 0 0 -1.545404 582.767741 181.815429 656.787271 242.678448 1.609268 1.664986 3.204451 0.170513 1.880300 21.008384 -1.531243  
8 1 Car 0 1 -1.058695 194.474571 187.896426 286.979901 237.702601 1.502824 1.498215 3.098828 -12.235837 2.028111 24.018225 -1.531243  
8 2 Car 0 0 -1.141032 255.347449 188.668539 370.231937 249.542948 1.502447 1.674348 4.069765 -8.373125 1.986825 20.616541 -1.531243  
9 0 Car 0 0 -1.536719 580.651724 181.326702 653.767571 241.912910 1.609268 1.664986 3.204451 0.097173 1.866282 21.074876 -1.526116  
9 1 Car 0 2 -1.014632 151.335425 187.129816 257.770818 242.514731 1.502824 1.498215 3.098828 -12.133871 1.955290 21.718207 -1.526116  
9 2 Car 0 0 -1.083291 194.941947 189.233052 339.817305 261.202818 1.502447 1.674348 4.069765 -8.284945 1.940322 17.781239 -1.526116  
10 0 Car 0 0 -1.529084 578.549047 180.786186 650.766891 241.152700 1.609268 1.664986 3.204451 0.023833 1.852264 21.141367 -1.522018  
10 1 Car 0 2 -0.964464 96.344238 187.493342 222.948566 249.896743 1.502824 1.498215 3.098828 -12.060004 1.921390 19.464925 -1.522018  
10 2 Car 0 0 -1.009600 108.118112 189.986466 299.216613 277.969024 1.502447 1.674348 4.069765 -8.196765 1.893819 14.945937 -1.522018  
11 0 Car 0 0 -1.521902 576.084358 180.177092 647.425779 240.373652 1.609268 1.664986 3.204451 -0.060364 1.836117 21.192124 -1.518859  
11 1 Car 2 2 -0.906446 25.597759 187.944404 179.735917 259.396155 1.502824 1.498215 3.098828 -11.986137 1.887489 17.211642 -1.518859  
11 2 Car 0 0 -0.921972 0.000000 191.088978 238.438588 304.174329 1.502447 1.674348 4.069765 -8.163218 1.847585 12.087231 -1.518859  
12 0 Car 0 0 -1.515098 573.631603 179.570940 644.100436 239.598747 1.609268 1.664986 3.204451 -0.144561 1.819969 21.242881 -1.516059  
12 1 Car 2 3 -0.867202 0.000000 188.518929 124.685976 271.414050 1.502824 1.498215 3.098828 -11.912271 1.853589 14.958360 -1.516059  
12 2 Car 1 0 -0.876989 0.000000 192.751056 146.770647 323.247187 1.502447 1.674348 4.069765 -8.129670 1.801352 9.228525 -1.516059  
13 0 Car 0 0 -1.508132 571.190691 178.967708 640.790756 238.827952 1.609268 1.664986 3.204451 -0.228758 1.803822 21.293638 -1.513077  
13 1 Car 2 0 -0.833079 0.000000 189.275620 52.164273 273.209781 1.502824 1.498215 3.098828 -11.838404 1.819688 12.705078 -1.513077  
14 0 Car 0 0 -1.501150 568.761533 178.367377 637.496635 238.061238 1.609268 1.664986 3.204451 -0.312955 1.787675 21.344396 -1.510062  
15 0 Car 0 0 -1.494333 566.344042 177.769927 634.217968 237.298572 1.609268 1.664986 3.204451 -0.397152 1.771527 21.395153 -1.507191  
16 0 Car 0 0 -1.488313 564.255701 176.765570 631.688857 236.168169 1.609268 1.664986 3.204451 -0.465800 1.744002 21.433341 -1.504371  
17 0 Car 0 0 -1.482486 562.174294 175.765052 629.169419 235.042128 1.609268 1.664986 3.204451 -0.534448 1.716477 21.471529 -1.501731  
18 0 Car 0 0 -1.477188 561.005954 176.210462 627.157466 235.371117 1.609268 1.664986 3.204451 -0.581963 1.728951 21.509622 -1.498635  
19 0 Car 0 0 -1.471557 559.842677 176.654419 625.151230 235.698619 1.609268 1.664986 3.204451 -0.629478 1.741425 21.547716 -1.495200  
20 0 Car 0 0 -1.465288 558.684425 177.096930 623.150699 236.024640 1.609268 1.664986 3.204451 -0.676993 1.753899 21.585809 -1.491118  
21 0 Car 0 0 -1.461043 559.279456 177.250631 623.045089 236.063759 1.609268 1.664986 3.204451 -0.670116 1.758328 21.621691 -1.486535  
22 0 Car 0 0 -1.456609 559.873366 177.403900 622.938425 236.102535 1.609268 1.664986 3.204451 -0.663240 1.762757 21.657573 -1.481763  
23 0 Car 0 0 -1.452420 560.466155 177.556738 622.830723 236.140972 1.609268 1.664986 3.204451 -0.656363 1.767186 21.693455 -1.477238  
24 0 Car 0 0 -1.448166 561.057822 177.709145 622.722003 236.179071 1.609268 1.664986 3.204451 -0.649487 1.771614 21.729336 -1.472649  
25 0 Car 0 0 -1.445050 562.043502 176.844247 623.340599 235.178527 1.609268 1.664986 3.204451 -0.626059 1.747573 21.771720 -1.468423  
26 0 Car 0 0 -1.441994 563.025648 175.982685 623.956385 234.182378 1.609268 1.664986 3.204451 -0.602632 1.723531 21.814104 -1.464260  
27 0 Car 0 0 -1.438507 564.004281 175.124442 624.569378 233.190598 1.609268 1.664986 3.204451 -0.579204 1.699489 21.856488 -1.459670  
28 0 Car 0 0 -1.435399 564.979421 174.269501 625.179594 232.203159 1.609268 1.664986 3.204451 -0.555777 1.675448 21.898871 -1.455464  
29 0 Car 0 0 -1.432819 566.628622 173.874267 626.292183 231.662313 1.609268 1.664986 3.204451 -0.514348 1.664307 21.945924 -1.450971  
30 0 Car 0 0 -1.429663 567.968444 173.480670 627.399073 231.124044 1.609268 1.664986 3.204451 -0.472919 1.653166 21.992977 -1.446120  
31 0 Car 0 0 -1.428346 570.082270 173.097448 629.383254 230.597149 1.609268 1.664986 3.204451 -0.406426 1.642274 22.040021 -1.441964  
32 0 Car 0 0 -1.424639 570.144600 174.690987 629.275954 232.001327 1.609268 1.664986 3.204451 -0.393894 1.687630 22.104905 -1.438288  
33 0 Car 0 0 -1.421828 571.088444 176.284497 630.044685 233.404093 1.609268 1.664986 3.204451 -0.356297 1.733234 22.169780 -1.434291  
34 0 Car 0 0 -1.419960 572.011307 176.190514 630.788307 233.112237 1.609268 1.664986 3.204451 -0.319209 1.730747 22.235158 -1.431268  
35 0 Car 0 0 -1.417672 572.930176 176.097104 631.525233 232.822073 1.609268 1.664986 3.204451 -0.282120 1.728261 22.300536 -1.427832  
36 0 Car 0 0 -1.416183 574.194574 175.665107 632.584489 232.208351 1.609268 1.664986 3.204451 -0.261256 1.716212 22.371758 -1.424734  
37 0 Car 0 0 -1.414632 575.452807 175.236366 633.634036 231.598224 1.609268 1.664986 3.204451 -0.240393 1.704163 22.442980 -1.421583  
38 0 Car 0 0 -1.414020 576.704894 174.810850 634.673945 230.991665 1.609268 1.664986 3.204451 -0.219529 1.692114 22.514202 -1.419383  
39 0 Car 0 0 -1.412123 577.154756 175.145566 634.881256 231.089503 1.609268 1.664986 3.204451 -0.208965 1.702109 22.602519 -1.417031  
40 0 Car 0 0 -1.410503 577.600843 175.477512 635.086822 231.186511 1.609268 1.664986 3.204451 -0.198401 1.712105 22.690836 -1.414959  
41 0 Car 0 0 -1.409572 578.043203 175.806722 635.290663 231.282698 1.609268 1.664986 3.204451 -0.187837 1.722100 22.779153 -1.413580  
42 0 Car 0 0 -1.408911 578.481883 176.133229 635.492801 231.378075 1.609268 1.664986 3.204451 -0.177273 1.732095 22.867470 -1.412475  
43 0 Car 0 0 -1.408214 578.916928 176.457068 635.693257 231.472651 1.609268 1.664986 3.204451 -0.166709 1.742090 22.955787 -1.411338  
44 0 Car 0 0 -1.406308 578.584810 176.876071 635.123124 231.658205 1.609268 1.664986 3.204451 -0.178938 1.755012 23.046583 -1.410057  
45 0 Car 0 0 -1.405184 578.255540 177.291581 634.557721 231.842175 1.609268 1.664986 3.204451 -0.191167 1.767933 23.137379 -1.409553  
46 0 Car 0 0 -1.404062 577.929084 177.703641 633.996990 232.024583 1.609268 1.664986 3.204451 -0.203395 1.780855 23.228175 -1.409046  
47 0 Car 0 0 -1.404705 578.216626 178.116197 634.035797 232.194316 1.609268 1.664986 3.204451 -0.197492 1.793938 23.325008 -1.409463  
48 0 Car 0 0 -1.403786 577.381636 177.458501 633.002038 231.337993 1.609268 1.664986 3.204451 -0.224642 1.774588 23.403612 -1.409839  
49 0 Car 0 0 -1.403352 577.352462 178.213708 632.760979 231.886874 1.609268 1.664986 3.204451 -0.227778 1.798060 23.487525 -1.409592  
50 0 Car 0 0 -1.403543 577.323538 178.963213 632.521714 232.431518 1.609268 1.664986 3.204451 -0.230915 1.821533 23.571438 -1.409969  
51 0 Car 0 0 -1.404311 577.294860 179.707081 632.284224 232.971974 1.609268 1.664986 3.204451 -0.234051 1.845006 23.655351 -1.410921  
52 0 Car 0 0 -1.402831 576.137520 178.927305 630.958074 232.022834 1.609268 1.664986 3.204451 -0.271124 1.821695 23.724127 -1.411162  
53 0 Car 0 0 -1.401460 574.987456 178.152297 629.640013 231.079641 1.609268 1.664986 3.204451 -0.308197 1.798384 23.792904 -1.411502  
54 0 Car 0 0 -1.400569 573.844601 177.382015 628.329968 230.142341 1.609268 1.664986 3.204451 -0.345270 1.775073 23.861681 -1.412310  
55 0 Car 0 0 -1.399996 572.708887 176.616415 627.027866 229.210878 1.609268 1.664986 3.204451 -0.382343 1.751762 23.930457 -1.413427  
56 0 Car 0 0 -1.398970 571.116465 175.725271 625.301926 228.187019 1.609268 1.664986 3.204451 -0.434424 1.724360 23.986001 -1.414699  
57 0 Car 0 0 -1.397928 569.531938 174.838525 623.584510 227.168239 1.609268 1.664986 3.204451 -0.486505 1.696959 24.041545 -1.415945  
58 0 Car 0 0 -1.398290 568.925217 177.509749 622.825392 229.696961 1.609268 1.664986 3.204451 -0.508800 1.780575 24.105223 -1.417252  
59 0 Car 0 0 -1.398886 568.552295 180.677482 622.300596 232.743205 1.609268 1.664986 3.204451 -0.523891 1.880821 24.168971 -1.418470  
60 0 Car 0 0 -1.398907 568.181477 183.454098 621.778751 235.772254 1.609268 1.664986 3.204451 -0.538983 1.981067 24.232719 -1.419110  
61 0 Car 0 0 -1.398071 566.759008 181.911201 620.203894 233.858179 1.609268 1.664986 3.204451 -0.587297 1.926565 24.297694 -1.420350  
62 0 Car 0 0 -1.397540 565.530216 173.751532 618.816907 225.333149 1.609268 1.664986 3.204451 -0.629926 1.663498 24.365459 -1.421631  
62 3 Car 0 0 -1.320605 527.807037 172.885586 545.025456 186.281394 1.398239 1.512299 3.701596 -7.939579 1.429235 78.012277 -1.421631  
63 0 Car 0 0 -1.396511 564.756584 172.632091 617.882889 224.055292 1.609268 1.664986 3.204451 -0.658457 1.628104 24.434438 -1.421785  
63 3 Car 0 0 -1.316827 524.579193 169.732921 542.518814 183.689404 1.398239 1.512299 3.701596 -7.925459 1.109644 74.944205 -1.421785  
64 0 Car 0 0 -1.394491 563.987617 171.519373 616.954486 222.785146 1.609268 1.664986 3.204451 -0.686989 1.592710 24.503416 -1.420940  
64 3 Car 0 0 -1.311804 521.132713 173.229048 539.866517 187.800363 1.398239 1.512299 3.701596 -7.904237 1.462393 71.869105 -1.420940  
65 0 Car 0 0 -1.393392 564.012525 175.321063 616.845850 226.465246 1.609268 1.664986 3.204451 -0.689690 1.713758 24.561327 -1.419899  
65 3 Car 0 0 -1.307359 518.228045 179.263702 537.797044 194.508946 1.398239 1.512299 3.701596 -7.803262 2.021005 68.793267 -1.419899  
66 0 Car 0 0 -1.393224 564.037308 179.103681 616.737758 230.126792 1.609268 1.664986 3.204451 -0.692392 1.834805 24.619238 -1.419789  
66 3 Car 0 0 -1.303084 514.635695 182.137164 535.300213 198.200924 1.398239 1.512299 3.701596 -7.735941 2.256726 65.754685 -1.419789  
66 4 Car 0 1 -1.357003 555.792390 180.276103 572.602209 193.712463 1.460673 1.657886 4.048741 -5.147139 2.307699 81.406680 -1.419789  
67 0 Car 0 0 -1.391643 562.909909 178.760604 615.501838 229.677014 1.609268 1.664986 3.204451 -0.731291 1.824234 24.667049 -1.419844  
67 3 Car 0 0 -1.298351 510.456859 181.356584 532.471010 198.174317 1.398239 1.512299 3.701596 -7.683034 2.147851 62.719474 -1.419844  
67 4 Car 0 1 -1.355038 553.902776 179.044943 571.566043 193.101810 1.460673 1.657886 4.048741 -5.083440 2.142107 77.899865 -1.419844  
68 0 Car 0 0 -1.392406 563.539094 176.802929 615.966852 227.556425 1.609268 1.664986 3.204451 -0.715610 1.761952 24.739147 -1.419849  
68 3 Car 0 0 -1.293085 505.839956 180.498536 529.362406 198.144910 1.398239 1.512299 3.701596 -7.630127 2.038976 59.684264 -1.419849  
68 4 Car 0 1 -1.352833 551.830089 177.694486 570.434772 192.431980 1.460673 1.657886 4.048741 -5.019741 1.976514 74.393049 -1.419849  
69 0 Car 0 0 -1.391820 564.164366 174.857384 616.428983 225.449033 1.609268 1.664986 3.204451 -0.699929 1.699670 24.811245 -1.418511  
69 3 Car 0 0 -1.285914 500.712276 179.489755 525.930880 198.112240 1.398239 1.512299 3.701596 -7.577221 1.930101 56.649054 -1.418511  
69 4 Car 0 1 -1.349064 549.546369 176.206513 569.194672 191.693935 1.460673 1.657886 4.048741 -4.956042 1.810922 70.886234 -1.418511  
70 0 Car 0 0 -1.391950 564.785762 172.923856 616.888257 223.354716 1.609268 1.664986 3.204451 -0.684248 1.637389 24.883343 -1.417892  
70 3 Car 0 0 -1.278809 494.984070 178.362621 522.123376 198.075733 1.398239 1.512299 3.701596 -7.524314 1.821226 53.613843 -1.417892  
70 4 Car 0 1 -1.345761 547.017658 174.558890 567.829246 190.876694 1.460673 1.657886 4.048741 -4.892343 1.645329 67.379419 -1.417892  
71 0 Car 0 0 -1.391435 564.700807 173.760578 616.657545 224.050154 1.609268 1.664986 3.204451 -0.687991 1.664491 24.948367 -1.417595  
71 3 Car 0 0 -1.271203 488.419012 177.865758 517.921877 198.803657 1.398239 1.512299 3.701596 -7.474368 1.764386 50.581559 -1.417595  
71 4 Car 0 1 -1.343011 544.673201 175.029384 566.614217 192.250973 1.460673 1.657886 4.048741 -4.800775 1.677657 63.951003 -1.417595  
72 0 Car 0 0 -1.390507 564.616440 174.592779 616.427980 224.741621 1.609268 1.664986 3.204451 -0.691734 1.691594 25.013391 -1.416885  
72 3 Car 0 0 -1.262225 481.588749 180.085457 512.546526 202.419927 1.398239 1.512299 3.701596 -7.427195 1.884277 47.547986 -1.416885  
72 4 Car 0 0 -1.339567 542.053903 175.554974 565.266027 193.786435 1.460673 1.657886 4.048741 -4.709207 1.709985 60.522587 -1.416885  
73 0 Car 0 0 -1.388967 564.532657 175.420497 616.199553 225.429152 1.609268 1.664986 3.204451 -0.695478 1.718697 25.078416 -1.415561  
73 3 Car 0 0 -1.252010 473.540996 181.017432 507.433975 204.981053 1.398239 1.512299 3.701596 -7.357683 1.911690 44.520971 -1.415561  
73 4 Car 0 0 -1.335179 539.108414 176.145938 563.761527 195.513200 1.460673 1.657886 4.048741 -4.617639 1.742313 57.094171 -1.415561  
74 0 Car 0 0 -1.388504 565.046117 174.458628 616.567046 224.323260 1.609268 1.664986 3.204451 -0.679797 1.687488 25.144292 -1.414488  
74 3 Car 0 0 -1.240767 464.266586 182.041734 501.606206 207.932819 1.398239 1.512299 3.701596 -7.288170 1.939103 41.493956 -1.414488  
74 4 Car 0 0 -1.330646 535.771744 176.815281 562.071870 197.469397 1.460673 1.657886 4.048741 -4.526071 1.774641 53.665756 -1.414488  
75 0 Car 0 0 -1.388727 565.575674 175.407237 616.952787 225.132778 1.609268 1.664986 3.204451 -0.663458 1.718686 25.209517 -1.414077  
75 3 Car 0 0 -1.228610 453.461840 183.219962 494.901926 211.371975 1.398239 1.512299 3.701596 -7.218657 1.966515 38.466941 -1.414077  
75 4 Car 0 0 -1.326299 531.960410 177.579703 560.160646 199.704004 1.460673 1.657886 4.048741 -4.434504 1.806969 50.237341 -1.414077  
76 0 Car 0 0 -1.389134 565.828880 173.967810 617.078565 223.568366 1.609268 1.664986 3.204451 -0.659783 1.671635 25.268502 -1.414222  
76 3 Car 0 0 -1.212706 439.208944 183.674055 485.105648 214.471177 1.398239 1.512299 3.701596 -7.222751 1.945464 35.376745 -1.414222  
76 4 Car 0 0 -1.320596 526.353914 177.739128 557.259646 201.591256 1.460673 1.657886 4.048741 -4.398929 1.793907 46.743592 -1.414222  
77 0 Car 0 0 -1.388693 566.093951 173.853230 617.217777 223.332066 1.609268 1.664986 3.204451 -0.655650 1.667960 25.327033 -1.413501  
77 3 Car 0 0 -1.192959 422.059277 184.210186 473.538248 218.200703 1.398239 1.512299 3.701596 -7.226846 1.924412 32.286549 -1.413501  
77 4 Car 0 0 -1.313076 519.798480 177.925587 553.910407 203.798127 1.460673 1.657886 4.048741 -4.363354 1.780844 43.249844 -1.413501  
78 0 Car 0 0 -1.388286 566.407313 178.723233 617.409540 228.091635 1.609268 1.664986 3.204451 -0.649780 1.828749 25.383846 -1.412744  
78 3 Car 0 0 -1.170696 401.931912 189.455348 460.907010 227.975740 1.398239 1.512299 3.701596 -7.192596 2.102159 29.217270 -1.412744  
78 4 Car 0 0 -1.305346 512.801385 182.933025 550.734332 211.427673 1.460673 1.657886 4.048741 -4.292585 2.033074 39.813456 -1.412744  
79 0 Car 0 0 -1.388578 567.131917 183.019189 618.006857 232.612761 1.609268 1.664986 3.204451 -0.630439 1.982646 25.443563 -1.412121  
79 3 Car 0 0 -1.143726 376.721057 195.849369 445.507678 240.221105 1.398239 1.512299 3.701596 -7.158347 2.279905 26.147991 -1.412121  
79 4 Car 0 0 -1.296414 504.407513 188.569947 546.988670 220.581529 1.460673 1.657886 4.048741 -4.221817 2.285305 36.377069 -1.412121  
80 0 Car 0 0 -1.388595 567.804210 182.776584 618.548822 232.210364 1.609268 1.664986 3.204451 -0.612811 1.974378 25.504975 -1.411296  
80 3 Car 0 0 -1.110934 344.965750 196.829673 427.184309 247.704445 1.398239 1.512299 3.701596 -7.108896 2.217138 23.112773 -1.411296  
80 4 Car 0 0 -1.284542 493.465352 188.310319 541.750539 223.869193 1.460673 1.657886 4.048741 -4.181240 2.197441 32.919079 -1.411296  
81 0 Car 0 0 -1.388139 568.470446 182.300374 619.085124 231.543355 1.609268 1.664986 3.204451 -0.595277 1.957263 25.566479 -1.410007  
81 3 Car 0 0 -1.068645 302.652024 198.081352 403.785023 257.678027 1.398239 1.512299 3.701596 -7.059445 2.154371 20.077556 -1.410007  
81 4 Car 0 0 -1.269581 479.769589 187.993650 535.360700 227.984706 1.460673 1.657886 4.048741 -4.140664 2.109578 29.461089 -1.410007  
82 0 Car 0 0 -1.388238 568.739556 180.754378 619.274920 229.711496 1.609268 1.664986 3.204451 -0.589514 1.899389 25.604220 -1.409789  
82 3 Car 0 0 -1.014105 243.463677 199.735187 372.861727 271.632983 1.398239 1.512299 3.701596 -7.009994 2.091605 17.042339 -1.409789  
82 4 Car 0 0 -1.252010 462.131107 187.598819 527.392469 233.285799 1.460673 1.657886 4.048741 -4.100087 2.021714 26.003099 -1.409789  
83 0 Car 0 0 -1.388337 569.015539 179.812038 619.472356 228.657685 1.609268 1.664986 3.204451 -0.583481 1.867219 25.641692 -1.409559  
83 3 Car 0 0 -0.938446 155.219352 201.988998 328.844140 292.144150 1.398239 1.512299 3.701596 -6.997708 2.030330 14.061573 -1.409559  
83 4 Car 0 0 -1.228754 438.905897 187.293504 516.416006 240.492119 1.460673 1.657886 4.048741 -4.076339 1.941578 22.595058 -1.409559  
84 0 Car 0 0 -1.388660 569.282468 178.015189 619.660337 226.782229 1.609268 1.664986 3.204451 -0.577737 1.807555 25.679452 -1.409568  
84 3 Car 0 0 -0.830003 9.992542 205.278975 264.566934 325.921228 1.398239 1.512299 3.701596 -6.985422 1.969055 11.080807 -1.409568  
84 4 Car 0 0 -1.197470 406.455894 186.890320 501.916423 250.563527 1.460673 1.657886 4.048741 -4.052591 1.861442 19.187016 -1.409568  
85 0 Car 0 0 -1.388812 569.525811 174.596732 619.866183 223.322387 1.609268 1.664986 3.204451 -0.571658 1.693383 25.697444 -1.409408  
85 3 Car 1 0 -0.777110 0.000000 210.532923 161.862572 360.370745 1.398239 1.512299 3.701596 -6.973136 1.907781 8.100041 -1.409408  
85 4 Car 0 0 -1.152366 357.922236 186.333200 481.873798 265.632645 1.460673 1.657886 4.048741 -4.028843 1.781306 15.778975 -1.409408  
86 0 Car 0 0 -1.388895 569.813004 175.602939 620.119097 224.297953 1.609268 1.664986 3.204451 -0.564017 1.727100 25.713890 -1.409117  
86 4 Car 0 0 -1.085356 281.217839 189.272716 453.649867 294.656697 1.460673 1.657886 4.048741 -4.005491 1.779074 12.492029 -1.409117  
87 0 Car 0 0 -1.389411 570.101649 176.789462 620.373592 225.454424 1.609268 1.664986 3.204451 -0.556311 1.766902 25.730272 -1.409257  
87 4 Car 0 0 -0.971216 134.251304 193.926123 408.945917 350.324642 1.460673 1.657886 4.048741 -3.982140 1.776841 9.205084 -1.409257  
88 0 Car 0 0 -1.389704 570.387087 177.690512 620.624673 226.324833 1.609268 1.664986 3.204451 -0.548706 1.797194 25.746754 -1.409178  
88 4 Car 1 0 -0.855669 0.000000 202.409177 327.378810 374.000000 1.460673 1.657886 4.048741 -3.958788 1.774608 5.918139 -1.409178  
89 0 Car 0 0 -1.390301 570.301658 177.471341 620.504686 226.072619 1.609268 1.664986 3.204451 -0.553521 1.789965 25.763425 -1.409918  
89 4 Car 1 0 -0.770343 0.000000 216.529568 145.638643 374.000000 1.460673 1.657886 4.048741 -3.933415 1.740535 2.774415 -1.409918  
90 0 Car 0 0 -1.390247 570.216354 177.252482 620.384859 225.820740 1.609268 1.664986 3.204451 -0.558335 1.782736 25.780096 -1.410006  
91 0 Car 0 0 -1.389916 569.994041 176.551753 620.151905 225.109085 1.609268 1.664986 3.204451 -0.567119 1.759256 25.785294 -1.409990  
92 0 Car 0 0 -1.390155 569.771825 175.851358 619.919050 224.397702 1.609268 1.664986 3.204451 -0.575904 1.735776 25.790492 -1.410545  
93 0 Car 0 0 -1.389979 569.549707 175.151297 619.686295 223.686593 1.609268 1.664986 3.204451 -0.584688 1.712296 25.795690 -1.410684  
94 0 Car 0 0 -1.389627 568.865880 176.093250 619.078468 224.702866 1.609268 1.664986 3.204451 -0.604506 1.743757 25.759267 -1.411227  
95 0 Car 0 0 -1.388862 568.180032 177.038090 618.468766 225.722163 1.609268 1.664986 3.204451 -0.624324 1.775218 25.722845 -1.411358  
96 0 Car 0 0 -1.388222 567.239969 176.797410 617.604589 225.553207 1.609268 1.664986 3.204451 -0.652577 1.766954 25.686686 -1.411969  
97 0 Car 0 0 -1.387429 566.297135 176.555995 616.737762 225.383749 1.609268 1.664986 3.204451 -0.680830 1.758690 25.650527 -1.412429  
98 0 Car 0 0 -1.387132 565.312295 176.391311 615.850805 225.312466 1.609268 1.664986 3.204451 -0.709755 1.752958 25.604034 -1.413428  
98 21 Car 0 1 -1.703594 808.136146 169.379281 841.875451 185.973256 1.360240 1.504688 4.208781 18.390384 1.102569 61.919943 -1.413428  
99 0 Car 0 0 -1.386536 564.305575 174.399911 614.940906 223.410187 1.609268 1.664986 3.204451 -0.739321 1.686516 25.558174 -1.414159  
99 21 Car 0 1 -1.710652 812.504476 167.012490 847.469934 184.050269 1.360240 1.504688 4.208781 18.337705 0.918905 60.353763 -1.414159  
100 0 Car 0 0 -1.386037 563.323394 175.262124 614.057899 224.369198 1.609268 1.664986 3.204451 -0.767884 1.715018 25.511323 -1.414952  
100 21 Car 0 1 -1.718640 817.521839 168.300206 853.830241 185.810943 1.360240 1.504688 4.208781 18.320221 1.032835 58.785479 -1.414952  
101 0 Car 0 0 -1.385538 563.003594 177.994025 613.896026 227.258341 1.609268 1.664986 3.204451 -0.772631 1.805129 25.436929 -1.414786  
101 21 Car 0 1 -1.726031 822.804547 169.661146 860.552313 187.671863 1.360240 1.504688 4.208781 18.302736 1.146766 57.217194 -1.414786  
102 0 Car 0 0 -1.385456 562.659662 178.503764 613.709313 227.920638 1.609268 1.664986 3.204451 -0.778159 1.821404 25.363308 -1.415071  
102 21 Car 0 1 -1.734261 828.374220 171.101740 867.667920 189.641841 1.360240 1.504688 4.208781 18.285252 1.260696 55.648910 -1.415071  
103 0 Car 0 0 -1.384190 562.302122 177.853811 613.509059 227.421364 1.609268 1.664986 3.204451 -0.784091 1.799455 25.290086 -1.414192  
103 5 Car 0 0 -1.324666 536.000466 180.181997 553.580017 195.633922 1.658249 1.613142 3.456527 -7.208096 2.479610 79.951848 -1.414192  
103 21 Car 0 1 -1.741900 834.374754 170.053773 875.340304 189.151384 1.360240 1.504688 4.208781 18.277824 1.188945 54.082952 -1.414192  
104 0 Car 0 0 -1.383369 561.937853 176.740344 613.302661 226.458481 1.609268 1.664986 3.204451 -0.790181 1.762450 25.217021 -1.413765  
104 5 Car 0 0 -1.321196 533.356086 179.463045 551.795664 195.577116 1.658249 1.613142 3.456527 -7.153962 2.372181 76.736194 -1.413765  
104 21 Car 0 1 -1.751315 841.411162 169.722485 884.201812 189.422690 1.360240 1.504688 4.208781 18.312945 1.171952 52.492729 -1.413765  
105 0 Car 0 0 -1.382454 561.573047 175.791304 613.096780 225.661441 1.609268 1.664986 3.204451 -0.796213 1.731044 25.143898 -1.413246  
105 5 Car 0 0 -1.317368 530.474947 178.679690 549.858769 195.515222 1.658249 1.613142 3.456527 -7.099827 2.264752 73.520540 -1.413246  
105 21 Car 0 1 -1.761183 848.869622 169.369612 893.640824 189.711678 1.360240 1.504688 4.208781 18.348067 1.154959 50.902507 -1.413246  
106 0 Car 0 0 -1.382707 562.401656 175.740963 614.091145 225.771342 1.609268 1.664986 3.204451 -0.763159 1.729088 25.068041 -1.412237  
106 5 Car 0 0 -1.312917 527.432721 178.473608 547.886988 196.121992 1.658249 1.613142 3.456527 -7.024451 2.218464 70.212844 -1.412237  
106 21 Car 0 1 -1.771149 856.789282 168.992976 903.715697 190.020133 1.360240 1.504688 4.208781 18.383189 1.137967 49.312285 -1.412237  
107 0 Car 0 0 -1.382829 563.235610 175.690293 615.091994 225.881949 1.609268 1.664986 3.204451 -0.730105 1.727132 24.992184 -1.411088  
107 5 Car 0 0 -1.307987 524.081922 178.246608 545.725086 196.790326 1.658249 1.613142 3.456527 -6.949075 2.172175 66.905147 -1.411088  
107 21 Car 0 1 -1.781614 865.214280 168.590090 914.492921 190.350093 1.360240 1.504688 4.208781 18.418310 1.120974 47.722062 -1.411088  
108 0 Car 0 0 -1.383261 564.074963 175.639292 616.099389 225.993270 1.609268 1.664986 3.204451 -0.697052 1.725177 24.916326 -1.410242  
108 5 Car 0 0 -1.302967 520.373092 177.995336 543.344174 197.530092 1.658249 1.613142 3.456527 -6.873699 2.125887 63.597450 -1.410242  
108 21 Car 0 1 -1.793072 874.194578 168.158113 926.048598 190.703887 1.360240 1.504688 4.208781 18.453432 1.103981 46.131840 -1.410242  
109 0 Car 0 0 -1.384065 564.919766 175.587956 617.113396 226.105310 1.609268 1.664986 3.204451 -0.663998 1.723221 24.840469 -1.409759  
109 5 Car 0 0 -1.297854 516.245608 177.715678 540.709199 198.353390 1.658249 1.613142 3.456527 -6.798323 2.079599 60.289753 -1.409759  
109 21 Car 0 1 -1.805493 883.680887 167.469797 938.317280 190.844715 1.360240 1.504688 4.208781 18.492162 1.073597 44.569235 -1.409759  
110 0 Car 0 0 -1.383962 565.770072 175.536282 618.134079 226.218078 1.609268 1.664986 3.204451 -0.630944 1.721265 24.764612 -1.408360  
110 5 Car 0 0 -1.291290 511.624341 177.402538 537.777205 199.275215 1.658249 1.613142 3.456527 -6.722948 2.033311 56.982057 -1.408360  
110 21 Car 0 1 -1.817790 893.824125 166.728909 951.523299 190.996303 1.360240 1.504688 4.208781 18.530892 1.043213 43.006630 -1.408360  
111 0 Car 0 0 -1.383217 566.054506 176.163676 618.579494 227.001937 1.609268 1.664986 3.204451 -0.616938 1.741098 24.693477 -1.407109  
111 5 Car 0 0 -1.284193 506.442052 178.360891 534.400998 201.614625 1.658249 1.613142 3.456527 -6.653455 2.081699 53.700978 -1.407109  
111 21 Car 0 1 -1.831098 904.694975 165.929190 965.778343 191.159931 1.360240 1.504688 4.208781 18.569623 1.012829 41.444025 -1.407109  
112 0 Car 0 0 -1.382998 566.340694 176.794961 619.027669 227.790619 1.609268 1.664986 3.204451 -0.602932 1.760931 24.622342 -1.406382  
112 5 Car 0 0 -1.276863 500.561488 179.448316 530.600047 204.269379 1.658249 1.613142 3.456527 -6.583962 2.130086 50.419900 -1.406382  
112 6 Car 0 0 -1.322502 539.763538 177.509435 558.025985 191.592537 1.493113 1.666348 4.375908 -6.716523 2.024634 79.586180 -1.406382  
112 21 Car 0 1 -1.845939 916.428559 166.770354 981.280948 193.049778 1.360240 1.504688 4.208781 18.609388 1.071943 39.876477 -1.406382  
113 0 Car 0 0 -1.382402 566.628651 177.430173 619.478630 228.584171 1.609268 1.664986 3.204451 -0.588926 1.780764 24.551207 -1.405273  
113 5 Car 0 0 -1.268239 493.831317 180.669076 526.288823 207.307845 1.658249 1.613142 3.456527 -6.514469 2.178474 47.138821 -1.405273  
113 6 Car 0 0 -1.318954 537.545437 179.242276 556.697965 193.920379 1.493113 1.666348 4.375908 -6.639536 2.182800 76.451636 -1.405273  
113 21 Car 0 1 -1.861432 929.071971 167.684326 998.125872 195.103263 1.360240 1.504688 4.208781 18.649154 1.131057 38.308929 -1.405273  
114 0 Car 0 0 -1.382250 566.918394 178.069347 619.932402 229.382636 1.609268 1.664986 3.204451 -0.574920 1.800598 24.480072 -1.404606  
114 5 Car 0 0 -1.258317 485.559306 180.837502 520.933788 209.593541 1.658249 1.613142 3.456527 -6.466474 2.153082 43.814988 -1.404606  
114 6 Car 0 0 -1.315901 535.329213 178.436147 555.444738 193.760050 1.493113 1.666348 4.375908 -6.543397 2.075554 73.319999 -1.404606  
114 21 Car 0 1 -1.878402 942.660957 168.515386 1016.394785 197.170077 1.360240 1.504688 4.208781 18.688655 1.182165 36.749479 -1.404606  
115 0 Car 0 0 -1.381643 567.014872 175.541489 620.217908 227.034307 1.609268 1.664986 3.204451 -0.566477 1.720048 24.398643 -1.403735  
115 5 Car 0 0 -1.247044 476.190509 179.288761 514.941985 210.390879 1.658249 1.613142 3.456527 -6.419164 2.031712 40.588355 -1.403735  
115 6 Car 0 0 -1.312430 532.908968 177.555773 554.083032 193.584957 1.493113 1.666348 4.375908 -6.447258 1.968308 70.188362 -1.403735  
115 21 Car 0 1 -1.896324 957.327746 165.234279 1036.315495 195.233719 1.360240 1.504688 4.208781 18.726124 1.040910 35.192040 -1.403735  
116 0 Car 0 0 -1.381350 567.112043 172.995458 620.505463 224.669203 1.609268 1.664986 3.204451 -0.558033 1.639499 24.317213 -1.403176  
116 5 Car 0 0 -1.234308 465.125411 177.414375 507.961394 211.332653 1.658249 1.613142 3.456527 -6.371855 1.910343 37.361722 -1.403176  
116 6 Car 0 0 -1.309208 530.390754 175.270000 552.724749 192.071771 1.493113 1.666348 4.375908 -6.339067 1.742317 67.058004 -1.403176  
116 21 Car 0 1 -1.915456 972.976420 162.513309 1057.664203 193.970350 1.360240 1.504688 4.208781 18.756407 0.938016 33.655994 -1.403176  
117 0 Car 0 0 -1.380370 567.358321 173.096868 620.775247 224.793220 1.609268 1.664986 3.204451 -0.549104 1.642689 24.307118 -1.401839  
117 5 Car 0 0 -1.218784 452.048072 179.963704 499.918718 217.279636 1.658249 1.613142 3.456527 -6.312523 2.004389 34.119262 -1.401839  
117 6 Car 0 0 -1.304306 527.135202 177.323633 550.789045 194.979121 1.493113 1.666348 4.375908 -6.271653 1.907575 63.923375 -1.401839  
117 21 Car 0 1 -1.935230 990.027757 159.513702 1081.199791 192.577809 1.360240 1.504688 4.208781 18.786690 0.835123 32.119947 -1.401839  
118 0 Car 0 0 -1.379920 567.842397 175.091007 621.424191 226.948979 1.609268 1.664986 3.204451 -0.529236 1.705287 24.237169 -1.400603  
118 5 Car 0 0 -1.200434 436.062119 182.797186 490.277172 224.550136 1.658249 1.613142 3.456527 -6.253191 2.098436 30.876801 -1.400603  
118 6 Car 0 0 -1.299138 523.531567 179.596952 548.660596 198.197418 1.493113 1.666348 4.375908 -6.204238 2.072833 60.788747 -1.400603  
118 21 Car 0 1 -1.957294 1009.170018 160.427203 1108.044986 195.349324 1.360240 1.504688 4.208781 18.806460 0.900632 30.524757 -1.400603  
119 0 Car 0 0 -1.379792 568.329464 177.097551 622.077171 229.118045 1.609268 1.664986 3.204451 -0.509368 1.767886 24.167221 -1.399686  
119 5 Car 0 0 -1.177045 414.899120 186.229723 477.515567 233.710566 1.658249 1.613142 3.456527 -6.230214 2.193119 27.612405 -1.399686  
119 6 Car 0 0 -1.293986 519.639498 182.279755 546.375511 202.075637 1.493113 1.666348 4.375908 -6.130729 2.261335 57.665725 -1.399686  
119 21 Car 0 1 -1.982448 1031.164570 166.399793 1139.118673 203.407553 1.360240 1.504688 4.208781 18.863526 1.150360 28.928048 -1.399686  
120 0 Car 0 0 -1.381015 568.819548 179.116616 622.734226 231.300541 1.609268 1.664986 3.204451 -0.489501 1.830484 24.097273 -1.400114  
120 5 Car 0 0 -1.147890 386.576980 187.019201 460.643564 241.472782 1.658249 1.613142 3.456527 -6.240640 2.161168 24.349210 -1.400114  
120 6 Car 0 0 -1.288486 514.366375 182.888547 542.991548 203.915686 1.493113 1.666348 4.375908 -6.124006 2.268450 54.544480 -1.400114  
120 21 Car 0 2 -2.007971 1052.828829 167.678196 1170.284333 206.802309 1.360240 1.504688 4.208781 18.899639 1.208308 27.477432 -1.400114  
121 0 Car 0 0 -1.381381 568.884166 178.846488 622.952849 231.178794 1.609268 1.664986 3.204451 -0.483284 1.821515 24.033076 -1.400283  
121 5 Car 0 0 -1.111019 349.917213 182.200339 439.725731 244.765854 1.658249 1.613142 3.456527 -6.241281 1.945366 21.148889 -1.400283  
121 6 Car 0 0 -1.282827 509.050316 177.585600 539.785439 199.721142 1.493113 1.666348 4.375908 -6.075226 1.848021 51.427762 -1.400283  
121 21 Car 0 1 -2.035918 1077.331495 164.248969 1206.460846 205.906518 1.360240 1.504688 4.208781 18.898069 1.106031 25.932089 -1.400283  
122 0 Car 0 0 -1.381095 568.949156 178.574803 623.172729 231.056351 1.609268 1.664986 3.204451 -0.477068 1.812545 23.968879 -1.399801  
122 5 Car 0 0 -1.061185 298.841291 181.687657 412.054468 256.500362 1.658249 1.613142 3.456527 -6.240227 1.889866 17.946893 -1.399801  
122 6 Car 0 0 -1.273981 501.649671 175.599200 534.937111 199.231160 1.493113 1.666348 4.375908 -6.113383 1.700536 48.308074 -1.399801  
122 21 Car 0 0 -2.062645 1104.687412 160.404959 1241.000000 204.886646 1.360240 1.504688 4.208781 18.896499 1.003754 24.386745 -1.399801  
123 0 Car 0 0 -1.380533 569.014523 178.301548 623.393877 230.933206 1.609268 1.664986 3.204451 -0.470852 1.803576 23.904681 -1.399040  
123 5 Car 0 0 -0.992516 223.631180 184.741660 374.235602 278.649313 1.658249 1.613142 3.456527 -6.231749 1.920798 14.764089 -1.399040  
123 6 Car 0 0 -1.263746 493.202452 176.337330 529.475994 201.685045 1.493113 1.666348 4.375908 -6.149643 1.732662 45.186509 -1.399040  
123 7 Car 0 1 -1.444888 634.535987 169.546435 650.790740 184.032768 1.428985 1.496953 3.384498 3.307681 1.124859 73.641867 -1.399040  
123 21 Car 0 0 -2.074816 1135.030983 156.264741 1241.000000 203.464553 1.360240 1.504688 4.208781 18.898762 0.896448 22.860328 -1.399040  
124 0 Car 0 0 -1.380168 569.080269 178.026710 623.616304 230.809352 1.609268 1.664986 3.204451 -0.464636 1.794606 23.840484 -1.398475  
124 5 Car 0 0 -0.891806 99.868412 189.252604 318.351303 315.121952 1.658249 1.613142 3.456527 -6.223270 1.951731 11.581285 -1.398475  
124 6 Car 0 0 -1.254356 484.971091 177.566529 524.720224 204.931101 1.493113 1.666348 4.375908 -6.091245 1.785229 42.017375 -1.398475  
124 7 Car 0 1 -1.445416 635.140303 170.991094 651.766576 185.784526 1.428985 1.496953 3.384498 3.317776 1.272801 72.149264 -1.398475  
124 21 Car 1 0 -2.088550 1169.322741 153.098057 1241.000000 200.292148 1.360240 1.504688 4.208781 18.901026 0.789141 21.333910 -1.398475  
125 0 Car 0 0 -1.380168 569.146398 177.750274 623.840020 230.684785 1.609268 1.664986 3.204451 -0.458420 1.785637 23.776287 -1.398274  
125 5 Car 0 0 -0.796171 0.000000 196.589643 227.395612 374.000000 1.658249 1.613142 3.456527 -6.214792 1.982663 8.398482 -1.398274  
125 6 Car 0 0 -1.243307 474.899407 180.645720 518.781691 210.350916 1.493113 1.666348 4.375908 -6.067057 1.923350 38.917598 -1.398274  
125 7 Car 0 1 -1.446354 635.769546 172.498275 652.784653 187.612103 1.428985 1.496953 3.384498 3.327871 1.420743 70.656660 -1.398274  
125 21 Car 2 0 -2.104217 1208.338497 153.617236 1241.000000 200.804433 1.360240 1.504688 4.208781 18.900911 0.788056 19.806398 -1.398274  
126 0 Car 0 0 -1.379662 569.212913 177.472227 624.065038 230.559497 1.609268 1.664986 3.204451 -0.452203 1.776667 23.712090 -1.397566  
126 6 Car 0 0 -1.229884 462.972638 183.901601 511.874222 216.769470 1.493113 1.666348 4.375908 -6.042868 2.061471 35.817821 -1.397566  
126 7 Car 0 1 -1.446834 636.425292 174.072125 653.847774 189.520531 1.428985 1.496953 3.384498 3.337966 1.568685 69.164056 -1.397566  
127 0 Car 0 0 -1.379530 569.279817 177.192554 624.291369 230.433482 1.609268 1.664986 3.204451 -0.445987 1.767698 23.647892 -1.397232  
127 6 Car 0 0 -1.211989 446.642570 185.388080 502.056594 221.846036 1.493113 1.666348 4.375908 -6.095111 2.085390 32.684555 -1.397232  
127 7 Car 0 1 -1.447741 637.109250 175.717169 654.958996 191.515296 1.428985 1.496953 3.384498 3.348061 1.716628 67.671453 -1.397232  
128 0 Car 0 0 -1.380528 569.347114 176.911241 624.519023 230.306734 1.609268 1.664986 3.204451 -0.439771 1.758729 23.583695 -1.398026  
128 6 Car 0 0 -1.191567 426.576641 187.167980 490.300053 228.084646 1.493113 1.666348 4.375908 -6.147353 2.109309 29.551290 -1.398026  
128 7 Car 0 1 -1.449831 637.823281 177.438349 656.121660 193.602392 1.428985 1.496953 3.384498 3.358155 1.864570 66.178849 -1.398026  
129 0 Car 0 0 -1.379990 569.175504 176.712301 624.529291 230.283417 1.609268 1.664986 3.204451 -0.440370 1.752270 23.511287 -1.397599  
129 6 Car 0 0 -1.166678 402.738764 187.591511 477.091199 233.820428 1.493113 1.666348 4.375908 -6.160183 2.064537 26.446042 -1.397599  
129 7 Car 0 1 -1.450460 638.349549 177.234125 657.121870 193.786504 1.428985 1.496953 3.384498 3.347555 1.837130 64.665751 -1.397599  
130 0 Car 0 0 -1.380926 569.002766 176.512038 624.539623 230.259946 1.609268 1.664986 3.204451 -0.440970 1.745812 23.438880 -1.398647  
130 6 Car 0 0 -1.136933 371.911547 188.118049 460.667854 241.239204 1.493113 1.666348 4.375908 -6.173013 2.019765 23.340793 -1.398647  
130 7 Car 0 1 -1.452614 638.900372 177.019848 658.171323 193.979681 1.428985 1.496953 3.384498 3.336954 1.809690 63.152652 -1.398647  
131 0 Car 0 0 -1.380657 568.828888 176.310437 624.550021 230.236318 1.609268 1.664986 3.204451 -0.441569 1.739353 23.366472 -1.398492  
131 6 Car 0 0 -1.096889 330.492976 188.790375 439.694056 251.209071 1.493113 1.666348 4.375908 -6.185843 1.974993 20.235545 -1.398492  
131 7 Car 0 1 -1.453618 639.477508 176.794759 659.273749 194.182610 1.428985 1.496953 3.384498 3.326353 1.782250 61.639553 -1.398492  
132 0 Car 0 0 -1.380702 568.653860 176.107486 624.560484 230.212533 1.609268 1.664986 3.204451 -0.442168 1.732895 23.294065 -1.398651  
132 6 Car 0 0 -1.042688 270.951108 192.413334 411.630737 269.126276 1.493113 1.666348 4.375908 -6.193344 2.002045 17.077330 -1.398651  
132 7 Car 0 1 -1.454997 640.082891 176.558016 660.433261 194.396048 1.428985 1.496953 3.384498 3.315753 1.754811 60.126455 -1.398651  
132 19 Car 0 0 -1.692768 812.384593 163.607668 843.844018 185.116080 1.796592 1.670859 3.616551 18.893470 1.044383 62.660943 -1.398651  
133 0 Car 0 0 -1.380739 568.477670 175.903172 624.571013 230.188588 1.609268 1.664986 3.204451 -0.442767 1.726436 23.221657 -1.398802  
133 6 Car 0 0 -0.970374 185.146001 197.740783 374.890773 295.766355 1.493113 1.666348 4.375908 -6.199550 2.040836 14.075310 -1.398802  
133 7 Car 0 1 -1.456431 640.718646 176.308692 661.654412 194.620833 1.428985 1.496953 3.384498 3.305152 1.727371 58.613356 -1.398802  
133 19 Car 0 0 -1.699872 817.322466 164.420844 849.884334 186.473334 1.796592 1.670859 3.616551 18.902387 1.130530 61.158676 -1.398802  
134 0 Car 0 0 -1.380304 568.104217 177.027043 624.353505 231.464243 1.609268 1.664986 3.204451 -0.449929 1.759789 23.161456 -1.398777  
134 6 Car 0 0 -0.863355 41.547356 205.479006 321.505637 340.381204 1.493113 1.666348 4.375908 -6.205756 2.079628 11.073289 -1.398777  
134 7 Car 0 1 -1.457563 641.273014 178.019470 662.776642 196.820073 1.428985 1.496953 3.384498 3.285586 1.851779 57.135128 -1.398777  
134 18 Car 0 1 -1.683400 804.985413 171.571680 836.328925 187.914845 1.413191 1.686496 4.095490 18.985459 1.331184 65.215430 -1.398777  
134 19 Car 0 0 -1.707120 822.501574 165.276249 856.238437 187.901060 1.796592 1.670859 3.616551 18.911305 1.216677 59.656409 -1.398777  
135 0 Car 0 0 -1.380131 567.728690 178.157234 624.134768 232.747003 1.609268 1.664986 3.204451 -0.457091 1.793141 23.101255 -1.399015  
135 6 Car 1 0 -0.800340 0.000000 213.749961 234.661627 374.000000 1.493113 1.666348 4.375908 -6.211659 2.061092 8.058500 -1.399015  
135 7 Car 0 1 -1.459021 641.855945 179.823973 663.960367 199.139752 1.428985 1.496953 3.384498 3.266021 1.976187 55.656900 -1.399015  
135 18 Car 0 1 -1.689891 809.376608 172.836516 841.751521 189.568908 1.413191 1.686496 4.095490 18.987110 1.441950 63.744202 -1.399015  
135 19 Car 0 0 -1.714972 827.940037 166.177260 862.931429 189.404894 1.796592 1.670859 3.616551 18.920223 1.302823 58.154142 -1.399015  
136 0 Car 0 0 -1.379883 567.351070 179.293800 623.914793 234.036928 1.609268 1.664986 3.204451 -0.464253 1.826494 23.041054 -1.399182  
136 6 Car 2 0 -0.729163 0.000000 228.863562 75.791727 374.000000 1.493113 1.666348 4.375908 -6.217562 2.042556 5.043711 -1.399182  
136 7 Car 0 1 -1.460475 642.469706 181.647546 665.210783 201.590041 1.428985 1.496953 3.384498 3.246456 2.100595 54.178672 -1.399182  
136 18 Car 0 1 -1.696583 813.968554 174.163157 847.439147 191.303746 1.413191 1.686496 4.095490 18.988761 1.552717 62.272973 -1.399182  
136 19 Car 0 0 -1.723117 833.657836 167.127626 869.991163 190.991085 1.796592 1.670859 3.616551 18.929141 1.388970 56.651875 -1.399182  
137 0 Car 0 0 -1.380119 568.033740 177.831919 624.755781 232.725184 1.609268 1.664986 3.204451 -0.437816 1.782578 22.980697 -1.398362  
137 7 Car 0 1 -1.462196 643.944711 179.855203 667.415653 200.289039 1.428985 1.496953 3.384498 3.289451 1.949842 52.703089 -1.398362  
137 18 Car 0 1 -1.703076 819.157519 172.876607 853.819933 190.446186 1.413191 1.686496 4.095490 19.024174 1.445279 60.803308 -1.398362  
137 19 Car 0 0 -1.730666 839.677061 168.131516 877.448633 192.666592 1.796592 1.670859 3.616551 18.938059 1.475117 55.149608 -1.398362  
138 0 Car 0 0 -1.380463 568.720271 176.361572 625.601558 231.406178 1.609268 1.664986 3.204451 -0.411379 1.738663 22.920340 -1.397644  
138 7 Car 0 1 -1.464164 645.501919 177.868584 669.751919 198.910560 1.428985 1.496953 3.384498 3.332446 1.799090 51.227505 -1.397644  
138 18 Car 0 1 -1.709733 824.391429 171.669833 860.310026 189.690323 1.413191 1.686496 4.095490 19.042344 1.349417 59.333866 -1.397644  
138 19 Car 0 0 -1.739235 846.445103 165.833957 885.726078 191.065262 1.796592 1.670859 3.616551 18.988170 1.319554 53.678365 -1.397644  
139 0 Car 0 0 -1.380944 569.410696 174.882688 626.452165 230.079850 1.609268 1.664986 3.204451 -0.384942 1.694748 22.859983 -1.397058  
139 7 Car 0 1 -1.466424 647.148400 175.759975 672.231686 197.447470 1.428985 1.496953 3.384498 3.375442 1.648337 49.751921 -1.397058  
139 18 Car 0 1 -1.716861 829.881897 170.399512 867.141970 188.894683 1.413191 1.686496 4.095490 19.060514 1.253555 57.864423 -1.397058  
139 19 Car 0 0 -1.748394 853.581403 163.402202 894.487155 189.370529 1.796592 1.670859 3.616551 19.038281 1.163992 52.207122 -1.397058  
140 0 Car 0 0 -1.381063 570.105047 173.395193 627.307644 228.746142 1.609268 1.664986 3.204451 -0.358505 1.650833 22.799626 -1.396103  
140 7 Car 0 1 -1.468811 649.116864 175.089112 675.110485 197.463808 1.428985 1.496953 3.384498 3.433950 1.599058 48.275203 -1.396103  
140 18 Car 0 1 -1.724543 836.094864 168.902587 874.800012 187.908833 1.413191 1.686496 4.095490 19.103623 1.145956 56.364682 -1.396103  
140 19 Car 0 0 -1.757719 861.149311 161.887550 903.811084 188.637442 1.796592 1.670859 3.616551 19.090491 1.080558 50.735112 -1.396103  
141 0 Car 0 0 -1.380671 570.803357 171.899013 628.168037 227.404991 1.609268 1.664986 3.204451 -0.332068 1.606917 22.739269 -1.394631  
141 7 Car 0 1 -1.470892 651.205136 174.374324 678.177837 197.481216 1.428985 1.496953 3.384498 3.492459 1.549780 46.798485 -1.394631  
141 18 Car 0 1 -1.732129 842.634881 167.320597 882.893335 186.867061 1.413191 1.686496 4.095490 19.146732 1.038358 54.864942 -1.394631  
141 19 Car 0 0 -1.767073 869.165087 161.192677 913.727603 188.772724 1.796592 1.670859 3.616551 19.143335 1.057237 49.262475 -1.394631  
142 0 Car 0 0 -1.381277 572.336277 173.252852 629.849141 228.899182 1.609268 1.664986 3.204451 -0.281642 1.646554 22.684868 -1.393011  
142 7 Car 0 1 -1.473333 653.617576 175.129868 681.661730 199.019236 1.428985 1.496953 3.384498 3.563491 1.592357 45.320730 -1.393011  
142 18 Car 0 1 -1.740610 849.994134 167.783808 891.965403 187.902040 1.413191 1.686496 4.095490 19.224840 1.082810 53.362839 -1.393011  
142 19 Car 0 0 -1.776851 877.656251 160.453277 924.279831 188.916662 1.796592 1.670859 3.616551 19.196180 1.033917 47.789838 -1.393011  
143 0 Car 0 0 -1.382081 573.881458 175.058217 631.543923 230.845488 1.609268 1.664986 3.204451 -0.231079 1.699146 22.630330 -1.391570  
143 7 Car 0 1 -1.476226 656.186477 175.938390 685.389987 200.665045 1.428985 1.496953 3.384498 3.634523 1.634935 43.842975 -1.391570  
143 18 Car 0 1 -1.749779 857.762976 168.274976 901.585120 188.999361 1.413191 1.686496 4.095490 19.302949 1.127262 51.860737 -1.391570  
143 19 Car 0 0 -1.787351 886.592391 160.582633 935.484923 189.989767 1.796592 1.670859 3.616551 19.243582 1.067271 46.313440 -1.391570  
144 0 Car 0 0 -1.383068 575.421878 175.614058 633.233915 231.541894 1.609268 1.664986 3.204451 -0.180902 1.715125 22.576176 -1.390318  
144 7 Car 0 1 -1.478364 658.055558 176.390412 688.449890 202.004018 1.428985 1.496953 3.384498 3.654020 1.654190 42.383009 -1.390318  
144 18 Car 0 1 -1.759683 865.976581 168.796710 911.803618 190.164831 1.413191 1.686496 4.095490 19.381058 1.171714 50.358635 -1.390318  
144 19 Car 0 0 -1.798702 896.093626 160.720867 947.459378 191.136459 1.796592 1.670859 3.616551 19.290983 1.100625 44.837043 -1.390318  
145 0 Car 0 0 -1.384403 576.968150 175.975543 634.930640 232.044420 1.609268 1.664986 3.204451 -0.130787 1.725382 22.522081 -1.389406  
145 7 Car 0 1 -1.481085 660.052619 176.876072 691.737586 203.442615 1.428985 1.496953 3.384498 3.673516 1.673444 40.923044 -1.389406  
145 18 Car 0 1 -1.769249 873.667358 169.317007 921.572180 191.341610 1.413191 1.686496 4.095490 19.411966 1.213612 48.917137 -1.389406  
145 19 Car 0 0 -1.811105 906.215308 160.868926 960.285253 192.364575 1.796592 1.670859 3.616551 19.338385 1.133980 43.360645 -1.389406  
146 0 Car 0 0 -1.386063 578.516136 175.728383 636.629609 231.938782 1.609268 1.664986 3.204451 -0.080857 1.717979 22.468172 -1.388816  
146 7 Car 0 1 -1.484397 662.191271 177.399270 695.279493 204.992384 1.428985 1.496953 3.384498 3.693013 1.692699 39.463078 -1.388816  
146 18 Car 0 1 -1.779684 881.805433 169.870331 931.961035 192.593015 1.413191 1.686496 4.095490 19.442874 1.255509 47.475638 -1.388816  
146 19 Car 0 0 -1.824602 917.020262 161.027895 974.056699 193.683106 1.796592 1.670859 3.616551 19.385787 1.167334 41.884248 -1.388816  
147 0 Car 0 0 -1.388229 580.055317 175.982776 638.313811 232.328334 1.609268 1.664986 3.204451 -0.031512 1.725093 22.416756 -1.388748  
147 7 Car 0 1 -1.488532 664.487127 177.964533 699.106285 206.666731 1.428985 1.496953 3.384498 3.712510 1.711954 38.003112 -1.388748  
147 18 Car 0 1 -1.791227 890.430998 170.459931 943.031204 193.926378 1.413191 1.686496 4.095490 19.473782 1.297407 46.034139 -1.388748  
147 19 Car 0 1 -1.839456 928.580093 161.199027 988.882288 195.102420 1.796592 1.670859 3.616551 19.433189 1.200688 40.407851 -1.388748  
148 0 Car 0 0 -1.390330 581.601982 176.238464 640.006494 232.719745 1.609268 1.664986 3.204451 0.017833 1.732208 22.365340 -1.388605  
148 7 Car 0 1 -1.492927 666.958179 178.577145 703.253768 208.481303 1.428985 1.496953 3.384498 3.732006 1.731209 36.543147 -1.388605  
148 18 Car 0 1 -1.803326 899.589206 171.089494 954.851979 195.350022 1.413191 1.686496 4.095490 19.504691 1.339304 44.592641 -1.388605  
148 19 Car 0 1 -1.854104 940.099235 162.184851 1003.899783 197.422082 1.796592 1.670859 3.616551 19.437286 1.275056 38.945191 -1.388605  
149 0 Car 0 0 -1.392525 583.156186 176.495457 641.707723 233.113029 1.609268 1.664986 3.204451 0.067178 1.739323 22.313924 -1.388544  
149 7 Car 0 1 -1.497783 669.625279 179.243318 707.764022 210.454488 1.428985 1.496953 3.384498 3.751503 1.750464 35.083181 -1.388544  
149 18 Car 0 1 -1.816188 909.330968 171.763227 967.502381 196.873439 1.413191 1.686496 4.095490 19.535599 1.381201 43.151142 -1.388544  
149 19 Car 0 0 -1.869756 952.474947 163.251526 1020.149552 199.931789 1.796592 1.670859 3.616551 19.441383 1.349424 37.482532 -1.388544  
150 0 Car 0 0 -1.394530 584.717982 176.753765 643.417562 233.508198 1.609268 1.664986 3.204451 0.116523 1.746437 22.262508 -1.388281  
150 7 Car 0 1 -1.501051 671.254305 180.024527 711.293190 212.661611 1.428985 1.496953 3.384498 3.709411 1.772120 33.623759 -1.388281  
150 18 Car 0 1 -1.829235 919.407924 176.766177 980.764219 202.792541 1.413191 1.686496 4.095490 19.542785 1.658280 41.697013 -1.388281  
150 19 Car 0 0 -1.885981 965.603504 166.447853 1037.566462 204.693672 1.796592 1.670859 3.616551 19.434480 1.520453 36.019168 -1.388281  
151 0 Car 0 0 -1.397654 586.287423 177.013398 645.136076 233.905267 1.609268 1.664986 3.204451 0.165868 1.753552 22.211092 -1.389128  
151 7 Car 0 1 -1.505752 673.023654 180.824720 715.160493 215.080052 1.428985 1.496953 3.384498 3.667318 1.793777 32.164337 -1.389128  
151 18 Car 0 1 -1.844495 930.449762 172.967768 995.331181 199.984346 1.413191 1.686496 4.095490 19.567933 1.449350 40.247313 -1.389128  
151 19 Car 0 0 -1.904044 979.502027 162.873019 1056.153575 202.792647 1.796592 1.670859 3.616551 19.428558 1.370780 34.585790 -1.389128  
152 0 Car 0 0 -1.399507 587.613071 176.630769 646.610201 233.662477 1.609268 1.664986 3.204451 0.205495 1.742359 22.160606 -1.389041  
152 7 Car 0 1 -1.511682 676.230700 176.027132 720.760852 211.901943 1.428985 1.496953 3.384498 3.685330 1.582465 30.740418 -1.389041  
152 18 Car 0 1 -1.859432 942.057273 168.084203 1010.804812 196.169493 1.413191 1.686496 4.095490 19.581111 1.200419 38.798357 -1.389041  
152 19 Car 0 0 -1.922305 994.538625 158.971173 1076.441988 200.717930 1.796592 1.670859 3.616551 19.422636 1.221107 33.152412 -1.389041  
153 0 Car 0 0 -1.400864 588.945221 176.246253 648.091602 233.418495 1.609268 1.664986 3.204451 0.245123 1.731165 22.110120 -1.388448  
153 7 Car 0 1 -1.516688 679.037817 175.729003 726.161763 213.454131 1.428985 1.496953 3.384498 3.673323 1.564770 29.314806 -1.388448  
153 18 Car 0 1 -1.874827 954.550557 165.160752 1027.588734 194.401624 1.413191 1.686496 4.095490 19.595509 1.067000 37.348193 -1.388448  
153 19 Car 0 0 -1.941294 1010.859051 154.695291 1098.676484 198.444575 1.796592 1.670859 3.616551 19.416713 1.071435 31.719034 -1.388448  
154 0 Car 0 0 -1.402460 590.283922 175.859835 649.580332 233.173313 1.609268 1.664986 3.204451 0.284751 1.719972 22.059634 -1.388085  
154 7 Car 0 1 -1.523276 682.628867 177.307781 732.777647 217.120943 1.428985 1.496953 3.384498 3.679954 1.616273 27.865085 -1.388085  
154 18 Car 0 1 -1.891525 968.052993 165.926562 1045.878222 196.420089 1.413191 1.686496 4.095490 19.611859 1.118401 35.896097 -1.388085  
154 19 Car 0 0 -1.962304 1029.021432 153.748591 1123.675115 199.726279 1.796592 1.670859 3.616551 19.418730 1.070594 30.268618 -1.388085  
155 0 Car 0 0 -1.404216 591.629223 175.471503 651.076446 232.926921 1.609268 1.664986 3.204451 0.324378 1.708779 22.009148 -1.387872  
155 7 Car 0 1 -1.530779 686.589898 179.071705 740.169838 221.217435 1.428985 1.496953 3.384498 3.686584 1.667777 26.415364 -1.387872  
155 18 Car 0 1 -1.908430 981.724963 165.619879 1064.712790 197.439730 1.413191 1.686496 4.095490 19.603940 1.118172 34.484423 -1.387872  
155 19 Car 0 0 -1.984979 1048.901809 152.700225 1151.360219 201.145518 1.796592 1.670859 3.616551 19.420747 1.069753 28.818203 -1.387872  
156 0 Car 0 0 -1.406255 592.981171 175.081242 652.579999 232.679310 1.609268 1.664986 3.204451 0.364006 1.697585 21.958662 -1.387933  
156 7 Car 0 1 -1.538750 690.459113 179.309307 747.965059 224.037091 1.428985 1.496953 3.384498 3.678637 1.663164 24.987990 -1.387933  
156 18 Car 0 1 -1.926717 996.494948 165.285287 1085.262172 198.552096 1.413191 1.686496 4.095490 19.596020 1.117942 33.072749 -1.387933  
156 19 Car 0 1 -2.009126 1070.346051 151.646949 1181.598528 202.783708 1.796592 1.670859 3.616551 19.424030 1.072130 27.395769 -1.387933  
157 0 Car 0 0 -1.408245 594.339817 174.689037 654.091046 232.430471 1.609268 1.664986 3.204451 0.403633 1.686392 21.908176 -1.387935  
157 7 Car 0 1 -1.547626 694.765474 179.577901 756.777704 227.224796 1.428985 1.496953 3.384498 3.670691 1.658551 23.560616 -1.387935  
157 18 Car 0 1 -1.946152 1012.500758 164.918794 1107.771728 199.770439 1.413191 1.686496 4.095490 19.588101 1.117713 31.661075 -1.387935  
157 19 Car 0 1 -2.034956 1093.983004 150.469686 1215.399133 204.614571 1.796592 1.670859 3.616551 19.427313 1.074508 25.973335 -1.387935  
158 0 Car 0 0 -1.411097 595.705211 174.294873 655.609644 232.180396 1.609268 1.664986 3.204451 0.443261 1.675198 21.857690 -1.388790  
158 7 Car 0 1 -1.558504 699.587496 179.883972 766.820871 230.857644 1.428985 1.496953 3.384498 3.662744 1.653938 22.133243 -1.388790  
158 18 Car 0 0 -1.967753 1029.904269 164.515611 1132.535973 201.110660 1.413191 1.686496 4.095490 19.580182 1.117483 30.249401 -1.388790  
158 19 Car 0 0 -2.058264 1120.167099 149.274265 1241.000000 206.674221 1.796592 1.670859 3.616551 19.430596 1.076885 24.550901 -1.388790  
159 0 Car 0 0 -1.413299 597.049547 174.631514 657.084447 232.638199 1.609268 1.664986 3.204451 0.481970 1.684542 21.815092 -1.389039  
159 7 Car 0 1 -1.570228 705.102441 180.218384 778.384282 234.958415 1.428985 1.496953 3.384498 3.660000 1.649074 20.726683 -1.389039  
159 18 Car 0 1 -1.990493 1049.149857 163.929445 1160.314059 202.470096 1.413191 1.686496 4.095490 19.576488 1.112198 28.825044 -1.389039  
159 19 Car 0 0 -2.070748 1149.162572 147.882319 1241.000000 208.622754 1.796592 1.670859 3.616551 19.429098 1.067924 23.129892 -1.389039  
160 0 Car 0 0 -1.415007 598.399539 174.969580 658.565497 233.097930 1.609268 1.664986 3.204451 0.520679 1.693885 21.772494 -1.388787  
160 7 Car 0 1 -1.583125 711.355198 180.561955 791.792616 239.713530 1.428985 1.496953 3.384498 3.657257 1.644210 19.320123 -1.388787  
160 18 Car 0 1 -2.014331 1070.255834 163.277445 1191.213789 203.982223 1.413191 1.686496 4.095490 19.572795 1.106912 27.400686 -1.388787  
160 19 Car 2 1 -2.083924 1181.656197 147.978917 1241.000000 208.869948 1.796592 1.670859 3.616551 19.427600 1.058962 21.708883 -1.388787  
161 0 Car 0 0 -1.417280 599.755221 175.309080 660.052832 233.559599 1.609268 1.664986 3.204451 0.559388 1.703228 21.729897 -1.389091  
161 7 Car 0 1 -1.598648 718.504440 180.936199 807.525683 245.293182 1.428985 1.496953 3.384498 3.654513 1.639346 17.913563 -1.389091  
161 18 Car 0 1 -2.040472 1093.505651 162.547860 1225.792702 205.674299 1.413191 1.686496 4.095490 19.569102 1.101627 25.976329 -1.389091  
161 19 Car 2 1 -2.099027 1218.321660 148.227408 1241.000000 209.000939 1.796592 1.670859 3.616551 19.426102 1.050001 20.287875 -1.389091  
162 0 Car 0 0 -1.420089 601.116630 175.650023 661.546494 234.023221 1.609268 1.664986 3.204451 0.598097 1.712572 21.687299 -1.389924  
162 7 Car 0 1 -1.616920 726.566570 181.508058 825.869486 252.269311 1.428985 1.496953 3.384498 3.637118 1.637626 16.471296 -1.389924  
162 18 Car 0 1 -2.059005 1119.243423 161.975802 1241.000000 207.580477 1.413191 1.686496 4.095490 19.565409 1.096342 24.551972 -1.389924  
163 0 Car 0 0 -1.422559 601.642785 176.449784 662.238675 234.980019 1.609268 1.664986 3.204451 0.613524 1.734559 21.632868 -1.391549  
163 7 Car 0 1 -1.639340 736.016203 182.178609 848.185771 260.751528 1.428985 1.496953 3.384498 3.619723 1.635905 15.029028 -1.391549  
163 18 Car 0 1 -2.072219 1146.676294 159.940923 1241.000000 207.683788 1.413191 1.686496 4.095490 19.529320 1.040951 23.150083 -1.391549  
164 0 Car 0 0 -1.424433 602.171796 177.253909 662.934637 235.942016 1.609268 1.664986 3.204451 0.628952 1.756546 21.578437 -1.392576  
164 7 Car 0 1 -1.665577 747.245215 182.975811 875.921683 271.286578 1.428985 1.496953 3.384498 3.602328 1.634185 13.586760 -1.392576  
164 18 Car 2 1 -2.085942 1177.330229 158.551307 1241.000000 206.294424 1.413191 1.686496 4.095490 19.493232 0.985559 21.748194 -1.392576  
165 0 Car 0 0 -1.427183 602.703688 178.062436 663.634411 236.909255 1.609268 1.664986 3.204451 0.644379 1.778533 21.524006 -1.394473  
165 7 Car 0 1 -1.697970 760.511173 183.917214 910.537478 284.430747 1.428985 1.496953 3.384498 3.584936 1.632460 12.171809 -1.394473  
165 18 Car 2 1 -2.101807 1211.807852 157.170866 1241.000000 204.887938 1.413191 1.686496 4.095490 19.457143 0.930168 20.346305 -1.394473  
166 0 Car 0 0 -1.429819 603.238483 178.875400 664.338029 237.881778 1.609268 1.664986 3.204451 0.659806 1.800520 21.469574 -1.396252  
166 7 Car 0 1 -1.738206 776.782977 185.072741 955.980713 301.667372 1.428985 1.496953 3.384498 3.567545 1.630735 10.756858 -1.396252  
167 0 Car 0 0 -1.431304 602.622804 178.845028 663.949806 238.073578 1.609268 1.664986 3.204451 0.642896 1.799073 21.395304 -1.398432  
167 7 Car 0 1 -1.790318 797.212704 186.524822 1018.273357 325.260136 1.428985 1.496953 3.384498 3.550153 1.629009 9.341907 -1.398432  
168 0 Car 0 0 -1.433356 602.002480 178.814428 663.558662 238.266826 1.609268 1.664986 3.204451 0.625986 1.797627 21.321034 -1.401184  
168 7 Car 0 1 -1.860326 823.627431 188.404426 1108.919401 359.519637 1.428985 1.496953 3.384498 3.532761 1.627284 7.926955 -1.401184  
169 0 Car 0 0 -1.434680 601.377459 178.783598 663.164565 238.461541 1.609268 1.664986 3.204451 0.609076 1.796180 21.246763 -1.403213  
169 7 Car 0 1 -1.949405 855.332710 189.928079 1241.000000 374.000000 1.428985 1.496953 3.384498 3.506440 1.614245 6.523519 -1.403213  
170 0 Car 0 0 -1.436846 601.636551 178.708813 663.659083 238.614055 1.609268 1.664986 3.204451 0.616327 1.793548 21.172500 -1.404857  
170 7 Car 1 1 -1.973477 900.277006 192.071495 1241.000000 374.000000 1.428985 1.496953 3.384498 3.480120 1.601207 5.120082 -1.404857  
171 0 Car 0 0 -1.438533 602.049742 179.034228 664.310633 239.168635 1.609268 1.664986 3.204451 0.627698 1.801742 21.098017 -1.405807  
171 7 Car 1 1 -2.007472 968.910486 195.309153 1241.000000 374.000000 1.428985 1.496953 3.384498 3.453799 1.588168 3.716646 -1.405807  
172 0 Car 0 0 -1.440716 602.466115 179.362128 664.967158 239.727483 1.609268 1.664986 3.204451 0.639070 1.809935 21.023534 -1.407248  
172 7 Car 1 1 -2.070975 1106.739398 208.239706 1241.000000 374.000000 1.428985 1.496953 3.384498 3.456021 1.604750 2.240642 -1.407248  
173 0 Car 0 0 -1.442575 602.885708 179.692542 665.628715 240.290649 1.609268 1.664986 3.204451 0.650442 1.818129 20.949051 -1.408359  
174 0 Car 0 0 -1.445269 603.308559 180.025500 666.295363 240.858181 1.609268 1.664986 3.204451 0.661814 1.826323 20.874569 -1.410299  
175 0 Car 0 0 -1.446427 602.940934 179.180766 666.258246 240.335391 1.609268 1.664986 3.204451 0.652264 1.802882 20.773662 -1.411736  
176 0 Car 0 0 -1.448515 602.569420 178.327123 666.220730 239.807056 1.609268 1.664986 3.204451 0.642714 1.779441 20.672756 -1.414108  
177 0 Car 0 0 -1.450019 602.193952 177.464426 666.182811 239.273086 1.609268 1.664986 3.204451 0.633163 1.756001 20.571849 -1.415898  
178 0 Car 0 0 -1.451251 601.814469 176.592532 666.144482 238.733391 1.609268 1.664986 3.204451 0.623613 1.732560 20.470943 -1.417419  
179 0 Car 0 0 -1.452285 601.056665 176.428481 665.683999 238.859527 1.609268 1.664986 3.204451 0.604150 1.727842 20.383501 -1.419297  
180 0 Car 0 0 -1.453242 600.291763 176.262900 665.219216 238.986845 1.609268 1.664986 3.204451 0.584687 1.723123 20.296059 -1.421105  
181 0 Car 0 0 -1.453862 599.519663 176.095770 664.750070 239.115362 1.609268 1.664986 3.204451 0.565224 1.718405 20.208618 -1.422584  
182 0 Car 0 0 -1.455766 599.575728 174.415334 665.076140 237.696722 1.609268 1.664986 3.204451 0.567824 1.674901 20.132034 -1.424224  
183 0 Car 0 0 -1.457392 599.632257 172.720944 665.404920 236.266328 1.609268 1.664986 3.204451 0.570423 1.631397 20.055451 -1.425583  
184 0 Car 0 0 -1.459178 599.689256 171.012424 665.736444 234.824033 1.609268 1.664986 3.204451 0.573023 1.587892 19.978867 -1.427100  
185 0 Car 0 0 -1.459293 598.571168 170.921803 664.915206 235.022747 1.609268 1.664986 3.204451 0.545843 1.585806 19.895815 -1.428557  
186 0 Car 0 0 -1.459786 597.442908 170.830356 664.086466 235.223269 1.609268 1.664986 3.204451 0.518663 1.583720 19.812762 -1.430406  
187 0 Car 0 0 -1.461016 597.301002 171.240198 664.089905 235.773065 1.609268 1.664986 3.204451 0.515840 1.594153 19.773057 -1.431731  
188 0 Car 0 0 -1.462211 597.158477 171.651837 664.093359 236.325263 1.609268 1.664986 3.204451 0.513016 1.604586 19.733351 -1.433023  
189 0 Car 0 0 -1.463333 597.015328 172.065285 664.096828 236.879878 1.609268 1.664986 3.204451 0.510193 1.615019 19.693646 -1.434241  
190 0 Car 0 0 -1.464288 596.871552 172.480554 664.100312 237.436928 1.609268 1.664986 3.204451 0.507370 1.625453 19.653941 -1.435293  
191 0 Car 0 0 -1.465763 596.927209 172.883086 664.240011 237.919716 1.609268 1.664986 3.204451 0.509250 1.635523 19.631472 -1.436633  
192 0 Car 0 0 -1.467035 596.983005 173.286625 664.380060 238.403704 1.609268 1.664986 3.204451 0.511130 1.645593 19.609002 -1.437770  
193 0 Car 0 0 -1.468500 597.038940 173.691175 664.520459 238.888897 1.609268 1.664986 3.204451 0.513009 1.655663 19.586533 -1.439099  
194 0 Car 0 0 -1.469644 596.844770 174.099086 664.341712 239.311608 1.609268 1.664986 3.204451 0.508325 1.665823 19.582275 -1.440501  
195 0 Car 0 0 -1.470941 596.650509 174.507194 664.162878 239.734517 1.609268 1.664986 3.204451 0.503641 1.675983 19.578018 -1.442056  
196 0 Car 0 0 -1.471527 596.456158 174.915496 663.983959 240.157623 1.609268 1.664986 3.204451 0.498957 1.686143 19.573760 -1.442900  
197 0 Car 0 0 -1.472558 596.261716 175.323994 663.804954 240.580927 1.609268 1.664986 3.204451 0.494273 1.696303 19.569502 -1.444190  
198 0 Car 0 0 -1.474431 596.622745 175.167608 664.113552 240.372943 1.609268 1.664986 3.204451 0.503119 1.692453 19.583745 -1.445600  
199 0 Car 0 0 -1.476009 596.983202 175.011468 664.421663 240.165290 1.609268 1.664986 3.204451 0.511964 1.688604 19.597988 -1.446715  
200 0 Car 0 0 -1.477776 597.343087 174.855574 664.729287 239.957965 1.609268 1.664986 3.204451 0.520809 1.684754 19.612231 -1.448020  
201 0 Car 0 0 -1.479604 597.702404 174.699925 665.036426 239.750969 1.609268 1.664986 3.204451 0.529655 1.680905 19.626474 -1.449386  
202 0 Car 0 0 -1.481153 597.567479 174.778622 664.803021 239.731359 1.609268 1.664986 3.204451 0.527832 1.682927 19.652832 -1.451189  
203 0 Car 0 0 -1.483105 597.433021 174.857098 664.570211 239.711800 1.609268 1.664986 3.204451 0.526009 1.684949 19.679190 -1.453396  
204 0 Car 0 0 -1.484725 597.299028 174.935357 664.337995 239.692292 1.609268 1.664986 3.204451 0.524187 1.686972 19.705548 -1.455269  
205 0 Car 0 0 -1.486058 597.165498 175.013397 664.106371 239.672833 1.609268 1.664986 3.204451 0.522364 1.688994 19.731906 -1.456856  
206 0 Car 0 0 -1.487284 597.032429 175.091221 663.875336 239.653425 1.609268 1.664986 3.204451 0.520542 1.691016 19.758263 -1.458334  
207 0 Car 0 0 -1.489219 596.899819 175.168829 663.644887 239.634066 1.609268 1.664986 3.204451 0.518719 1.693039 19.784621 -1.460520  
208 0 Car 0 0 -1.490890 596.767667 175.246222 663.415024 239.614757 1.609268 1.664986 3.204451 0.516897 1.695061 19.810979 -1.462442  
209 0 Car 0 0 -1.491409 595.452592 175.343842 661.899205 239.521073 1.609268 1.664986 3.204451 0.484560 1.697693 19.864326 -1.464921  
210 0 Car 0 0 -1.493004 594.145376 175.440904 660.392007 239.427937 1.609268 1.664986 3.204451 0.452224 1.700325 19.917672 -1.468465  
211 0 Car 0 0 -1.494554 592.845951 175.537415 658.893357 239.335343 1.609268 1.664986 3.204451 0.419888 1.702957 19.971019 -1.471953  
212 0 Car 0 0 -1.496557 591.438103 175.510805 657.280966 239.118594 1.609268 1.664986 3.204451 0.381410 1.702493 20.026612 -1.476048  
213 0 Car 0 0 -1.498169 590.038622 175.484357 655.678370 238.903129 1.609268 1.664986 3.204451 0.342931 1.702030 20.082206 -1.479739  
214 0 Car 0 0 -1.499180 588.647436 175.458070 654.085481 238.688936 1.609268 1.664986 3.204451 0.304453 1.701566 20.137800 -1.482818  
215 0 Car 0 0 -1.501439 587.493219 175.425147 652.673129 238.412655 1.609268 1.664986 3.204451 0.271372 1.700987 20.210117 -1.486855  
216 0 Car 0 0 -1.503016 586.347856 175.392482 651.271795 238.138487 1.609268 1.664986 3.204451 0.238292 1.700408 20.282435 -1.490197  
217 0 Car 0 0 -1.504629 585.211244 175.360071 649.881350 237.866408 1.609268 1.664986 3.204451 0.205211 1.699829 20.354753 -1.493560  
218 0 Car 0 0 -1.506035 584.347945 175.321758 648.689389 237.515165 1.609268 1.664986 3.204451 0.178257 1.699167 20.449834 -1.496390  
219 0 Car 0 0 -1.507733 583.493252 175.283833 647.509462 237.167415 1.609268 1.664986 3.204451 0.151303 1.698506 20.544915 -1.499498  
220 0 Car 0 0 -1.508046 582.647037 175.246289 646.341387 236.823107 1.609268 1.664986 3.204451 0.124348 1.697844 20.639996 -1.501206  
221 0 Car 0 0 -1.508568 581.809176 175.209121 645.184987 236.482190 1.609268 1.664986 3.204451 0.097394 1.697183 20.735077 -1.503110  
222 0 Car 0 0 -1.511687 581.918957 175.622711 644.927429 236.540605 1.609268 1.664986 3.204451 0.095832 1.708578 20.846680 -1.506332  
223 0 Car 0 0 -1.513424 582.027478 176.031526 644.672846 236.598347 1.609268 1.664986 3.204451 0.094270 1.719973 20.958283 -1.508171  
224 0 Car 0 0 -1.515802 582.134759 176.435649 644.421187 236.655429 1.609268 1.664986 3.204451 0.092708 1.731367 21.069886 -1.510649  
225 0 Car 0 0 -1.518316 582.240821 176.835160 644.172402 236.711862 1.609268 1.664986 3.204451 0.091147 1.742762 21.181490 -1.513261  
226 0 Car 0 0 -1.520756 581.746674 177.239136 643.335689 236.786458 1.609268 1.664986 3.204451 0.073327 1.754383 21.289842 -1.516623  
227 0 Car 0 0 -1.523566 581.257920 177.638685 642.508154 236.860239 1.609268 1.664986 3.204451 0.055507 1.766004 21.398195 -1.520346  
228 0 Car 0 0 -1.525928 580.774470 178.033878 641.689645 236.933218 1.609268 1.664986 3.204451 0.037687 1.777625 21.506547 -1.523609  
229 0 Car 0 0 -1.528497 580.296240 178.424788 640.880015 237.005410 1.609268 1.664986 3.204451 0.019868 1.789246 21.614900 -1.527071  
230 0 Car 0 0 -1.531069 579.823144 178.811483 640.079122 237.076825 1.609268 1.664986 3.204451 0.002048 1.800866 21.723253 -1.530525  
231 0 Car 0 0 -1.534327 579.355100 179.194031 639.286824 237.147477 1.609268 1.664986 3.204451 -0.015772 1.812487 21.831605 -1.534658  
232 0 Car 0 0 -1.537093 578.988328 179.036829 638.650666 236.730658 1.609268 1.664986 3.204451 -0.027356 1.808824 21.921446 -1.538118  
233 0 Car 0 0 -1.540006 578.624918 178.880993 638.019954 236.317550 1.609268 1.664986 3.204451 -0.038941 1.805162 22.011287 -1.541720  
234 0 Car 0 0 -1.542621 578.264828 178.726505 637.394616 235.908103 1.609268 1.664986 3.204451 -0.050526 1.801499 22.101128 -1.545018  
235 0 Car 0 0 -1.545200 577.908012 178.573347 636.774585 235.502269 1.609268 1.664986 3.204451 -0.062111 1.797836 22.190969 -1.548274  
236 0 Car 0 0 -1.548319 577.830220 178.302051 636.394928 234.940610 1.609268 1.664986 3.204451 -0.066419 1.790862 22.295503 -1.551710  
237 0 Car 0 0 -1.550922 577.753308 178.033452 636.054364 234.384655 1.609268 1.664986 3.204451 -0.070727 1.783889 22.400037 -1.554602  
238 0 Car 0 0 -1.554013 577.677263 177.767510 635.888945 233.834316 1.609268 1.664986 3.204451 -0.075035 1.776915 22.504572 -1.557861  
239 0 Car 0 0 -1.556753 577.602072 177.504185 635.724870 233.289510 1.609268 1.664986 3.204451 -0.079343 1.769941 22.609106 -1.560766  
240 0 Car 0 0 -1.559854 577.527722 177.243440 635.562120 232.750153 1.609268 1.664986 3.204451 -0.083651 1.762967 22.713640 -1.564032  
241 0 Car 0 0 -1.562790 577.454202 176.985236 635.400679 232.216165 1.609268 1.664986 3.204451 -0.087958 1.755994 22.818175 -1.567130  
242 0 Car 0 0 -1.566410 577.786460 176.451674 635.988376 231.497650 1.609268 1.664986 3.204451 -0.073563 1.740589 22.886161 -1.570113  
243 0 Car 0 0 -1.569860 578.117288 175.921340 636.572406 230.783903 1.609268 1.664986 3.204451 -0.059168 1.725185 22.954147 -1.572930  
244 0 Car 0 0 -1.573586 578.446705 175.394207 637.152795 230.074881 1.609268 1.664986 3.204451 -0.044773 1.709781 23.022133 -1.576025  
245 0 Car 0 0 -1.576828 578.774729 174.870250 637.729568 229.370539 1.609268 1.664986 3.204451 -0.030378 1.694376 23.090119 -1.578639  
246 0 Car 0 0 -1.580514 579.451914 174.908825 638.635089 229.254269 1.609268 1.664986 3.204451 -0.005030 1.695627 23.147538 -1.581229  
247 0 Car 0 0 -1.584600 580.126051 174.947225 639.536113 229.138572 1.609268 1.664986 3.204451 0.020317 1.696878 23.204958 -1.584223  
248 0 Car 0 0 -1.588736 580.797169 174.985450 640.432668 229.023441 1.609268 1.664986 3.204451 0.045664 1.698129 23.262378 -1.587273  
249 0 Car 0 0 -1.592966 581.465298 175.023501 641.324781 228.908875 1.609268 1.664986 3.204451 0.071011 1.699381 23.319798 -1.590422  
250 0 Car 0 0 -1.597318 582.130464 175.061380 642.212478 228.794868 1.609268 1.664986 3.204451 0.096359 1.700632 23.377217 -1.593698  
251 0 Car 0 0 -1.600995 582.792697 175.099087 643.095786 228.681416 1.609268 1.664986 3.204451 0.121706 1.701883 23.434637 -1.596304  
252 0 Car 0 0 -1.605892 584.307777 175.491925 644.338618 228.966921 1.609268 1.664986 3.204451 0.166506 1.713896 23.477482 -1.599290  
253 0 Car 0 0 -1.610482 585.816941 175.883227 645.577212 229.251309 1.609268 1.664986 3.204451 0.211305 1.725909 23.520327 -1.601976  
254 0 Car 0 0 -1.614756 587.320224 176.273002 646.811589 229.534588 1.609268 1.664986 3.204451 0.256105 1.737923 23.563171 -1.604353  
255 0 Car 0 0 -1.619584 588.817659 176.661260 648.041771 229.816764 1.609268 1.664986 3.204451 0.300905 1.749936 23.606016 -1.607290  
256 0 Car 0 0 -1.624310 590.309282 177.048010 649.267780 230.097844 1.609268 1.664986 3.204451 0.345705 1.761950 23.648861 -1.610134  
257 0 Car 0 0 -1.628247 591.473294 176.846237 650.244471 229.833628 1.609268 1.664986 3.204451 0.381015 1.755943 23.675336 -1.612588  
258 0 Car 0 0 -1.632247 592.634514 176.644946 651.219123 229.570045 1.609268 1.664986 3.204451 0.416326 1.749936 23.701810 -1.615108  
259 0 Car 0 0 -1.636122 593.792953 176.444137 652.191743 229.307095 1.609268 1.664986 3.204451 0.451636 1.743930 23.728285 -1.617507  
260 0 Car 0 0 -1.640685 594.948621 176.243807 653.162336 229.044774 1.609268 1.664986 3.204451 0.486946 1.737923 23.754760 -1.620597  
261 0 Car 0 0 -1.644529 596.101528 176.043954 654.130910 228.783080 1.609268 1.664986 3.204451 0.522257 1.731917 23.781235 -1.622971  
262 0 Car 0 0 -1.648424 597.251683 175.844577 655.097470 228.522012 1.609268 1.664986 3.204451 0.557567 1.725910 23.807709 -1.625400  
263 0 Car 0 0 -1.652261 598.251380 176.286284 655.949209 228.916079 1.609268 1.664986 3.204451 0.588424 1.739559 23.826565 -1.627956  
264 0 Car 0 0 -1.656147 599.249378 176.727245 656.799693 229.309475 1.609268 1.664986 3.204451 0.619281 1.753208 23.845421 -1.630561  
264 10 Car 0 1 -1.616935 589.447802 178.340729 610.006630 191.916362 1.405559 1.534839 3.368124 -1.081761 2.001910 77.099286 -1.630561  
265 0 Car 0 0 -1.659657 600.245679 177.167462 657.648922 229.702201 1.609268 1.664986 3.204451 0.650137 1.766858 23.864277 -1.632794  
265 10 Car 0 0 -1.613637 585.016472 178.431787 606.454038 192.558893 1.405559 1.534839 3.368124 -1.450902 1.988679 74.150167 -1.632794  
266 0 Car 0 0 -1.663165 601.101989 177.090007 658.400176 229.606812 1.609268 1.664986 3.204451 0.676834 1.764516 23.871975 -1.635188  
266 9 Car 2 2 -1.644337 604.499772 176.971953 627.822019 192.447345 1.437378 1.606182 3.660790 0.610259 1.848311 69.503058 -1.635188  
266 10 Car 0 0 -1.610042 580.209826 178.530580 602.613536 193.255871 1.405559 1.534839 3.368124 -1.820043 1.975448 71.201047 -1.635188  
267 0 Car 0 0 -1.666811 601.957699 177.012606 659.150983 229.511491 1.609268 1.664986 3.204451 0.703530 1.762175 23.879674 -1.637722  
267 9 Car 0 2 -1.641653 600.143883 177.088974 624.647383 193.314205 1.437378 1.606182 3.660790 0.236587 1.840923 66.367807 -1.637722  
267 10 Car 0 0 -1.606069 574.978059 178.638134 598.448660 194.014522 1.405559 1.534839 3.368124 -2.189184 1.962217 68.251927 -1.637722  
268 0 Car 0 0 -1.670182 602.812809 176.935258 659.901343 229.416236 1.609268 1.664986 3.204451 0.730227 1.759834 23.887373 -1.639981  
268 9 Car 0 2 -1.638173 595.344205 177.217961 621.166194 194.269424 1.437378 1.606182 3.660790 -0.137085 1.833535 63.232557 -1.639981  
268 10 Car 0 0 -1.601236 569.262144 178.755670 593.916516 194.843412 1.405559 1.534839 3.368124 -2.558325 1.948986 65.302807 -1.639981  
269 0 Car 0 0 -1.673981 603.667321 176.857962 660.651257 229.321048 1.609268 1.664986 3.204451 0.756923 1.757493 23.895072 -1.642669  
269 9 Car 0 1 -1.634522 590.029260 177.360848 617.331810 195.327237 1.437378 1.606182 3.660790 -0.510757 1.826147 60.097306 -1.642669  
269 10 Car 0 0 -1.596163 562.991599 178.884645 588.966304 195.752768 1.405559 1.534839 3.368124 -2.927466 1.935755 62.353688 -1.642669  
270 0 Car 0 0 -1.677461 604.521233 176.780720 661.400726 229.225927 1.609268 1.664986 3.204451 0.783619 1.755151 23.902771 -1.645039  
270 9 Car 0 1 -1.629851 584.111349 177.520008 613.087625 196.505109 1.437378 1.606182 3.660790 -0.884430 1.818760 56.962055 -1.645039  
270 10 Car 0 0 -1.590004 556.081559 179.026814 583.537395 196.754905 1.405559 1.534839 3.368124 -3.296607 1.922524 59.404568 -1.645039  
271 0 Car 0 0 -1.680877 605.374549 176.703530 662.149749 229.130872 1.609268 1.664986 3.204451 0.810316 1.752810 23.910470 -1.647347  
271 9 Car 0 0 -1.624294 577.481673 177.698390 608.364252 197.824710 1.437378 1.606182 3.660790 -1.258102 1.811372 53.826805 -1.647347  
271 10 Car 0 0 -1.582898 548.428920 179.180953 577.556848 197.864788 1.405559 1.534839 3.368124 -3.665748 1.909293 56.455449 -1.647347  
272 0 Car 0 0 -1.683647 605.755750 176.610894 662.201063 229.005499 1.609268 1.664986 3.204451 0.817816 1.750080 23.927209 -1.649817  
272 9 Car 0 0 -1.619396 571.301886 177.723711 603.904102 199.163706 1.437378 1.606182 3.660790 -1.555869 1.791929 50.642378 -1.649817  
272 10 Car 0 0 -1.575864 540.572534 179.247246 571.631829 199.013517 1.405559 1.534839 3.368124 -3.980781 1.888015 53.457444 -1.649817  
273 0 Car 0 0 -1.686399 606.136729 176.518418 662.252104 228.880253 1.609268 1.664986 3.204451 0.825316 1.747350 23.943949 -1.652270  
273 9 Car 0 0 -1.613489 564.261642 177.752595 598.866028 200.689671 1.437378 1.606182 3.660790 -1.853636 1.772487 47.457952 -1.652270  
273 10 Car 0 0 -1.567694 531.752841 179.321176 565.024118 200.303150 1.405559 1.534839 3.368124 -4.295814 1.866737 50.459439 -1.652270  
274 0 Car 0 0 -1.689382 606.517483 176.426100 662.302872 228.755135 1.609268 1.664986 3.204451 0.832816 1.744619 23.960689 -1.654954  
274 9 Car 0 0 -1.606608 556.167198 177.785845 593.130416 202.444707 1.437378 1.606182 3.660790 -2.151403 1.753044 44.273525 -1.654954  
274 10 Car 0 0 -1.558428 521.781077 179.404141 557.608522 201.761307 1.405559 1.534839 3.368124 -4.610847 1.845459 47.461434 -1.654954  
275 0 Car 0 0 -1.692912 607.836386 175.438537 663.191763 227.752221 1.609268 1.664986 3.204451 0.869553 1.714159 23.972064 -1.656956  
275 9 Car 0 0 -1.597559 546.761949 177.824521 586.542183 204.484580 1.437378 1.606182 3.660790 -2.449170 1.733602 41.089098 -1.656956  
275 10 Car 0 1 -1.546891 510.415720 179.497907 549.227250 203.423328 1.405559 1.534839 3.368124 -4.925881 1.824181 44.463429 -1.656956  
276 0 Car 0 0 -1.697042 609.154521 174.452158 664.079481 226.750052 1.609268 1.664986 3.204451 0.906291 1.683699 23.983440 -1.659560  
276 9 Car 0 0 -1.587255 535.698673 177.870060 578.896571 206.884762 1.437378 1.606182 3.660790 -2.746937 1.714159 37.904672 -1.659560  
276 10 Car 0 1 -1.534036 497.342661 179.604728 539.678551 205.335181 1.405559 1.534839 3.368124 -5.240914 1.802904 41.465425 -1.659560  
277 0 Car 0 0 -1.700529 610.471885 173.466961 664.966030 225.748628 1.609268 1.664986 3.204451 0.943029 1.653239 23.994816 -1.661522  
277 9 Car 0 0 -1.577141 525.048553 178.384382 572.012831 210.176768 1.437378 1.606182 3.660790 -2.936233 1.715961 34.754886 -1.661522  
277 10 Car 0 1 -1.520034 483.846829 180.016579 529.721650 207.933844 1.405559 1.534839 3.368124 -5.472104 1.796643 38.386141 -1.661522  
278 0 Car 0 0 -1.702876 610.439518 174.229414 664.657517 226.479193 1.609268 1.664986 3.204451 0.937719 1.676918 24.009032 -1.664104  
278 9 Car 0 0 -1.565237 512.147878 179.007419 563.830327 214.166281 1.437378 1.606182 3.660790 -3.125529 1.717763 31.605100 -1.664104  
278 10 Car 0 1 -1.503937 467.882301 180.496873 518.105264 211.008905 1.405559 1.534839 3.368124 -5.703295 1.790382 35.306858 -1.664104  
279 0 Car 0 0 -1.706299 611.386784 174.250572 665.480499 226.446140 1.609268 1.664986 3.204451 0.962987 1.677655 24.034512 -1.666302  
279 9 Car 0 0 -1.549738 496.197000 179.777660 553.944750 219.101227 1.437378 1.606182 3.660790 -3.314825 1.719565 28.455314 -1.666302  
279 10 Car 0 1 -1.483994 448.701986 181.064224 504.378041 214.704579 1.405559 1.534839 3.368124 -5.934485 1.784122 32.227575 -1.666302  
280 0 Car 0 0 -1.709898 612.332372 174.271683 666.376013 226.413127 1.609268 1.664986 3.204451 0.988255 1.678393 24.059992 -1.668628  
280 9 Car 0 0 -1.530765 476.516549 180.836992 542.385570 225.689014 1.437378 1.606182 3.660790 -3.475309 1.727683 25.246563 -1.668628  
280 10 Car 0 1 -1.461852 426.550061 182.068305 489.847909 219.619467 1.405559 1.534839 3.368124 -6.094313 1.791508 29.123846 -1.668628  
281 0 Car 0 0 -1.713559 613.276286 174.292748 667.269115 226.380153 1.609268 1.664986 3.204451 1.013523 1.679130 24.085472 -1.671018  
281 9 Car 0 0 -1.505667 450.585002 182.164620 527.720482 234.373092 1.437378 1.606182 3.660790 -3.635793 1.735801 22.037811 -1.671018  
281 10 Car 0 1 -1.434190 398.764578 183.297614 472.056255 225.785149 1.405559 1.534839 3.368124 -6.254142 1.798894 26.020117 -1.671018  
282 0 Car 0 0 -1.717425 614.218528 174.313766 668.159813 226.347218 1.609268 1.664986 3.204451 1.038790 1.679868 24.110951 -1.673617  
282 9 Car 0 0 -1.474695 417.106999 183.258207 511.105885 245.338353 1.437378 1.606182 3.660790 -3.744439 1.726409 18.885707 -1.673617  
282 10 Car 0 1 -1.399061 362.883168 184.837508 449.766285 233.748711 1.405559 1.534839 3.368124 -6.413970 1.806281 22.916387 -1.673617  
283 0 Car 0 0 -1.720479 615.051447 174.334946 668.900941 226.277144 1.609268 1.664986 3.204451 1.060809 1.680645 24.152691 -1.675582  
283 9 Car 0 0 -1.429722 368.469085 184.743771 488.529695 261.274901 1.437378 1.606182 3.660790 -3.853085 1.717017 15.733603 -1.675582  
283 10 Car 0 2 -1.352395 314.763691 186.822711 421.025384 244.430748 1.405559 1.534839 3.368124 -6.573798 1.813667 19.812658 -1.675582  
284 0 Car 0 0 -1.723764 615.881723 174.356048 669.638970 226.207285 1.609268 1.664986 3.204451 1.082827 1.681423 24.194431 -1.677782  
284 9 Car 0 0 -1.361872 291.358300 186.878077 456.082690 286.554444 1.437378 1.606182 3.660790 -3.961731 1.707625 12.581499 -1.677782  
284 10 Car 0 2 -1.293927 250.716435 188.184541 385.559361 257.822593 1.405559 1.534839 3.368124 -6.665186 1.788682 16.733858 -1.677782  
285 0 Car 0 0 -1.727699 616.709368 174.377074 670.373917 226.137640 1.609268 1.664986 3.204451 1.104845 1.682200 24.236171 -1.680637  
285 9 Car 0 0 -1.256132 157.675474 190.078810 409.192693 331.610491 1.437378 1.606182 3.660790 -4.027496 1.697554 9.483366 -1.680637  
285 10 Car 0 2 -1.212646 153.917903 190.094175 335.812565 278.115491 1.405559 1.534839 3.368124 -6.756575 1.763698 13.655058 -1.680637  
286 0 Car 0 0 -1.731532 617.534392 174.398024 671.105795 226.068208 1.609268 1.664986 3.204451 1.126863 1.682977 24.277912 -1.683393  
286 9 Car 1 0 -1.129682 0.000000 195.686393 326.975679 374.000000 1.437378 1.606182 3.660790 -4.093262 1.687483 6.385233 -1.683393  
286 10 Car 0 3 -1.103676 7.579208 193.711690 266.665141 311.416326 1.405559 1.534839 3.368124 -6.797661 1.756056 10.740199 -1.683393  
287 0 Car 0 0 -1.734520 618.356806 174.418899 671.834621 225.998987 1.609268 1.664986 3.204451 1.148882 1.683755 24.319652 -1.685309  
287 9 Car 1 0 -1.055969 0.000000 206.560811 168.407942 374.000000 1.437378 1.606182 3.660790 -4.118555 1.676257 3.489400 -1.685309  
287 10 Car 1 3 -1.059959 0.000000 199.536647 177.194584 351.118280 1.405559 1.534839 3.368124 -6.813152 1.767312 8.331286 -1.685309  
288 0 Car 0 0 -1.738098 619.176622 174.439699 672.560410 225.929977 1.609268 1.664986 3.204451 1.170900 1.684532 24.361392 -1.687819  
289 0 Car 0 0 -1.741322 619.134457 174.475527 672.342444 225.801419 1.609268 1.664986 3.204451 1.166132 1.685861 24.436432 -1.691222  
290 0 Car 0 0 -1.744809 619.092779 174.511118 672.125723 225.673646 1.609268 1.664986 3.204451 1.161364 1.687190 24.511473 -1.694888  
291 0 Car 0 0 -1.748757 619.051581 174.546476 671.910234 225.546651 1.609268 1.664986 3.204451 1.156596 1.688520 24.586513 -1.699013  
292 0 Car 0 0 -1.752805 619.010859 174.581602 671.695963 225.420427 1.609268 1.664986 3.204451 1.151828 1.689849 24.661554 -1.703237  
293 0 Car 0 0 -1.756848 618.970607 174.616499 671.482899 225.294967 1.609268 1.664986 3.204451 1.147060 1.691178 24.736594 -1.707455  
