1 0 Car 1 0 -2.139904 893.030087 210.192647 1241.000000 374.000000 1.271084 1.531925 3.951362 3.288779 1.605986 4.728607 -1.574858  
2 0 Car 1 0 -2.158107 922.345671 214.461531 1241.000000 374.000000 1.271084 1.531925 3.951362 3.272525 1.605202 4.026252 -1.578704  
3 0 Car 1 0 -2.179206 959.458745 219.852695 1241.000000 374.000000 1.271084 1.531925 3.951362 3.256271 1.604419 3.323897 -1.582006  
4 0 Car 1 0 -2.205346 1007.953857 226.963833 1241.000000 374.000000 1.271084 1.531925 3.951362 3.240017 1.603635 2.621542 -1.585525  
5 0 Car 2 0 -2.238559 1074.010068 237.557829 1241.000000 374.000000 1.271084 1.531925 3.951362 3.223763 1.602852 1.919187 -1.589061  
6 0 Car 2 0 -2.281957 1169.267198 252.938304 1241.000000 374.000000 1.271084 1.531925 3.951362 3.207508 1.602068 1.216831 -1.591905  
83 67 Car 0 2 -1.514984 430.110837 176.386567 500.114476 200.547093 1.436607 1.615587 3.914116 -8.968148 1.680401 44.614436 -1.712565  
84 67 Car 0 0 -1.514101 427.125993 177.134649 498.306331 201.678140 1.436607 1.615587 3.914116 -8.971200 1.721222 43.903968 -1.714873  
85 67 Car 0 1 -1.511191 422.276919 178.661476 494.669814 203.574176 1.436607 1.615587 3.914116 -9.084517 1.806096 43.214761 -1.717603  
86 67 Car 0 1 -1.505503 415.016713 178.072317 488.654988 203.389070 1.436607 1.615587 3.914116 -9.337330 1.767020 42.555038 -1.720711  
87 67 Car 0 2 -1.502485 409.939429 177.251758 484.878047 203.008129 1.436607 1.615587 3.914116 -9.442880 1.715771 41.865398 -1.723541  
88 67 Car 0 2 -1.498832 404.689366 176.403108 480.976559 202.614194 1.436607 1.615587 3.914116 -9.548431 1.664522 41.175757 -1.725917  
89 67 Car 0 1 -1.495800 399.385077 176.005174 477.039895 202.667466 1.436607 1.615587 3.914116 -9.651439 1.639518 40.501796 -1.728955  
90 67 Car 0 0 -1.491591 393.279021 176.779393 472.350788 203.880884 1.436607 1.615587 3.914116 -9.790520 1.678115 39.835277 -1.731816  
91 67 Car 0 1 -1.487001 386.961508 177.580562 467.504855 205.136399 1.436607 1.615587 3.914116 -9.929601 1.716713 39.168758 -1.734511  
92 67 Car 0 2 -1.482411 380.894613 178.581239 462.973145 206.609640 1.436607 1.615587 3.914116 -10.041309 1.764110 38.494716 -1.736813  
93 67 Car 0 2 -1.478091 374.607546 179.590591 458.282782 208.136442 1.436607 1.615587 3.914116 -10.153018 1.811508 37.820674 -1.739604  
94 67 Car 0 1 -1.474487 368.839053 180.025427 454.140784 209.103240 1.436607 1.615587 3.914116 -10.229056 1.827930 37.154067 -1.742397  
95 67 Car 0 1 -1.470433 362.855946 180.475835 449.850147 210.106063 1.436607 1.615587 3.914116 -10.305094 1.844352 36.487461 -1.744952  
96 67 Car 0 1 -1.465746 356.646009 180.942668 445.402739 211.146964 1.436607 1.615587 3.914116 -10.381132 1.860774 35.820854 -1.747094  
97 67 Car 0 1 -1.458508 347.959194 180.667587 438.558510 211.431535 1.436607 1.615587 3.914116 -10.571928 1.839926 35.173863 -1.749760  
98 67 Car 0 1 -1.450876 338.940314 180.382420 431.462868 211.726994 1.436607 1.615587 3.914116 -10.762725 1.819077 34.526872 -1.752342  
99 67 Car 0 1 -1.434791 322.999817 182.259568 417.524036 214.204728 1.436607 1.615587 3.914116 -11.284242 1.902561 33.946138 -1.755025  
100 67 Car 0 1 -1.442701 326.146930 182.019659 422.709669 214.692705 1.436607 1.615587 3.914116 -10.843602 1.881621 33.198751 -1.757724  
101 67 Car 0 1 -1.433969 315.360065 180.336049 414.116213 213.614648 1.436607 1.615587 3.914116 -11.071850 1.796393 32.560186 -1.761084  
102 67 Car 0 1 -1.424236 304.131905 178.558587 405.186628 212.492422 1.436607 1.615587 3.914116 -11.300098 1.711166 31.921622 -1.763824  
103 67 Car 0 2 -1.411966 291.095600 175.851197 394.497404 210.512447 1.436607 1.615587 3.914116 -11.599681 1.592995 31.315084 -1.766095  
104 67 Car 0 2 -1.405526 282.435256 177.711167 388.292104 213.084970 1.436607 1.615587 3.914116 -11.674913 1.666550 30.667190 -1.768687  
105 67 Car 0 2 -1.399436 273.391986 179.629892 381.825327 215.771431 1.436607 1.615587 3.914116 -11.750145 1.740105 30.019296 -1.771955  
106 67 Car 0 2 -1.392663 263.939792 181.552940 375.080215 218.579571 1.436607 1.615587 3.914116 -11.825376 1.813661 29.371402 -1.774882  
107 67 Car 0 2 -1.385114 253.843007 180.680042 367.878562 218.546473 1.436607 1.615587 3.914116 -11.903623 1.770349 28.713174 -1.777610  
108 67 Car 2 1 -1.377434 243.260026 179.767318 360.347633 218.511767 1.436607 1.615587 3.914116 -11.981871 1.727037 28.054945 -1.780597  
109 67 Car 2 2 -1.369514 232.598914 179.767816 352.808869 219.438872 1.436607 1.615587 3.914116 -12.054184 1.720924 27.417339 -1.783299  
110 67 Car 2 1 -1.361868 221.415620 179.768343 344.921100 220.411456 1.436607 1.615587 3.914116 -12.126498 1.714810 26.779732 -1.786678  
111 67 Car 2 2 -1.354017 209.670775 179.768901 336.659558 221.432949 1.436607 1.615587 3.914116 -12.198811 1.708697 26.142125 -1.790276  
112 67 Car 2 2 -1.345354 196.502636 181.467301 327.324203 224.312655 1.436607 1.615587 3.914116 -12.288776 1.763694 25.486912 -1.794346  
113 67 Car 2 2 -1.335240 182.616344 183.252197 317.512079 227.349748 1.436607 1.615587 3.914116 -12.378742 1.818691 24.831699 -1.797474  
114 67 Car 2 2 -1.325553 167.951418 185.130370 307.185785 230.557490 1.436607 1.615587 3.914116 -12.468707 1.873688 24.176487 -1.801565  
115 67 Car 2 2 -1.315346 152.427213 183.924478 296.284695 230.604360 1.436607 1.615587 3.914116 -12.559796 1.822301 23.522386 -1.805717  
116 67 Car 2 2 -1.304769 135.982261 182.652232 284.782053 230.653982 1.436607 1.615587 3.914116 -12.650885 1.770915 22.868285 -1.810090  
117 67 Car 2 2 -1.293992 118.532041 181.307999 272.626742 230.706607 1.436607 1.615587 3.914116 -12.741974 1.719528 22.214184 -1.814884  
118 67 Car 2 2 -1.283075 99.981361 179.885487 259.761689 230.762521 1.436607 1.615587 3.914116 -12.833063 1.668142 21.560084 -1.820192  
119 67 Car 2 2 -1.272310 81.886312 179.883002 247.658078 232.396281 1.436607 1.615587 3.914116 -12.883688 1.661750 20.915804 -1.824733  
120 67 Car 2 2 -1.261491 62.589715 179.880384 234.817605 234.138757 1.436607 1.615587 3.914116 -12.934313 1.655358 20.271525 -1.829891  
121 67 Car 2 2 -1.250398 41.967587 179.877622 221.171034 236.001177 1.436607 1.615587 3.914116 -12.984937 1.648966 19.627245 -1.835482  
122 67 Car 2 2 -1.238351 19.878284 179.874701 206.640180 237.996367 1.436607 1.615587 3.914116 -13.035562 1.642574 18.982966 -1.840867  
123 67 Car 2 3 -1.227370 0.000000 179.871606 191.136402 240.124191 1.436607 1.615587 3.914116 -13.086186 1.636182 18.338686 -1.846340  
124 67 Car 2 3 -1.225295 0.000000 179.868318 174.558799 242.324640 1.436607 1.615587 3.914116 -13.136811 1.629790 17.694407 -1.851844  
125 67 Car 2 3 -1.221593 0.000000 179.864816 156.792040 244.690541 1.436607 1.615587 3.914116 -13.187436 1.623398 17.050127 -1.856174  
126 67 Car 2 3 -1.217837 0.000000 179.859252 137.703622 247.241295 1.436607 1.615587 3.914116 -13.238060 1.617006 16.405848 -1.860943  
127 67 Car 2 3 -1.214021 0.000000 179.850526 117.140649 249.999454 1.436607 1.615587 3.914116 -13.288685 1.610614 15.761568 -1.866190  
128 67 Car 2 3 -1.209655 0.000000 179.841049 94.925637 252.991398 1.436607 1.615587 3.914116 -13.339309 1.604222 15.117289 -1.871475  
129 67 Car 2 3 -1.203500 0.000000 179.884425 69.597277 256.385842 1.436607 1.615587 3.914116 -13.404558 1.598690 14.458063 -1.876150  
130 67 Car 2 3 -1.196961 0.000000 179.936652 41.995763 256.335197 1.436607 1.615587 3.914116 -13.469807 1.593157 13.798837 -1.881205  
