22 0 Car 0 0 -1.412046 513.034408 160.971551 549.533913 195.284259 1.500000 1.589289 3.603515 -3.488020 0.637369 33.119668 -1.514643  
22 15 Car 0 2 -1.433316 531.711597 163.654962 561.192727 188.020244 1.355712 1.569157 4.063350 -3.427879 0.405795 41.948646 -1.514643  
22 16 Car 0 1 -1.482088 571.776360 165.564627 590.333527 181.541070 1.500000 1.697545 4.453753 -2.344281 0.078920 69.546662 -1.514643  
23 0 Car 0 0 -1.410587 516.017630 160.915412 553.086424 195.780559 1.500000 1.589289 3.603515 -3.284676 0.648573 32.625381 -1.508609  
23 15 Car 0 1 -1.432521 535.218964 164.614655 565.140156 189.342787 1.355712 1.569157 4.063350 -3.161764 0.473050 41.366137 -1.508609  
23 16 Car 0 1 -1.481695 575.774765 165.465127 594.319996 181.449213 1.500000 1.697545 4.453753 -1.950833 0.069994 69.517080 -1.508609  
24 0 Car 0 0 -1.409778 519.098285 160.857466 556.755007 196.292925 1.500000 1.589289 3.603515 -3.081333 0.659778 32.131093 -1.503070  
24 15 Car 0 0 -1.432376 538.831656 165.603457 569.195228 190.704800 1.355712 1.569157 4.063350 -2.895649 0.540305 40.783628 -1.503070  
24 16 Car 0 0 -1.481805 579.776137 165.365541 598.310301 181.357278 1.500000 1.697545 4.453753 -1.557386 0.061068 69.487499 -1.503070  
25 0 Car 0 0 -1.409059 522.281188 160.797621 560.545465 196.822150 1.500000 1.589289 3.603515 -2.877989 0.670982 31.636806 -1.497461  
25 15 Car 0 1 -1.431779 542.150284 167.001243 572.997748 192.487095 1.355712 1.569157 4.063350 -2.651318 0.628009 40.200870 -1.497461  
25 16 Car 0 0 -1.481207 582.867415 165.287943 602.308309 181.260209 1.500000 1.697545 4.453753 -1.211399 0.052302 69.560633 -1.497461  
26 0 Car 0 0 -1.409291 525.571471 160.735780 564.463992 197.369078 1.500000 1.589289 3.603515 -2.674646 0.682186 31.142519 -1.492633  
26 15 Car 0 2 -1.431178 545.018710 165.118665 576.131797 190.979582 1.355712 1.569157 4.063350 -2.446121 0.538403 39.645123 -1.492633  
26 16 Car 0 0 -1.481380 585.955976 165.210674 606.293270 181.163257 1.500000 1.697545 4.453753 -0.865412 0.043537 69.633766 -1.492633  
27 0 Car 0 0 -1.406355 527.292771 161.192130 566.859884 198.469125 1.500000 1.589289 3.603515 -2.524259 0.714898 30.639650 -1.486805  
27 15 Car 0 2 -1.428813 547.310803 165.249494 578.754672 191.498604 1.355712 1.569157 4.063350 -2.275595 0.557338 39.089116 -1.486805  
27 16 Car 0 0 -1.477196 585.343596 165.358923 609.231587 181.301042 1.500000 1.697545 4.453753 -0.754645 0.058735 69.619899 -1.486805  
28 0 Car 0 0 -1.407085 529.078144 161.665291 569.338851 199.607296 1.500000 1.589289 3.603515 -2.373872 0.747610 30.136781 -1.484538  
28 15 Car 0 2 -1.430111 549.672641 165.384322 581.449551 192.033396 1.355712 1.569157 4.063350 -2.105069 0.576274 38.533108 -1.484538  
28 16 Car 0 0 -1.476561 584.801906 165.510110 612.081309 181.437596 1.500000 1.697545 4.453753 -0.643878 0.073933 69.606031 -1.484538  
29 0 Car 0 0 -1.404514 526.647080 162.156402 567.824986 200.958021 1.500000 1.589289 3.603515 -2.405546 0.783566 29.511427 -1.484739  
29 15 Car 0 2 -1.427280 547.095388 166.771580 579.724007 193.836993 1.355712 1.569157 4.063350 -2.188880 0.658777 37.972609 -1.484739  
29 16 Car 0 0 -1.472538 581.354370 167.139508 609.553975 183.067761 1.500000 1.697545 4.453753 -0.938633 0.229782 69.616368 -1.484739  
30 0 Car 0 0 -1.404672 524.103387 162.670090 566.241497 202.371335 1.500000 1.589289 3.603515 -2.437220 0.819522 28.886074 -1.487797  
30 15 Car 0 2 -1.427213 544.436741 168.202913 577.949251 195.697586 1.355712 1.569157 4.063350 -2.272691 0.741279 37.412110 -1.487797  
30 16 Car 0 0 -1.471371 577.914079 168.766907 607.019170 184.697548 1.500000 1.697545 4.453753 -1.233388 0.385631 69.626705 -1.487797  
31 0 Car 0 0 -1.401330 518.028453 162.663349 561.183386 203.298057 1.500000 1.589289 3.603515 -2.612031 0.834956 28.265734 -1.492268  
31 15 Car 0 2 -1.425019 539.515775 168.394593 573.405861 196.379587 1.355712 1.569157 4.063350 -2.480812 0.761596 36.794899 -1.492268  
31 16 Car 0 0 -1.467331 571.531098 169.624224 601.360159 185.555393 1.500000 1.697545 4.453753 -1.826428 0.468011 69.626540 -1.492268  
32 0 Car 0 0 -1.401145 511.660483 162.656423 555.884639 204.269622 1.500000 1.589289 3.603515 -2.786841 0.850389 27.645395 -1.500259  
32 15 Car 0 2 -1.426122 534.416442 168.593172 568.716114 197.086413 1.355712 1.569157 4.063350 -2.688934 0.781912 36.177687 -1.500259  
32 16 Car 0 0 -1.466812 565.151139 170.480805 595.696436 186.413077 1.500000 1.697545 4.453753 -2.419467 0.550390 69.626375 -1.500259  
33 0 Car 0 0 -1.399179 502.317747 162.644269 547.701680 205.299095 1.500000 1.589289 3.603515 -3.055003 0.865863 27.016330 -1.510550  
33 15 Car 0 2 -1.424087 525.204049 167.438527 560.386336 196.463070 1.355712 1.569157 4.063350 -3.082137 0.737789 35.552900 -1.510550  
33 16 Car 0 0 -1.463212 554.274530 169.225286 586.898346 185.140262 1.500000 1.697545 4.453753 -3.385868 0.431143 69.575370 -1.510550  
34 0 Car 0 0 -1.398009 492.493242 162.631644 539.105868 206.381676 1.500000 1.589289 3.603515 -3.323164 0.881337 26.387266 -1.522226  
34 15 Car 0 2 -1.423022 515.639384 166.240712 551.776818 195.815657 1.355712 1.569157 4.063350 -3.475341 0.693666 34.928112 -1.522226  
34 16 Car 0 0 -1.460987 543.420758 167.974123 578.035873 183.864499 1.500000 1.697545 4.453753 -4.352268 0.311896 69.524365 -1.522226  
35 0 Car 0 0 -1.393868 479.274027 163.009922 527.416706 208.106161 1.500000 1.589289 3.603515 -3.672206 0.912625 25.657592 -1.535389  
35 15 Car 0 2 -1.419000 502.650293 168.681980 540.179362 198.845743 1.355712 1.569157 4.063350 -4.006387 0.818127 34.294678 -1.535389  
35 16 Car 0 1 -1.456149 529.266622 168.712710 566.607108 184.624051 1.500000 1.697545 4.453753 -5.591805 0.386152 69.315605 -1.535389  
36 0 Car 0 0 -1.390349 465.213434 163.411752 515.002176 209.940466 1.500000 1.589289 3.603515 -4.021248 0.943913 24.927919 -1.550171  
36 15 Car 0 2 -1.419235 491.948528 168.965888 529.992625 199.795390 1.355712 1.569157 4.063350 -4.420904 0.842661 33.603537 -1.550171  
36 16 Car 0 1 -1.452854 515.119096 169.455714 554.992272 185.385351 1.500000 1.697545 4.453753 -6.831342 0.460409 69.106844 -1.550171  
37 0 Car 0 0 -1.387379 450.228529 163.839377 501.793178 211.895404 1.500000 1.589289 3.603515 -4.370290 0.975200 24.198246 -1.566570  
37 15 Car 0 2 -1.415077 476.561425 167.876186 515.721301 199.409966 1.355712 1.569157 4.063350 -5.016000 0.806748 32.897690 -1.566570  
37 16 Car 0 2 -1.446977 499.117076 168.763403 539.119273 184.738266 1.500000 1.697545 4.453753 -8.355567 0.398283 68.835644 -1.566570  
38 0 Car 0 0 -1.383942 433.130511 162.388743 486.917934 212.306240 1.500000 1.589289 3.603515 -4.761723 0.950442 23.359816 -1.584935  
38 15 Car 0 2 -1.412114 460.448897 166.737248 500.865721 199.005587 1.355712 1.569157 4.063350 -5.611096 0.770835 32.191843 -1.584935  
38 16 Car 0 2 -1.443010 482.979623 168.066421 523.129502 184.111451 1.500000 1.697545 4.453753 -9.879791 0.336157 68.564444 -1.584935  
39 0 Car 0 0 -1.380650 414.646512 160.828038 470.872379 212.747771 1.500000 1.589289 3.603515 -5.153155 0.925684 22.521386 -1.604973  
39 15 Car 0 2 -1.407938 441.911329 165.548440 483.962075 198.594871 1.355712 1.569157 4.063350 -6.272322 0.735247 31.476014 -1.604973  
39 16 Car 0 2 -1.439109 465.486435 166.552736 505.953790 182.754401 1.500000 1.697545 4.453753 -11.486481 0.200320 68.126596 -1.604973  
40 0 Car 0 0 -1.377185 394.600346 159.144419 453.518084 213.223850 1.500000 1.589289 3.603515 -5.544588 0.900925 21.682956 -1.626498  
40 15 Car 0 2 -1.404362 422.443067 164.302640 466.325938 198.162753 1.355712 1.569157 4.063350 -6.933548 0.699660 30.760185 -1.626498  
40 16 Car 0 1 -1.436579 447.756376 164.989185 488.566125 181.378234 1.500000 1.697545 4.453753 -13.093170 0.064483 67.688748 -1.626498  
41 0 Car 0 0 -1.371490 371.297861 160.332350 433.558519 217.122507 1.500000 1.589289 3.603515 -5.969055 0.961265 20.738379 -1.649317  
41 15 Car 0 2 -1.399497 401.031789 165.527994 446.323356 200.404536 1.355712 1.569157 4.063350 -7.620081 0.767465 29.929933 -1.649317  
41 16 Car 0 2 -1.429357 424.149395 166.569270 467.851808 183.061796 1.500000 1.697545 4.453753 -15.089649 0.222783 67.152959 -1.649317  
42 0 Car 0 0 -1.366406 345.570662 161.639239 411.597532 221.429635 1.500000 1.589289 3.603515 -6.393523 1.021604 19.793802 -1.675136  
42 15 Car 0 2 -1.396461 378.304840 166.825945 425.256414 202.784685 1.355712 1.569157 4.063350 -8.306613 0.835270 29.099681 -1.675136  
42 16 Car 0 2 -1.425039 400.249894 168.175305 446.688270 184.781761 1.500000 1.697545 4.453753 -17.086128 0.381082 66.617171 -1.675136  
43 0 Car 0 0 -1.363150 317.018722 163.082427 387.335702 226.211376 1.500000 1.589289 3.603515 -6.817990 1.081943 18.849225 -1.705405  
43 15 Car 0 2 -1.390657 349.031519 168.386869 398.743086 205.578865 1.355712 1.569157 4.063350 -9.162427 0.910885 28.215960 -1.705405  
43 16 Car 0 2 -1.417417 370.916765 169.465212 418.358875 186.275062 1.500000 1.697545 4.453753 -19.521623 0.514076 65.675614 -1.705405  
44 0 Car 0 0 -1.357509 282.173245 164.623740 360.033026 231.896652 1.500000 1.589289 3.603515 -7.246616 1.143074 17.801172 -1.738209  
44 15 Car 0 1 -1.385945 317.708057 170.052117 370.637884 208.568897 1.355712 1.569157 4.063350 -10.018241 0.986500 27.332238 -1.738209  
44 16 Car 0 2 -1.412097 340.692762 170.792339 389.240975 187.814656 1.500000 1.697545 4.453753 -21.957118 0.647070 64.734058 -1.738209  
45 0 Car 0 0 -1.351190 241.672361 166.361662 329.193684 238.355991 1.500000 1.589289 3.603515 -7.675242 1.204205 16.753119 -1.774604  
45 15 Car 0 2 -1.377279 278.411023 170.216052 336.334039 210.440323 1.355712 1.569157 4.063350 -10.983422 1.008312 26.260868 -1.774604  
45 16 Car 0 2 -1.404439 303.902343 172.541330 355.514772 189.870911 1.500000 1.697545 4.453753 -24.735756 0.816764 63.595377 -1.774604  
46 0 Car 0 0 -1.344598 195.801243 168.332769 294.135975 245.754512 1.500000 1.589289 3.603515 -8.103869 1.265336 15.705067 -1.814548  
46 15 Car 0 2 -1.366337 232.968293 171.622201 295.222913 213.550061 1.355712 1.569157 4.063350 -12.116592 1.069861 25.288817 -1.814548  
46 16 Car 0 2 -1.400246 265.746272 174.330513 320.558576 192.014608 1.500000 1.697545 4.453753 -27.514394 0.986457 62.456696 -1.814548  
47 0 Car 0 0 -1.335931 140.795442 168.618840 255.063884 252.362738 1.500000 1.589289 3.603515 -8.526868 1.288985 14.620228 -1.857338  
47 15 Car 0 2 -1.356801 183.601782 173.142612 251.049198 216.926162 1.355712 1.569157 4.063350 -13.249761 1.131411 24.316766 -1.857338  
47 16 Car 0 2 -1.392311 220.571273 175.813951 278.101896 194.014731 1.500000 1.697545 4.453753 -30.541421 1.128511 60.784371 -1.857338  
48 0 Car 0 0 -1.325353 76.756301 168.959599 209.729852 260.078624 1.500000 1.589289 3.603515 -8.949867 1.312634 13.535390 -1.902976  
48 15 Car 0 2 -1.348910 129.794993 174.790872 203.445718 220.603296 1.355712 1.569157 4.063350 -14.382930 1.192960 23.344716 -1.902976  
48 16 Car 0 1 -1.387016 172.724612 177.376380 233.347489 196.134896 1.500000 1.697545 4.453753 -33.568448 1.270565 59.112046 -1.902976  
49 0 Car 0 0 -1.317103 2.922430 169.355614 164.385689 269.460298 1.500000 1.589289 3.603515 -9.251218 1.336623 12.401710 -1.951619  
49 15 Car 0 2 -1.339165 66.317552 174.757278 148.330403 222.839651 1.355712 1.569157 4.063350 -15.613829 1.200844 22.327561 -1.951619  
49 16 Car 0 2 -1.378594 115.565758 177.772240 180.156330 197.212598 1.500000 1.697545 4.453753 -36.919633 1.311300 57.165549 -1.951619  
50 0 Car 0 0 -1.341211 0.000000 169.847227 110.485367 278.797076 1.500000 1.589289 3.603515 -9.442102 1.361330 11.275874 -2.001294  
50 15 Car 0 3 -1.331502 0.000000 174.722298 88.316711 225.200537 1.355712 1.569157 4.063350 -16.844727 1.208728 21.310406 -2.001294  
50 16 Car 0 2 -1.365394 46.365069 176.265231 117.925059 196.561919 1.500000 1.697545 4.453753 -40.549054 1.201320 54.904407 -2.001294  
51 0 Car 1 0 -1.361807 0.000000 170.449007 44.736161 284.431925 1.500000 1.589289 3.603515 -9.632987 1.386038 10.150038 -2.050257  
51 16 Car 0 3 -1.366082 0.000000 176.726275 54.838170 197.793099 1.500000 1.697545 4.453753 -43.578826 1.250707 52.352874 -2.050257  
55 6 Car 0 0 -2.946031 1165.451304 167.881280 1221.093352 196.562371 1.851562 1.682812 4.109375 39.857675 1.021821 47.870851 -2.251306  
56 6 Car 0 0 -2.945794 1107.805394 170.752529 1160.436526 199.128955 1.851562 1.682812 4.109375 36.383560 1.206765 48.574284 -2.302517  
57 6 Car 0 0 -2.943709 1051.630247 173.530710 1101.696161 201.623052 1.851562 1.682812 4.109375 32.909444 1.391708 49.277716 -2.354517  
58 6 Car 0 0 -2.941566 998.490967 176.100483 1046.430009 203.968951 1.851562 1.682812 4.109375 29.500971 1.568572 49.896839 -2.407253  
59 4 Car 1 1 3.107736 1211.094482 193.435946 1223.000000 279.063440 1.398438 1.495312 3.718750 11.460782 1.673389 12.085548 -2.461206  
59 6 Car 0 0 -2.938320 946.507497 178.598285 992.670597 206.256461 1.851562 1.682812 4.109375 26.092498 1.745436 50.515961 -2.461206  
60 4 Car 1 1 3.072728 1163.857747 192.670934 1223.000000 290.047156 1.398438 1.495312 3.718750 10.746310 1.659662 12.212304 -2.515602  
60 6 Car 0 0 -2.934764 896.762954 178.479227 941.475768 205.814348 1.851562 1.682812 4.109375 22.740164 1.734851 51.079335 -2.515602  
61 4 Car 0 1 3.037484 1117.756715 191.928549 1223.000000 291.016055 1.398438 1.495312 3.718750 10.031837 1.645935 12.339061 -2.570394  
61 6 Car 0 0 -2.933772 850.859231 174.879847 895.035943 202.239844 1.851562 1.682812 4.109375 19.231162 1.472851 50.615325 -2.570394  
62 4 Car 0 1 3.002282 1072.721175 191.080584 1221.906573 291.420260 1.398438 1.495312 3.718750 9.317364 1.632208 12.465817 -2.625787  
62 5 Car 2 2 3.017936 1070.477151 183.250647 1189.361519 257.920532 1.523438 1.635937 4.406250 12.648187 1.629148 17.337380 -2.625787  
62 6 Car 0 0 -2.930274 804.413537 175.298842 848.143118 202.810006 1.851562 1.682812 4.109375 15.814505 1.504321 50.364945 -2.625787  
63 4 Car 0 1 2.982213 1033.647582 191.580958 1183.928856 292.520639 1.398438 1.495312 3.718750 8.607042 1.642090 12.425868 -2.681031  
63 5 Car 2 2 3.004170 1027.662990 184.431644 1143.759621 259.297671 1.523438 1.635937 4.406250 11.581465 1.660749 17.357376 -2.681031  
63 6 Car 0 0 -2.923742 757.362636 175.721133 800.920778 203.383072 1.851562 1.682812 4.109375 12.397848 1.535790 50.114565 -2.681031  
63 8 Car 0 1 3.067361 998.746333 181.333996 1047.092685 223.414908 1.539062 1.573243 3.523438 16.786841 1.601377 28.482340 -2.681031  
64 4 Car 0 1 2.965549 994.546614 192.085524 1145.314055 293.566103 1.398438 1.495312 3.718750 7.896720 1.651972 12.385918 -2.735056  
64 5 Car 2 2 2.994038 985.060856 185.603839 1098.074634 260.646008 1.523438 1.635937 4.406250 10.514743 1.692349 17.377372 -2.735056  
64 6 Car 0 0 -2.920392 714.623574 175.121035 758.665900 203.297339 1.851562 1.682812 4.109375 9.202661 1.498654 49.119559 -2.735056  
64 8 Car 0 1 3.059950 956.208396 180.827141 1002.915122 222.404617 1.539062 1.573243 3.523438 15.205561 1.580050 28.754308 -2.735056  
65 4 Car 0 1 2.952057 955.386367 192.594790 1106.097183 294.554379 1.398438 1.495312 3.718750 7.186399 1.661854 12.345969 -2.788185  
65 5 Car 0 2 2.981575 947.153059 183.616994 1058.370339 257.685573 1.523438 1.635937 4.406250 9.604423 1.638604 17.449306 -2.788185  
65 6 Car 0 0 -2.912433 669.956365 174.500001 714.816294 203.203872 1.851562 1.682812 4.109375 6.007475 1.461517 48.124554 -2.788185  
65 8 Car 0 1 3.053574 915.542994 180.340714 960.816559 221.449506 1.539062 1.573243 3.523438 13.661862 1.559095 29.006379 -2.788185  
66 4 Car 0 1 2.923625 930.628926 191.036476 1087.375629 295.188163 1.398438 1.495312 3.718750 6.636752 1.627354 12.062792 -2.839463  
66 5 Car 0 2 2.972587 909.607757 181.662584 1018.888709 254.725611 1.523438 1.635937 4.406250 8.694102 1.584860 17.521240 -2.839463  
66 6 Car 0 0 -2.905972 628.082068 173.585586 674.270297 202.844579 1.851562 1.682812 4.109375 3.137154 1.406394 47.085142 -2.839463  
66 8 Car 0 1 3.048621 876.922433 179.880588 920.962521 220.558444 1.539062 1.573243 3.523438 12.166387 1.538839 29.236042 -2.839463  
67 4 Car 0 1 2.901986 904.929798 189.429499 1067.394233 295.812887 1.398438 1.495312 3.718750 6.087105 1.592854 11.779615 -2.885766  
67 5 Car 0 2 2.959750 880.179841 179.845347 989.690628 252.694991 1.523438 1.635937 4.406250 7.926392 1.534332 17.432485 -2.885766  
67 6 Car 0 0 -2.898799 589.446420 171.615127 637.146861 201.604996 1.851562 1.682812 4.109375 0.602811 1.292601 45.866915 -2.885766  
67 8 Car 0 1 3.044475 842.809151 177.719292 886.262962 218.185961 1.539062 1.573243 3.523438 10.735930 1.445198 29.180189 -2.885766  
68 4 Car 0 1 2.888034 878.214217 187.770220 1046.057011 296.427426 1.398438 1.495312 3.718750 5.537458 1.558354 11.496438 -2.926391  
68 5 Car 0 2 2.954063 850.527035 178.023425 960.064745 250.623185 1.523438 1.635937 4.406250 7.158683 1.483805 17.343729 -2.926391  
68 6 Car 0 0 -2.891555 554.793644 169.566744 604.087339 200.543286 1.851562 1.682812 4.109375 -1.541825 1.188506 44.506027 -2.926391  
68 8 Car 0 1 3.040005 814.284537 175.570983 857.461057 215.939547 1.539062 1.573243 3.523438 9.508736 1.352717 29.040799 -2.926391  
69 4 Car 0 1 2.880478 850.398971 186.054608 1023.260200 297.030639 1.398438 1.495312 3.718750 4.987811 1.523854 11.213260 -2.962843  
69 5 Car 0 2 2.944070 827.347038 177.111105 939.522431 250.724150 1.523438 1.635937 4.406250 6.502911 1.459340 17.049334 -2.962843  
69 6 Car 0 0 -2.883017 521.709262 167.780441 573.332486 199.853539 1.851562 1.682812 4.109375 -3.434991 1.107673 43.111682 -2.962843  
69 8 Car 0 0 3.035529 789.537397 173.338709 832.635837 213.734389 1.539062 1.573243 3.523438 8.428425 1.260338 28.849140 -2.962843  
70 4 Car 0 1 2.853777 841.212306 186.411080 1026.705532 303.605130 1.398438 1.495312 3.718750 4.694079 1.526006 10.715368 -2.992873  
70 5 Car 0 2 2.929728 812.796699 176.229633 928.580138 251.734805 1.523438 1.635937 4.406250 6.023598 1.437611 16.606671 -2.992873  
70 6 Car 0 0 -2.873029 491.911062 165.417579 545.965111 198.755890 1.851562 1.682812 4.109375 -4.992218 1.003900 41.609796 -2.992873  
70 8 Car 0 0 3.029125 771.349640 172.976946 814.792985 213.941500 1.539062 1.573243 3.523438 7.596927 1.251087 28.470117 -2.992873  
70 9 Car 2 2 3.033953 768.507242 173.009203 810.329716 206.826394 1.500000 1.629932 3.570312 8.655841 1.163466 33.428592 -2.992873  
70 10 Car 2 2 3.048327 762.969116 175.101286 794.224451 203.137637 1.473047 1.586718 3.640625 9.609666 1.185381 39.313324 -2.992873  
71 4 Car 0 1 2.832491 831.294728 186.797038 1030.468261 310.931964 1.398438 1.495312 3.718750 4.400347 1.528158 10.217476 -3.017739  
71 5 Car 0 1 2.921625 797.554005 175.208323 916.916299 252.801955 1.523438 1.635937 4.406250 5.544284 1.415883 16.164008 -3.017739  
71 6 Car 0 0 -2.862171 464.625309 165.158671 521.756556 199.827140 1.851562 1.682812 4.109375 -6.266252 1.022683 40.103944 -3.017739  
71 8 Car 0 0 3.024202 756.077761 172.603182 800.004353 214.208558 1.539062 1.573243 3.523438 6.887833 1.242168 28.055189 -3.017739  
71 9 Car 2 2 3.027415 754.506993 174.146532 796.760068 208.484585 1.500000 1.629932 3.570312 7.889021 1.218847 32.955605 -3.017739  
71 10 Car 2 2 3.043831 747.716686 175.600690 779.064924 204.015750 1.473047 1.586718 3.640625 8.663737 1.216952 38.867466 -3.017739  
72 4 Car 0 0 2.814315 820.548581 187.216225 1034.603605 319.148196 1.398438 1.495312 3.718750 4.106615 1.530309 9.719584 -3.039774  
72 5 Car 0 1 2.907037 787.556726 176.088073 915.064015 256.887719 1.523438 1.635937 4.406250 5.212591 1.438439 15.635822 -3.039774  
72 6 Car 0 0 -2.852420 439.861450 169.365432 500.220185 205.491191 1.851562 1.682812 4.109375 -7.275879 1.273502 38.531216 -3.039774  
72 8 Car 0 0 3.020091 742.405310 172.198866 786.911944 214.507070 1.539062 1.573243 3.523438 6.209412 1.233232 27.631293 -3.039774  
72 9 Car 2 2 3.024416 740.120049 175.318420 782.771250 210.195136 1.500000 1.629932 3.570312 7.122200 1.274228 32.482618 -3.039774  
72 10 Car 2 2 3.042951 731.957118 176.110753 763.535379 204.915651 1.473047 1.586718 3.640625 7.717809 1.248523 38.421607 -3.039774  
73 4 Car 0 0 2.786465 818.177411 187.766383 1051.578321 329.359994 1.398438 1.495312 3.718750 3.933840 1.533663 9.188306 -3.059118  
73 5 Car 0 1 2.895695 776.976271 176.913312 912.979740 261.372809 1.523438 1.635937 4.406250 4.880898 1.460995 15.107637 -3.059118  
73 6 Car 0 0 -2.839390 414.172996 172.295098 478.172887 210.048066 1.851562 1.682812 4.109375 -8.215968 1.443061 36.943098 -3.059118  
73 8 Car 0 0 3.013471 732.543815 174.171303 777.904735 217.393469 1.539062 1.573243 3.523438 5.720600 1.310298 27.079490 -3.059118  
73 9 Car 2 2 3.019254 729.187347 177.006263 772.721021 212.630400 1.500000 1.629932 3.570312 6.535342 1.357100 31.981928 -3.059118  
73 10 Car 2 2 3.037390 721.596834 177.408775 753.655948 206.727408 1.473047 1.586718 3.640625 7.068748 1.323877 37.924776 -3.059118  
73 13 Car 0 2 3.061559 708.984587 177.968226 731.025721 197.664623 1.443888 1.577430 3.280850 8.849748 1.265533 54.452404 -3.059118  
74 4 Car 0 0 2.761575 815.582793 188.371579 1071.123573 341.198705 1.398438 1.495312 3.718750 3.761065 1.537016 8.657028 -3.074219  
74 5 Car 0 1 2.881279 772.018158 177.683167 916.857122 266.440790 1.523438 1.635937 4.406250 4.659010 1.481618 14.526330 -3.074219  
74 6 Car 0 0 -2.827869 392.445591 171.914405 460.131423 211.421792 1.851562 1.682812 4.109375 -8.863036 1.443476 35.408113 -3.074219  
74 8 Car 0 0 3.011741 722.238179 176.082605 768.493609 220.410618 1.539062 1.573243 3.523438 5.231787 1.387364 26.527688 -3.074219  
74 9 Car 2 2 3.018875 717.925855 178.728490 762.329940 215.149833 1.500000 1.629932 3.570312 5.948485 1.439972 31.481237 -3.074219  
74 10 Car 2 2 3.036633 710.801611 178.738537 743.499001 208.590985 1.473047 1.586718 3.640625 6.419687 1.399230 37.427946 -3.074219  
74 13 Car 0 2 3.058664 700.045510 178.097938 722.275231 198.013264 1.443888 1.577430 3.280850 8.082815 1.277511 53.886998 -3.074219  
75 4 Car 0 0 2.725657 818.882050 189.136498 1108.235076 358.176377 1.398438 1.495312 3.718750 3.645946 1.540537 8.028782 -3.087169  
75 5 Car 0 1 2.869018 766.713608 178.507156 921.076023 272.018063 1.523438 1.635937 4.406250 4.437122 1.502241 13.945023 -3.087169  
75 6 Car 0 0 -2.813797 369.918857 171.477877 441.743018 212.925000 1.851562 1.682812 4.109375 -9.447134 1.443178 33.861008 -3.087169  
75 8 Car 0 0 3.005143 717.037746 175.194135 764.365086 220.487641 1.539062 1.573243 3.523438 4.929500 1.356145 25.939276 -3.087169  
75 9 Car 2 2 3.016258 709.708118 179.419814 755.425192 216.571367 1.500000 1.629932 3.570312 5.516433 1.472860 30.963751 -3.087169  
75 10 Car 2 2 3.029167 706.128887 178.552627 740.189340 208.847675 1.473047 1.586718 3.640625 6.115799 1.390082 36.887580 -3.087169  
75 13 Car 0 2 3.058226 690.922033 178.230298 713.333626 198.369560 1.443888 1.577430 3.280850 7.315882 1.289490 53.321593 -3.087169  
76 4 Car 0 0 2.686356 822.659325 190.004106 1153.495602 369.000000 1.398438 1.495312 3.718750 3.530826 1.544059 7.400537 -3.099302  
76 5 Car 0 1 2.849249 767.431647 178.685858 932.429293 277.695058 1.523438 1.635937 4.406250 4.316425 1.507828 13.302105 -3.099302  
76 6 Car 0 0 -2.796757 345.081696 170.996998 421.704067 214.582406 1.851562 1.682812 4.109375 -10.031233 1.442881 32.313904 -3.099302  
76 8 Car 0 0 2.999590 711.606744 175.858751 760.156876 222.460011 1.539062 1.573243 3.523438 4.637774 1.386106 25.303371 -3.099302  
76 9 Car 2 2 3.010950 704.151900 179.466241 751.023957 217.474112 1.500000 1.629932 3.570312 5.183133 1.475789 30.311325 -3.099302  
76 10 Car 0 2 3.030842 696.005458 180.225015 730.279083 211.229959 1.473047 1.586718 3.640625 5.497443 1.481445 36.267824 -3.099302  
76 13 Car 0 2 3.058303 682.034053 178.932969 704.651429 199.337841 1.443888 1.577430 3.280850 6.581149 1.345074 52.750753 -3.099302  
77 4 Car 0 0 2.634584 832.497451 191.011537 1218.939117 369.000000 1.398438 1.495312 3.718750 3.460790 1.547371 6.741791 -3.110882  
77 5 Car 0 1 2.829165 768.214092 178.879947 945.166520 284.073548 1.523438 1.635937 4.406250 4.195727 1.513415 12.659188 -3.110882  
77 6 Car 0 0 -2.776801 317.558491 170.464658 399.782582 216.419049 1.851562 1.682812 4.109375 -10.615331 1.442583 30.766800 -3.110882  
77 7 Car 0 0 -3.023066 527.139206 178.428606 556.521942 196.240743 1.492914 1.580329 3.843750 -5.515104 1.329599 62.473739 -3.110882  
77 8 Car 0 0 2.994972 705.874390 176.555300 755.714203 224.541902 1.539062 1.573243 3.523438 4.346049 1.416067 24.667467 -3.110882  
77 9 Car 2 2 3.005902 698.778850 179.916885 746.887447 218.873881 1.500000 1.629932 3.570312 4.868003 1.496573 29.656978 -3.110882  
77 10 Car 0 2 3.026773 690.203907 180.305810 725.217542 211.915650 1.473047 1.586718 3.640625 5.122650 1.485805 35.617445 -3.110882  
77 13 Car 0 2 3.055039 675.863055 179.512354 698.886213 200.191269 1.443888 1.577430 3.280850 6.065542 1.390206 52.156801 -3.110882  
78 4 Car 0 0 2.616732 843.990456 192.184869 1223.000000 369.000000 1.398438 1.495312 3.718750 3.390754 1.550683 6.083046 -3.120660  
78 5 Car 0 1 2.809858 769.069764 179.091498 959.557662 291.292122 1.523438 1.635937 4.406250 4.075029 1.519002 12.016271 -3.120660  
78 6 Car 0 0 -2.759418 292.397136 170.212938 381.488855 218.814785 1.851562 1.682812 4.109375 -10.959731 1.455306 29.201760 -3.120660  
78 7 Car 0 0 -3.018798 516.581964 178.021211 547.038308 196.286325 1.492914 1.580329 3.843750 -6.236802 1.298036 60.886790 -3.120660  
78 8 Car 0 0 2.992574 699.814862 177.286140 751.016981 226.742693 1.539062 1.573243 3.523438 4.054324 1.446028 24.031562 -3.120660  
78 9 Car 2 2 3.002967 693.177390 180.386497 742.551215 220.341465 1.500000 1.629932 3.570312 4.552873 1.517358 29.002631 -3.120660  
78 10 Car 0 2 3.024805 684.197249 180.389464 719.956925 212.628373 1.473047 1.586718 3.640625 4.747857 1.490164 34.967065 -3.120660  
78 13 Car 0 2 3.053788 669.554204 180.104480 692.983650 201.065229 1.443888 1.577430 3.280850 5.549935 1.435338 51.562849 -3.120660  
79 4 Car 1 0 2.602242 857.592517 193.568739 1223.000000 369.000000 1.398438 1.495312 3.718750 3.320717 1.553996 5.424301 -3.128153  
79 5 Car 0 1 2.791615 770.009168 179.322978 975.947778 299.528441 1.523438 1.635937 4.406250 3.954332 1.524589 11.373353 -3.128153  
79 6 Car 0 0 -2.737268 264.160407 169.930394 361.265536 221.503280 1.851562 1.682812 4.109375 -11.304130 1.468029 27.636721 -3.128153  
79 7 Car 0 0 -3.011537 505.440308 177.592753 537.063454 196.334395 1.492914 1.580329 3.843750 -6.958501 1.266473 59.299841 -3.128153  
79 8 Car 0 0 2.985410 698.761593 176.215339 751.591163 227.084891 1.539062 1.573243 3.523438 3.917487 1.411230 23.343930 -3.128153  
79 9 Car 2 2 2.999189 689.671345 179.142165 740.670944 219.929594 1.500000 1.629932 3.570312 4.336867 1.464357 28.342733 -3.128153  
79 10 Car 0 2 3.020570 681.273838 179.802426 718.185871 212.640660 1.473047 1.586718 3.640625 4.540183 1.460183 34.300230 -3.128153  
79 13 Car 0 2 3.050236 666.529372 179.442325 690.370244 200.662888 1.443888 1.577430 3.280850 5.269089 1.386547 50.851434 -3.128153  
80 4 Car 1 0 2.586321 877.578171 195.286639 1223.000000 369.000000 1.398438 1.495312 3.718750 3.274092 1.557072 4.727450 -3.133901  
80 5 Car 0 1 2.773647 771.044919 179.577340 994.785102 309.014070 1.523438 1.635937 4.406250 3.833634 1.530177 10.730436 -3.133901  
80 6 Car 0 0 -2.716533 237.856520 169.548143 343.266248 224.266403 1.851562 1.682812 4.109375 -11.505810 1.477169 26.165615 -3.133901  
80 7 Car 0 0 -3.006988 497.514852 176.986226 530.210233 196.239077 1.492914 1.580329 3.843750 -7.367194 1.222119 57.657647 -3.133901  
80 8 Car 0 0 2.980013 697.639929 175.030806 752.201853 227.449500 1.539062 1.573243 3.523438 3.780651 1.376432 22.656297 -3.133901  
80 9 Car 0 2 2.997336 686.008863 177.842807 738.693039 219.496191 1.500000 1.629932 3.570312 4.120861 1.411356 27.682836 -3.133901  
80 10 Car 0 2 3.018212 678.241165 179.193602 716.339199 212.653262 1.473047 1.586718 3.640625 4.332510 1.430201 33.633394 -3.133901  
80 13 Car 0 2 3.048545 663.421429 178.762102 687.680075 200.248633 1.443888 1.577430 3.280850 4.988242 1.337755 50.140019 -3.133901  
81 4 Car 1 0 2.569470 902.390410 197.406170 1223.000000 369.000000 1.398438 1.495312 3.718750 3.227467 1.560149 4.030598 -3.138304  
81 5 Car 0 1 2.744652 777.853845 179.349892 1028.563842 321.234719 1.523438 1.635937 4.406250 3.781765 1.527138 9.977347 -3.138304  
81 6 Car 0 0 -2.691950 208.137581 169.116169 323.286301 227.388182 1.851562 1.682812 4.109375 -11.707491 1.486309 24.694510 -3.138304  
81 7 Car 0 0 -3.000517 489.108117 176.345396 522.968594 196.137920 1.492914 1.580329 3.843750 -7.775888 1.177766 56.015453 -3.138304  
81 8 Car 0 0 2.975986 696.442856 173.614988 752.852754 227.838812 1.539062 1.573243 3.523438 3.643814 1.341635 21.968664 -3.138304  
81 9 Car 0 2 2.992792 685.150765 177.701140 739.755053 220.553050 1.500000 1.629932 3.570312 4.009729 1.408268 26.946791 -3.138304  
81 10 Car 0 2 3.015143 676.736281 178.694914 715.926612 212.901965 1.473047 1.586718 3.640625 4.188044 1.407072 32.886171 -3.138304  
81 13 Car 0 2 3.048320 660.226877 178.063059 684.909734 199.821931 1.443888 1.577430 3.280850 4.707396 1.288964 49.428604 -3.138304  
82 4 Car 2 0 2.548783 934.011541 200.086755 1223.000000 369.000000 1.398438 1.495312 3.718750 3.180841 1.563226 3.333747 3.139775  
82 5 Car 0 0 2.710707 785.567069 179.092641 1069.535983 336.089509 1.523438 1.635937 4.406250 3.729895 1.524099 9.224258 3.139775  
82 6 Car 0 0 -2.665251 174.292171 168.624094 300.979860 230.943296 1.851562 1.682812 4.109375 -11.909171 1.495449 23.223404 3.139775  
82 7 Car 0 0 -2.994997 480.821914 177.473278 515.914874 197.960991 1.492914 1.580329 3.843750 -8.135251 1.276865 54.366373 3.139775  
82 8 Car 0 0 2.968576 697.042703 173.773840 755.605268 230.053801 1.539062 1.573243 3.523438 3.555290 1.353295 21.229610 3.139775  
82 9 Car 0 2 2.987532 684.248004 177.552073 740.879899 221.673829 1.500000 1.629932 3.570312 3.898597 1.405179 26.210746 3.139775  
82 10 Car 0 2 3.011429 675.165346 178.174366 715.493311 213.162922 1.473047 1.586718 3.640625 4.043578 1.383943 32.138947 3.139775  
82 13 Car 0 2 3.047515 656.942023 177.344402 682.055613 199.382216 1.443888 1.577430 3.280850 4.426549 1.240172 48.717189 3.139775  
83 4 Car 1 0 2.513407 998.463847 204.971604 1223.000000 369.000000 1.398438 1.495312 3.718750 3.199454 1.570329 2.525177 3.135168  
83 5 Car 0 0 2.671838 794.377292 178.799308 1120.273879 354.533014 1.523438 1.635937 4.406250 3.678026 1.521061 8.471169 3.135168  
83 6 Car 0 0 -2.636252 136.729658 168.897843 277.163957 235.950429 1.851562 1.682812 4.109375 -12.056450 1.528318 21.725977 3.135168  
83 7 Car 0 0 -2.986232 470.314413 176.230271 507.051089 197.295950 1.492914 1.580329 3.843750 -8.607946 1.188105 52.712564 3.135168  
83 8 Car 0 0 2.961486 697.690629 173.945259 758.574376 232.443491 1.539062 1.573243 3.523438 3.466767 1.364956 20.490557 3.135168  
83 9 Car 0 2 2.982758 683.296945 177.395009 742.073389 222.864510 1.500000 1.629932 3.570312 3.787465 1.402091 25.474702 3.135168  
83 10 Car 0 2 3.008282 673.523889 177.630485 715.037728 213.437065 1.473047 1.586718 3.640625 3.899111 1.360814 31.391723 3.135168  
83 11 Car 0 2 3.024345 663.394297 176.192858 702.127129 207.107612 1.492188 1.742578 4.085938 3.968020 1.281831 36.627241 3.135168  
83 13 Car 0 2 3.047342 653.562957 176.605290 679.113880 198.928885 1.443888 1.577430 3.280850 4.145702 1.191381 48.005775 3.135168  
84 4 Car 2 0 2.467775 1092.284833 214.035515 1223.000000 369.000000 1.398438 1.495312 3.718750 3.218066 1.577431 1.716608 3.132012  
84 5 Car 0 0 2.623205 807.312876 178.405912 1189.626547 369.000000 1.523438 1.635937 4.406250 3.665208 1.517237 7.718650 3.132012  
84 6 Car 0 0 -2.602180 92.983520 169.216821 250.146174 241.781583 1.851562 1.682812 4.109375 -12.203729 1.561187 20.228550 3.132012  
84 7 Car 0 0 -2.979598 462.397514 176.033900 500.732917 197.807432 1.492914 1.580329 3.843750 -8.843782 1.183595 51.023302 3.132012  
84 8 Car 0 0 2.956040 697.819606 174.130795 761.786769 235.029398 1.539062 1.573243 3.523438 3.378243 1.376616 19.751503 3.132012  
84 9 Car 0 2 2.978451 683.020772 176.121261 744.016000 223.044711 1.500000 1.629932 3.570312 3.691546 1.360183 24.678824 3.132012  
84 10 Car 0 2 3.006655 671.807027 177.061666 714.558132 213.725421 1.473047 1.586718 3.640625 3.754645 1.337684 30.644500 3.132012  
84 11 Car 0 2 3.020880 663.107355 175.967020 702.858445 207.604702 1.492188 1.742578 4.085938 3.890013 1.275912 35.838160 3.132012  
84 13 Car 0 2 3.045031 652.726505 175.960694 678.747055 198.653020 1.443888 1.577430 3.280850 4.035548 1.153022 47.217108 3.132012  
85 5 Car 0 0 2.595523 822.389789 177.948365 1223.000000 369.000000 1.523438 1.635937 4.406250 3.652390 1.513412 6.966130 3.130082  
85 6 Car 0 0 -2.566816 46.166613 169.529604 222.763838 248.410302 1.851562 1.682812 4.109375 -12.268848 1.591951 18.770455 3.130082  
85 7 Car 0 0 -2.971102 453.917245 175.824573 493.997794 198.355308 1.492914 1.580329 3.843750 -9.079619 1.179084 49.334040 3.130082  
85 8 Car 0 0 2.947663 700.617791 173.493331 768.403747 237.231015 1.539062 1.573243 3.523438 3.356657 1.368475 18.948340 3.130082  
85 9 Car 0 2 2.973043 684.228618 175.832250 747.846537 224.450701 1.500000 1.629932 3.570312 3.650024 1.356148 23.881860 3.130082  
85 10 Car 0 2 3.006328 670.009413 176.466149 714.052610 214.029127 1.473047 1.586718 3.640625 3.610179 1.314555 29.897276 3.130082  
85 11 Car 0 2 3.018623 662.808252 175.730389 703.624634 208.125569 1.492188 1.742578 4.085938 3.812007 1.269992 35.049079 3.130082  
85 13 Car 0 2 3.043974 651.862618 175.273966 678.367281 198.367426 1.443888 1.577430 3.280850 3.925394 1.114662 46.428441 3.130082  
86 5 Car 1 0 2.583472 843.673080 177.967596 1223.000000 369.000000 1.523438 1.635937 4.406250 3.644203 1.516669 6.131274 3.129101  
86 6 Car 0 0 -2.530642 0.000000 169.902322 191.257491 256.272996 1.851562 1.682812 4.109375 -12.333968 1.622715 17.312360 3.129101  
86 7 Car 0 0 -2.962769 446.185373 176.493412 488.088473 199.912241 1.492914 1.580329 3.843750 -9.223434 1.237041 47.631750 3.129101  
86 8 Car 0 0 2.939653 703.641144 172.793096 775.671882 239.647344 1.539062 1.573243 3.523438 3.335072 1.360334 18.145178 3.129101  
86 9 Car 0 2 2.968337 685.514122 175.521639 751.963090 225.962027 1.500000 1.629932 3.570312 3.608502 1.352113 23.084895 3.129101  
86 10 Car 0 2 3.002259 671.384040 176.767751 717.114519 215.492268 1.473047 1.586718 3.640625 3.597739 1.332334 29.081224 3.129101  
86 11 Car 0 2 3.016078 663.316189 176.525204 705.356543 209.738249 1.492188 1.742578 4.085938 3.775991 1.312656 34.258169 3.129101  
86 13 Car 0 2 3.043120 651.501686 175.559586 678.546674 199.067480 1.443888 1.577430 3.280850 3.850743 1.138303 45.638626 3.129101  
87 5 Car 1 0 2.568858 869.707438 177.991101 1223.000000 369.000000 1.523438 1.635937 4.406250 3.636016 1.519925 5.296417 3.127830  
87 6 Car 0 0 -2.515188 0.000000 170.962415 154.938188 266.339480 1.851562 1.682812 4.109375 -12.377910 1.665572 15.835456 3.127830  
87 7 Car 0 0 -2.954067 437.856235 177.209894 481.758167 201.589445 1.492914 1.580329 3.843750 -9.367250 1.294998 45.929460 3.127830  
87 8 Car 0 0 2.930688 706.917976 172.020341 783.692274 242.311405 1.539062 1.573243 3.523438 3.313486 1.352192 17.342015 3.127830  
87 9 Car 0 2 2.962159 687.492630 176.924260 757.112563 229.376782 1.500000 1.629932 3.570312 3.587687 1.399913 22.288029 3.127830  
87 10 Car 0 2 2.997719 672.833353 177.085705 720.365228 217.045726 1.473047 1.586718 3.640625 3.585299 1.350113 28.265171 3.127830  
87 11 Car 0 2 3.013167 663.846827 177.287906 707.175496 211.432153 1.492188 1.742578 4.085938 3.739975 1.355321 33.467259 3.127830  
87 13 Car 0 2 3.041981 651.128517 175.855640 678.732573 199.793151 1.443888 1.577430 3.280850 3.776093 1.161943 44.848811 3.127830  
88 5 Car 1 0 2.552852 902.283604 178.020484 1223.000000 369.000000 1.523438 1.635937 4.406250 3.627829 1.523182 4.461561 3.128211  
88 6 Car 1 0 -2.495597 0.000000 172.654885 112.084874 269.278416 1.851562 1.682812 4.109375 -12.421852 1.708429 14.358552 3.128211  
88 7 Car 0 0 -2.943367 429.103640 178.183143 475.277761 203.619862 1.492914 1.580329 3.843750 -9.494411 1.366250 44.231769 3.128211  
88 8 Car 0 0 2.921211 711.409268 172.295271 793.725392 246.460787 1.539062 1.573243 3.523438 3.312227 1.367755 16.522038 3.128211  
88 9 Car 0 2 2.956913 689.867436 176.531661 762.925607 231.126276 1.500000 1.629932 3.570312 3.569934 1.391691 21.464408 3.128211  
88 10 Car 0 2 2.994633 674.363600 177.421380 723.822760 218.698128 1.473047 1.586718 3.640625 3.572860 1.367893 27.449118 3.128211  
88 11 Car 0 2 3.010724 665.140599 178.311403 709.929661 213.470935 1.492188 1.742578 4.085938 3.740138 1.409077 32.674755 3.128211  
88 13 Car 0 2 3.043055 650.360748 175.370969 678.513153 199.754986 1.443888 1.577430 3.280850 3.676802 1.138114 44.059702 3.128211  
89 5 Car 1 0 2.531918 944.221560 178.058265 1223.000000 369.000000 1.523438 1.635937 4.406250 3.619641 1.526438 3.626705 3.127871  
89 6 Car 1 0 -2.473660 0.000000 174.408172 60.760625 271.448644 1.851562 1.682812 4.109375 -12.465794 1.751287 12.881648 3.127871  
89 7 Car 0 0 -2.932608 419.621245 179.230914 468.301226 205.819546 1.492914 1.580329 3.843750 -9.621572 1.437501 42.534078 3.127871  
89 8 Car 0 0 2.909972 716.320655 172.602727 804.944754 251.097009 1.539062 1.573243 3.523438 3.310967 1.383318 15.702061 3.127871  
89 9 Car 0 2 2.950489 692.416759 176.048715 769.246248 233.028590 1.500000 1.629932 3.570312 3.552180 1.383469 20.640788 3.127871  
89 10 Car 0 2 2.990612 675.981753 177.776299 727.507510 220.459239 1.473047 1.586718 3.640625 3.560420 1.385672 26.633066 3.127871  
89 11 Car 0 2 3.008510 665.756646 177.757983 712.000652 213.841439 1.492188 1.742578 4.085938 3.698561 1.385205 31.827957 3.127871  
89 13 Car 0 2 3.039763 652.088439 176.452399 680.991254 201.324202 1.443888 1.577430 3.280850 3.733512 1.207845 43.228060 3.127871  
90 5 Car 1 0 2.504827 1000.234105 178.177823 1223.000000 369.000000 1.523438 1.635937 4.406250 3.611454 1.529695 2.791848 3.127415  
90 7 Car 0 0 -2.921719 409.810695 179.853187 461.200257 207.650207 1.492914 1.580329 3.843750 -9.723613 1.478058 40.843110 3.127415  
90 8 Car 0 0 2.897399 721.713965 172.948844 817.573961 256.374896 1.539062 1.573243 3.523438 3.309708 1.398881 14.882085 3.127415  
90 9 Car 0 2 2.943434 695.160571 175.521652 776.144010 235.104662 1.500000 1.629932 3.570312 3.534427 1.375247 19.817167 3.127415  
90 10 Car 0 2 2.985955 677.990921 177.301609 731.554891 221.486140 1.473047 1.586718 3.640625 3.545994 1.370639 25.749823 3.127415  
90 11 Car 0 2 3.006074 666.404306 177.176178 714.192834 214.233617 1.492188 1.742578 4.085938 3.656983 1.361332 30.981159 3.127415  
90 13 Car 0 2 3.037434 653.063690 176.519331 682.684773 201.902326 1.443888 1.577430 3.280850 3.739372 1.216752 42.397990 3.127415  
91 5 Car 2 0 2.466449 1083.820646 179.941098 1223.000000 369.000000 1.523438 1.635937 4.406250 3.620888 1.532879 1.937497 3.126965  
91 7 Car 0 0 -2.909902 399.111400 180.526828 453.513213 209.646677 1.492914 1.580329 3.843750 -9.825654 1.518614 39.152142 3.126965  
91 8 Car 0 0 2.882289 728.561059 173.200522 832.670778 262.664564 1.539062 1.573243 3.523438 3.310503 1.412517 14.003876 3.126965  
91 9 Car 0 2 2.935805 698.122007 174.944136 783.701718 237.379439 1.500000 1.629932 3.570312 3.516673 1.367025 18.993547 3.126965  
91 10 Car 0 2 2.981003 680.132795 176.795391 735.913280 222.591442 1.473047 1.586718 3.640625 3.531569 1.355607 24.866581 3.126965  
91 11 Car 0 2 3.003530 667.086073 176.563747 716.517166 214.649427 1.492188 1.742578 4.085938 3.615406 1.337459 30.134361 3.126965  
91 13 Car 0 2 3.035037 654.076431 176.588834 684.448678 202.504489 1.443888 1.577430 3.280850 3.745233 1.225658 41.567921 3.126965  
92 5 Car 2 0 2.412107 1211.201936 182.649773 1223.000000 369.000000 1.523438 1.635937 4.406250 3.630321 1.536064 1.083146 3.126394  
92 7 Car 0 0 -2.896595 386.939956 180.982398 444.744746 211.525987 1.492914 1.580329 3.843750 -9.951719 1.543845 37.464361 3.126394  
92 8 Car 0 0 2.865081 736.210155 173.491515 850.122384 269.935522 1.539062 1.573243 3.523438 3.311299 1.426154 13.125666 3.126394  
92 9 Car 0 2 2.925913 701.981278 174.698529 793.542198 240.712431 1.500000 1.629932 3.570312 3.503744 1.368743 18.061238 3.126394  
92 10 Car 0 2 2.975594 682.420964 176.249664 740.619966 223.784482 1.473047 1.586718 3.640625 3.517144 1.340575 23.983338 3.126394  
92 11 Car 0 2 3.000741 667.804715 175.845681 718.985972 215.091070 1.492188 1.742578 4.085938 3.573828 1.313586 29.287563 3.126394  
92 13 Car 0 2 3.033219 654.595820 176.877240 685.708070 203.365349 1.443888 1.577430 3.280850 3.719213 1.247506 40.739068 3.126394  
93 7 Car 0 0 -2.882533 373.974398 180.874107 435.470441 212.872909 1.492914 1.580329 3.843750 -10.075451 1.536964 35.830277 3.125828  
93 8 Car 0 0 2.845472 744.810851 173.831812 870.526471 278.436839 1.539062 1.573243 3.523438 3.312095 1.439791 12.247458 3.125828  
93 9 Car 0 1 2.914995 706.221548 174.423098 804.576896 244.450693 1.500000 1.629932 3.570312 3.490815 1.370462 17.128928 3.125828  
93 10 Car 0 2 2.969814 684.870940 175.573453 745.718447 225.076139 1.473047 1.586718 3.640625 3.502718 1.325543 23.100095 3.125828  
93 11 Car 0 2 2.997818 668.563303 175.055004 721.613155 215.561033 1.492188 1.742578 4.085938 3.532251 1.289714 28.440765 3.125828  
93 13 Car 0 2 3.031353 655.135947 177.177150 687.021988 204.263500 1.443888 1.577430 3.280850 3.693194 1.269354 39.910214 3.125828  
94 7 Car 0 0 -2.866655 359.699907 180.755991 425.354750 214.355777 1.492914 1.580329 3.843750 -10.199182 1.530084 34.196193 3.125802  
94 8 Car 0 0 2.823025 754.108853 174.224332 895.792475 288.926451 1.539062 1.573243 3.523438 3.304474 1.453720 11.331265 3.125802  
94 9 Car 0 1 2.903408 710.902155 174.112061 817.037266 248.672928 1.500000 1.629932 3.570312 3.477886 1.372180 16.196619 3.125802  
94 10 Car 0 2 2.963435 687.678274 175.599212 752.126607 227.296006 1.473047 1.586718 3.640625 3.500784 1.332654 22.197498 3.125802  
94 11 Car 0 2 2.993615 670.440898 175.170579 725.743552 217.093077 1.492188 1.742578 4.085938 3.531109 1.300781 27.547985 3.125802  
94 13 Car 0 2 3.029686 655.834951 177.138768 688.665122 204.923951 1.443888 1.577430 3.280850 3.664879 1.271693 38.942250 3.125802  
95 7 Car 0 0 -2.850228 344.387556 178.136428 414.715019 213.219544 1.492914 1.580329 3.843750 -10.300631 1.402201 32.558272 3.125469  
95 8 Car 0 0 2.796275 764.797148 174.700809 926.457367 301.657518 1.539062 1.573243 3.523438 3.296853 1.467649 10.415072 3.125469  
95 9 Car 0 1 2.890080 716.095431 173.758034 831.218708 253.479628 1.500000 1.629932 3.570312 3.464956 1.373899 15.264310 3.125469  
95 10 Car 0 2 2.956204 690.705360 175.627362 759.127849 229.721756 1.473047 1.586718 3.640625 3.498850 1.339765 21.294900 3.125469  
95 11 Car 0 2 2.988821 672.435298 175.294545 730.173681 218.736184 1.492188 1.742578 4.085938 3.529967 1.311848 26.655206 3.125469  
95 13 Car 0 2 3.027628 656.568131 177.098511 690.395778 205.619588 1.443888 1.577430 3.280850 3.636565 1.274032 37.974286 3.125469  
96 7 Car 0 0 -2.833356 327.687320 180.466175 403.158700 217.816514 1.492914 1.580329 3.843750 -10.390273 1.515435 30.916416 3.124296  
96 8 Car 0 0 2.763529 777.212753 175.291403 964.458623 317.434421 1.539062 1.573243 3.523438 3.289232 1.481578 9.498880 3.124296  
96 9 Car 0 1 2.873757 722.256355 174.118068 847.796411 259.740589 1.500000 1.629932 3.570312 3.459558 1.389169 14.335229 3.124296  
96 10 Car 0 1 2.947514 693.979026 175.658252 766.808541 232.383425 1.473047 1.586718 3.640625 3.496917 1.346876 20.392303 3.124296  
96 11 Car 0 2 2.982871 674.557753 175.427849 734.937400 220.502884 1.492188 1.742578 4.085938 3.528825 1.322915 25.762427 3.124296  
96 13 Car 0 2 3.024637 657.338057 177.056237 692.221141 206.353300 1.443888 1.577430 3.280850 3.608250 1.276370 37.006322 3.124296  
97 7 Car 0 0 -2.814149 308.882082 180.733280 390.292508 220.353049 1.492914 1.580329 3.843750 -10.483872 1.527206 29.274336 3.123535  
97 8 Car 0 0 2.723699 792.000892 175.899584 1013.759986 338.013843 1.539062 1.573243 3.523438 3.278918 1.495815 8.562030 3.123535  
97 9 Car 0 1 2.855725 729.171401 174.535663 867.022582 267.002632 1.500000 1.629932 3.570312 3.454159 1.404439 13.406148 3.123535  
97 10 Car 0 1 2.938531 697.530650 175.692301 775.272675 235.317190 1.473047 1.586718 3.640625 3.494983 1.353987 19.489705 3.123535  
97 11 Car 0 2 2.976986 676.821003 175.571589 740.073863 222.407669 1.492188 1.742578 4.085938 3.527682 1.333982 24.869647 3.123535  
97 13 Car 0 2 3.021847 658.224712 177.160531 694.233877 207.291029 1.443888 1.577430 3.280850 3.584045 1.286630 36.038290 3.123535  
98 7 Car 0 0 -2.792742 287.679929 181.030120 375.994224 223.212834 1.492914 1.580329 3.843750 -10.577471 1.538976 27.632257 3.122897  
98 8 Car 0 0 2.674334 809.716514 176.521401 1079.028746 365.258413 1.539062 1.573243 3.523438 3.268604 1.510052 7.625180 3.122897  
98 9 Car 0 1 2.835219 736.988050 175.025822 889.587016 275.526719 1.500000 1.629932 3.570312 3.448760 1.419710 12.477067 3.122897  
98 10 Car 0 1 2.929237 701.438664 175.563926 784.053764 238.615710 1.473047 1.586718 3.640625 3.474067 1.357456 18.524456 3.122897  
98 11 Car 0 2 2.971219 679.008256 175.654081 745.302967 224.511201 1.492188 1.742578 4.085938 3.508923 1.343116 23.922901 3.122897  
98 13 Car 0 2 3.019065 659.158149 177.270325 696.363144 208.283059 1.443888 1.577430 3.280850 3.559839 1.296890 35.070258 3.122897  
99 7 Car 0 0 -2.769464 263.591329 181.361953 360.010714 226.461864 1.492914 1.580329 3.843750 -10.671069 1.550747 25.990177 3.121733  
99 8 Car 0 0 2.610979 831.324392 177.282915 1169.227425 369.000000 1.539062 1.573243 3.523438 3.258291 1.524289 6.688331 3.121733  
99 9 Car 0 1 2.810964 745.894924 175.609256 916.441812 285.673145 1.500000 1.629932 3.570312 3.443361 1.434980 11.547986 3.121733  
99 10 Car 0 1 2.918451 705.734735 175.419732 793.916164 242.316316 1.473047 1.586718 3.640625 3.453151 1.360925 17.559207 3.121733  
99 11 Car 0 2 2.964493 681.360755 175.744052 751.005984 226.804478 1.492188 1.742578 4.085938 3.490163 1.352251 22.976155 3.121733  
99 13 Car 0 2 3.016001 659.893719 176.559589 698.345368 208.425550 1.443888 1.577430 3.280850 3.523077 1.265398 34.102356 3.121733  
100 7 Car 0 0 -2.742809 236.024506 180.827276 342.263992 229.073872 1.492914 1.580329 3.843750 -10.770902 1.528997 24.372767 3.121334  
100 8 Car 0 0 2.566486 861.616230 178.266256 1223.000000 369.000000 1.539062 1.573243 3.523438 3.261542 1.539026 5.689905 3.121334  
100 9 Car 0 1 2.783413 756.137204 176.315390 948.939183 297.953775 1.500000 1.629932 3.570312 3.437962 1.450250 10.618906 3.121334  
100 10 Car 0 1 2.907289 710.479629 175.256603 805.072797 246.497303 1.473047 1.586718 3.640625 3.432234 1.364394 16.593957 3.121334  
100 11 Car 0 2 2.958042 683.897960 175.842568 757.250399 229.314384 1.492188 1.742578 4.085938 3.471403 1.361385 22.029408 3.121334  
100 13 Car 0 2 3.013588 660.670256 175.735499 700.449391 208.576797 1.443888 1.577430 3.280850 3.486315 1.233907 33.134453 3.121334  
101 7 Car 0 0 -2.714131 204.200034 180.222175 322.180523 232.089148 1.492914 1.580329 3.843750 -10.870734 1.507248 22.755356 3.119803  
101 8 Car 1 0 2.544999 901.168942 179.559173 1223.000000 369.000000 1.539062 1.573243 3.523438 3.264793 1.553763 4.691479 3.119803  
101 9 Car 0 1 2.747173 768.880096 176.441494 992.042223 313.474933 1.500000 1.629932 3.570312 3.431168 1.457547 9.626276 3.119803  
101 10 Car 0 1 2.893641 715.747500 175.070546 817.796412 251.258703 1.473047 1.586718 3.640625 3.411318 1.367864 15.628708 3.119803  
101 11 Car 0 2 2.948981 687.126920 176.422128 764.972244 232.713686 1.492188 1.742578 4.085938 3.462261 1.383591 21.025735 3.119803  
101 13 Car 0 2 3.009919 661.491280 174.853738 702.686798 208.737632 1.443888 1.577430 3.280850 3.449553 1.202416 32.166550 3.119803  
101 14 Car 0 0 -3.127037 567.967323 171.943558 588.776138 187.405058 1.403808 1.535471 4.500000 -2.466850 0.613923 67.317107 3.119803  
102 7 Car 0 0 -2.680454 167.048986 179.531756 299.266256 235.608897 1.492914 1.580329 3.843750 -10.970567 1.485498 21.137946 3.119592  
102 8 Car 1 0 2.518439 954.995697 181.335170 1223.000000 369.000000 1.539062 1.573243 3.523438 3.268044 1.568500 3.693053 3.119592  
102 9 Car 0 1 2.704308 784.053041 176.604152 1047.624854 333.494291 1.500000 1.629932 3.570312 3.424374 1.464843 8.633646 3.119592  
102 10 Car 0 1 2.877879 722.208024 176.403941 834.576844 258.667523 1.473047 1.586718 3.640625 3.403734 1.400429 14.610623 3.119592  
102 11 Car 0 1 2.940467 690.649091 176.948281 773.558008 236.491402 1.492188 1.742578 4.085938 3.453119 1.405797 20.022061 3.119592  
102 12 Car 0 2 2.973548 679.586389 174.683767 736.577845 218.067699 1.483311 1.712267 4.046875 3.765466 1.282422 26.508943 3.119592  
102 13 Car 0 2 3.007436 662.360725 173.914226 705.070690 208.908999 1.443888 1.577430 3.280850 3.412791 1.170925 31.198648 3.119592  
102 14 Car 0 0 -3.123312 564.589079 170.511488 586.581838 186.605182 1.403808 1.535471 4.500000 -2.627543 0.518193 64.766496 3.119592  
103 7 Car 0 0 -2.645329 124.400405 180.654829 273.812851 242.015458 1.492914 1.580329 3.843750 -11.051066 1.521624 19.539593 3.117702  
103 8 Car 1 0 2.480207 1032.524684 184.781437 1223.000000 369.000000 1.539062 1.573243 3.523438 3.271295 1.583236 2.694627 3.117702  
103 9 Car 0 1 2.648842 802.424408 176.801543 1122.024321 360.298667 1.500000 1.629932 3.570312 3.417580 1.472140 7.641016 3.117702  
103 10 Car 0 1 2.858070 729.521049 177.632257 854.264839 267.354182 1.473047 1.586718 3.640625 3.396149 1.432995 13.592538 3.117702  
103 11 Car 0 1 2.929376 694.506309 177.524708 783.161268 240.714446 1.492188 1.742578 4.085938 3.443977 1.428003 19.018387 3.117702  
103 12 Car 0 2 2.966575 681.787900 175.684982 741.724628 220.920670 1.483311 1.712267 4.046875 3.745845 1.323917 25.503463 3.117702  
103 13 Car 0 2 3.002890 663.438714 174.686686 707.796376 210.867574 1.443888 1.577430 3.280850 3.382925 1.211197 30.228472 3.117702  
103 14 Car 0 0 -3.119661 560.244684 171.850791 583.075149 188.692544 1.403808 1.535471 4.500000 -2.858072 0.670817 61.983081 3.117702  
104 7 Car 0 0 -2.603480 73.299718 181.959725 244.240238 249.691054 1.492914 1.580329 3.843750 -11.131565 1.557750 17.941240 3.117650  
104 8 Car 2 0 2.426137 1155.871301 187.775545 1223.000000 369.000000 1.539062 1.573243 3.523438 3.236520 1.582172 1.634209 3.117650  
104 9 Car 0 1 2.581661 825.124663 176.978479 1223.000000 369.000000 1.500000 1.629932 3.570312 3.410786 1.479436 6.648386 3.117650  
104 10 Car 0 1 2.837152 737.867217 179.034638 877.687805 277.680470 1.473047 1.586718 3.640625 3.388565 1.465560 12.574453 3.117650  
104 11 Car 0 1 2.919071 698.748766 178.158977 793.974290 245.466493 1.492188 1.742578 4.085938 3.434835 1.450209 18.014713 3.117650  
104 12 Car 0 2 2.961016 684.156263 176.709081 747.332235 224.028608 1.483311 1.712267 4.046875 3.726223 1.365411 24.497984 3.117650  
104 13 Car 0 2 3.000004 664.584430 175.513420 710.713493 212.963741 1.443888 1.577430 3.280850 3.353060 1.251469 29.258297 3.117650  
104 14 Car 0 0 -3.113650 555.475674 173.320851 579.250663 190.984313 1.403808 1.535471 4.500000 -3.088601 0.823440 59.199667 3.117650  
105 7 Car 0 0 -2.557328 10.958014 183.494487 209.460450 259.153746 1.492914 1.580329 3.843750 -11.212064 1.593876 16.342887 3.116140  
105 9 Car 1 1 2.565249 853.888172 177.202608 1223.000000 369.000000 1.500000 1.629932 3.570312 3.403992 1.486733 5.655756 3.116140  
105 10 Car 0 1 2.811045 747.482081 180.650907 906.019988 290.158992 1.473047 1.586718 3.640625 3.380980 1.498126 11.556368 3.116140  
105 11 Car 0 1 2.906065 703.437209 178.860254 806.241047 250.853584 1.492188 1.742578 4.085938 3.425693 1.472415 17.011039 3.116140  
105 12 Car 0 2 2.953517 686.711194 177.711678 753.465460 227.427293 1.483311 1.712267 4.046875 3.706602 1.406905 23.492505 3.116140  
105 13 Car 0 2 2.995462 665.804461 176.400355 713.842944 215.212525 1.443888 1.577430 3.280850 3.323194 1.291741 28.288121 3.116140  
105 14 Car 0 0 -3.108500 550.216470 174.941784 575.063237 193.512045 1.403808 1.535471 4.500000 -3.319130 0.976064 56.416253 3.116140  
