0.000000 0.575725 0.574557 0.574557
0.025000 0.575725 0.574557 0.574557
0.050000 0.575725 0.574557 0.574557
0.075000 0.575725 0.497984 0.497984
0.100000 0.509456 0.497984 0.497984
0.125000 0.509456 0.497984 0.497984
0.150000 0.509456 0.453978 0.453978
0.175000 0.473399 0.453978 0.453978
0.200000 0.473399 0.424330 0.424330
0.225000 0.436028 0.403496 0.403496
0.250000 0.416903 0.363758 0.363758
0.275000 0.389372 0.329576 0.329576
0.300000 0.348282 0.276912 0.276912
0.325000 0.280710 0.202188 0.202188
0.350000 0.188238 0.125372 0.125372
0.375000 0.176051 0.116592 0.116592
0.400000 0.000000 0.000000 0.000000
0.425000 0.000000 0.000000 0.000000
0.450000 0.000000 0.000000 0.000000
0.475000 0.000000 0.000000 0.000000
0.500000 0.000000 0.000000 0.000000
0.525000 0.000000 0.000000 0.000000
0.550000 0.000000 0.000000 0.000000
0.575000 0.000000 0.000000 0.000000
0.600000 0.000000 0.000000 0.000000
0.625000 0.000000 0.000000 0.000000
0.650000 0.000000 0.000000 0.000000
0.675000 0.000000 0.000000 0.000000
0.700000 0.000000 0.000000 0.000000
0.725000 0.000000 0.000000 0.000000
0.750000 0.000000 0.000000 0.000000
0.775000 0.000000 0.000000 0.000000
0.800000 0.000000 0.000000 0.000000
0.825000 0.000000 0.000000 0.000000
0.850000 0.000000 0.000000 0.000000
0.875000 0.000000 0.000000 0.000000
0.900000 0.000000 0.000000 0.000000
0.925000 0.000000 0.000000 0.000000
0.950000 0.000000 0.000000 0.000000
0.975000 0.000000 0.000000 0.000000
1.000000 0.000000 0.000000 0.000000

AP: 17.106459 15.531226 15.531226
