0.000000 0.625767 0.624301 0.624301
0.025000 0.625767 0.624301 0.624301
0.050000 0.625767 0.624301 0.624301
0.075000 0.625767 0.546632 0.546632
0.100000 0.558428 0.546632 0.546632
0.125000 0.558428 0.546632 0.546632
0.150000 0.558428 0.500697 0.500697
0.175000 0.521035 0.500697 0.500697
0.200000 0.521035 0.469480 0.469480
0.225000 0.481728 0.447428 0.447428
0.250000 0.461189 0.404904 0.404904
0.275000 0.432862 0.368742 0.368742
0.300000 0.389384 0.312150 0.312150
0.325000 0.316785 0.230371 0.230371
0.350000 0.214300 0.144086 0.144086
0.375000 0.200651 0.134154 0.134154
0.400000 0.000000 0.000000 0.000000
0.425000 0.000000 0.000000 0.000000
0.450000 0.000000 0.000000 0.000000
0.475000 0.000000 0.000000 0.000000
0.500000 0.000000 0.000000 0.000000
0.525000 0.000000 0.000000 0.000000
0.550000 0.000000 0.000000 0.000000
0.575000 0.000000 0.000000 0.000000
0.600000 0.000000 0.000000 0.000000
0.625000 0.000000 0.000000 0.000000
0.650000 0.000000 0.000000 0.000000
0.675000 0.000000 0.000000 0.000000
0.700000 0.000000 0.000000 0.000000
0.725000 0.000000 0.000000 0.000000
0.750000 0.000000 0.000000 0.000000
0.775000 0.000000 0.000000 0.000000
0.800000 0.000000 0.000000 0.000000
0.825000 0.000000 0.000000 0.000000
0.850000 0.000000 0.000000 0.000000
0.875000 0.000000 0.000000 0.000000
0.900000 0.000000 0.000000 0.000000
0.925000 0.000000 0.000000 0.000000
0.950000 0.000000 0.000000 0.000000
0.975000 0.000000 0.000000 0.000000
1.000000 0.000000 0.000000 0.000000

AP: 18.822730 17.135389 17.135389
