1 16 car 0 0 -1.770633 1036.502197 469.485596 1127.043823 540.669922 1.63 1.71 4.01 6.41 1.10 30.53 -1.563974 0 0.9879
1 36 car 0 0 -1.661027 911.407471 480.382751 967.720032 521.384399 1.53 1.85 4.12 3.98 0.94 40.67 -1.563974 0 0.9799
1 40 car 0 0 -2.034765 1412.627319 485.319489 1509.019775 518.404480 1.74 1.94 4.82 30.09 1.36 59.47 -1.563974 0 0.7941
1 45 car 0 0 -2.089704 1509.185547 487.067322 1592.885376 521.301270 1.58 1.97 4.70 38.61 1.15 65.33 -1.563974 0 0.1747
1 65 car 0 0 -1.514524 715.939575 454.557251 791.242737 529.035095 1.96 1.91 4.73 -1.73 0.99 35.38 -1.563974 0 0.5870
1 79 car 0 0 -1.981950 1347.572632 483.625000 1409.910278 508.611938 1.44 1.88 4.36 28.64 0.93 66.07 -1.563974 0 0.8621
2 16 car 0 0 -1.802164 1075.633667 470.292725 1193.599365 557.750916 1.63 1.71 4.01 6.57 1.30 25.93 -1.555889 0 0.9756
2 36 car 0 0 -1.666306 928.114014 471.347870 985.231567 523.462280 1.53 1.85 4.12 4.65 1.12 42.03 -1.555889 0 0.9671
2 40 car 0 0 -2.067373 1470.566406 490.122894 1583.668701 524.062500 1.74 1.94 4.82 30.41 1.62 54.51 -1.555889 0 0.9635
2 65 car 0 0 -1.507868 717.441406 459.365723 793.370544 535.328186 1.96 1.91 4.73 -1.56 1.22 33.23 -1.555889 0 0.8214
2 75 car 0 0 -1.662404 924.653809 469.418213 978.689575 499.785126 1.75 2.08 4.71 7.20 0.58 73.42 -1.555889 0 0.3438
2 79 car 0 0 -2.010416 1393.482910 487.438965 1476.723511 516.122803 1.44 1.88 4.36 29.03 1.24 61.09 -1.555889 0 0.8969
3 16 car 0 0 -1.837735 1124.133667 462.215149 1262.469727 558.170044 1.63 1.71 4.01 6.72 1.13 22.64 -1.548373 0 0.9828
3 36 car 0 0 -1.672217 946.847595 472.224030 1000.976868 511.818878 1.53 1.85 4.12 5.42 0.65 43.20 -1.548373 0 0.9016
3 40 car 0 0 -2.081945 1533.583130 479.227356 1595.158813 512.973694 1.74 1.94 4.82 31.01 1.15 50.00 -1.548373 0 0.8994
3 65 car 0 0 -1.502101 716.429504 450.574158 798.821045 536.200562 1.96 1.91 4.73 -1.48 1.01 31.41 -1.548373 0 0.9716
3 75 car 0 0 -1.669186 941.773132 462.253601 998.257324 497.548248 1.75 2.08 4.71 8.36 0.06 73.11 -1.548373 0 0.5386
3 79 car 0 0 -2.040554 1456.164795 479.943817 1534.455078 509.280334 1.44 1.88 4.36 29.75 0.74 56.56 -1.548373 0 0.9357
4 16 car 0 0 -1.873542 1169.259521 468.481689 1336.979736 575.399719 1.63 1.71 4.01 6.92 1.24 19.91 -1.541372 0 0.9911
4 36 car 0 0 -1.678425 965.238647 480.333801 1016.619446 513.515747 1.53 1.85 4.12 6.14 0.80 44.55 -1.541372 0 0.9776
4 65 car 0 0 -1.491819 706.649597 455.234436 800.272400 543.859253 1.96 1.91 4.73 -1.61 1.16 29.66 -1.541372 0 0.9876
4 75 car 0 0 -1.671212 957.453491 467.873840 1005.804382 497.890137 1.75 2.08 4.71 9.02 0.36 72.97 -1.541372 0 0.6566
4 79 car 0 0 -2.065171 1500.385864 483.559509 1595.157959 516.483459 1.44 1.88 4.36 30.01 0.92 52.35 -1.541372 0 0.1569
5 16 car 0 0 -1.908082 1214.814819 461.823608 1408.932251 580.662720 1.63 1.71 4.01 7.15 1.22 18.29 -1.535059 0 0.9893
5 65 car 0 0 -1.473922 686.606079 451.629211 790.885559 542.994324 1.96 1.91 4.73 -1.73 1.10 28.09 -1.535059 0 0.8749
5 75 car 0 0 -1.672815 971.136414 463.637360 1012.535034 491.675598 1.75 2.08 4.71 9.82 0.20 73.37 -1.535059 0 0.1639
5 96 car 0 0 -1.269598 414.790070 446.007660 529.123535 487.392303 1.48 1.75 4.66 -15.74 -0.55 56.85 -1.535059 0 0.0807
6 16 car 0 0 -1.947441 1269.197510 466.338623 1492.521362 600.641724 1.63 1.71 4.01 7.45 1.33 16.69 -1.528070 0 0.9907
6 65 car 0 0 -1.454615 664.442383 454.968170 781.706787 555.251770 1.96 1.91 4.73 -1.97 1.24 26.27 -1.528070 0 0.9136
6 75 car 0 0 -1.668375 982.659973 473.062836 1007.594055 499.375305 1.75 2.08 4.71 10.88 0.62 74.24 -1.528070 0 0.8542
6 96 car 0 0 -1.245267 402.182343 448.519958 494.331299 477.480133 1.48 1.75 4.66 -15.34 -0.26 53.26 -1.528070 0 0.1119
7 16 car 0 0 -1.987237 1327.288330 461.617249 1583.097412 603.907166 1.63 1.71 4.01 7.85 1.25 15.63 -1.519984 0 0.9893
7 65 car 0 0 -1.419774 618.195862 446.265106 759.668945 550.701294 1.96 1.91 4.73 -2.49 1.10 24.39 -1.519984 0 0.9703
7 75 car 0 0 -1.673218 1001.040771 465.564972 1022.675598 495.409119 1.75 2.08 4.71 12.03 0.30 75.91 -1.519984 0 0.8362
7 104 car 0 0 -1.364874 581.656250 446.676727 654.827637 495.972626 1.65 1.71 4.27 -7.27 -0.18 51.88 -1.519984 0 0.2533
8 16 car 0 0 -1.998408 1372.369385 463.712738 1598.342896 609.357971 1.63 1.71 4.01 8.24 1.27 15.07 -1.512352 0 0.9911
8 65 car 0 0 -1.387284 578.427673 448.850555 735.667725 567.930237 1.96 1.91 4.73 -2.95 1.23 22.69 -1.512352 0 0.9740
8 75 car 0 0 -1.679050 1017.082520 470.824554 1041.626099 500.629395 1.75 2.08 4.71 13.17 0.60 76.01 -1.512352 0 0.7463
9 16 car 0 0 -2.005382 1421.689209 454.776978 1598.552368 602.569702 1.63 1.71 4.01 8.75 1.23 14.76 -1.504162 0 0.9940
9 65 car 0 0 -1.341369 519.047241 446.505646 697.476929 567.630249 1.96 1.91 4.73 -3.58 1.19 21.03 -1.504162 0 0.9552
9 75 car 0 0 -1.685150 1034.091919 467.697571 1061.926025 498.309753 1.75 2.08 4.71 14.23 0.43 76.20 -1.504162 0 0.7072
10 16 car 0 0 -2.013018 1480.700562 455.754730 1600.000000 597.601685 1.63 1.71 4.01 9.36 1.18 14.65 -1.493624 0 0.9959
10 65 car 0 0 -1.291728 458.657593 445.932251 655.443542 576.526245 1.96 1.91 4.73 -4.15 1.19 19.55 -1.493624 0 0.9725
11 65 car 0 0 -1.229236 397.973450 427.452759 609.567078 573.259094 1.96 1.91 4.73 -4.65 1.02 17.99 -1.471159 0 0.9687
11 75 car 0 0 -1.697109 1091.483154 458.744507 1123.285400 491.810486 1.75 2.08 4.71 17.88 -0.08 76.96 -1.471159 0 0.8799
11 104 car 0 0 -1.337485 597.015625 440.948273 694.912170 501.235046 1.65 1.71 4.27 -5.08 -0.03 39.30 -1.471159 0 0.1402
12 65 car 0 0 -1.153342 330.921356 408.037994 569.373779 580.401978 1.96 1.91 4.73 -4.90 1.05 16.55 -1.434767 0 0.8761
12 75 car 0 0 -1.708643 1148.667603 461.407135 1195.429443 498.378845 1.75 2.08 4.71 21.55 0.39 77.18 -1.434767 0 0.8898
13 65 car 0 0 -1.078452 274.993896 394.078003 543.738281 569.674377 1.96 1.91 4.73 -5.04 0.84 15.16 -1.389335 0 0.8649
14 65 car 0 0 -0.973311 221.804718 406.718079 505.367615 592.767151 1.96 1.91 4.73 -5.17 1.11 14.00 -1.316608 0 0.7218
15 65 car 0 0 -0.871366 187.837418 405.846893 499.416565 602.938171 1.96 1.91 4.73 -5.06 1.07 13.23 -1.228566 0 0.9374
16 65 car 0 0 -0.765735 160.641373 402.460480 493.331116 610.393677 1.96 1.91 4.73 -4.99 1.08 12.61 -1.134420 0 0.9268
17 65 car 0 0 -0.660066 129.707138 411.879791 488.844421 637.734192 1.96 1.91 4.73 -4.98 1.14 12.05 -1.040861 0 0.9511
18 65 car 0 0 -0.553018 114.693199 407.572815 469.395935 641.534424 1.96 1.91 4.73 -4.94 1.17 11.65 -0.945484 0 0.9104
19 65 car 0 0 -0.452404 125.097626 401.623291 456.896057 644.053162 1.96 1.91 4.73 -4.76 1.18 11.31 -0.845577 0 0.9018
20 65 car 0 0 -0.368920 158.727325 412.859833 496.602844 666.192810 1.96 1.91 4.73 -4.31 1.25 10.89 -0.737138 0 0.7454
21 65 car 0 0 -0.294550 226.738205 404.876984 537.835083 663.492371 1.96 1.91 4.73 -3.71 1.20 10.38 -0.624692 0 0.5741
21 96 car 0 0 -1.115702 1390.108521 484.046539 1596.695557 599.644043 1.48 1.75 4.66 8.47 1.34 12.86 -0.624692 0 0.9949
22 65 car 0 0 -0.234033 284.316803 409.851776 584.890808 669.844849 1.96 1.91 4.73 -3.13 1.27 9.94 -0.526749 0 0.8835
23 65 car 0 0 -0.171575 330.533020 405.225281 643.315063 706.034668 1.96 1.91 4.73 -2.56 1.29 9.41 -0.425998 0 0.7741
24 65 car 0 0 -0.120114 384.101715 388.736786 717.416992 705.303162 1.96 1.91 4.73 -2.01 1.29 8.80 -0.326774 0 0.8072
25 65 car 0 0 -0.080114 416.488281 381.436310 771.340515 709.763428 1.96 1.91 4.73 -1.56 1.34 8.39 -0.253919 0 0.8689
26 65 car 0 0 -0.049599 456.558990 376.708405 818.287903 723.267578 1.96 1.91 4.73 -1.19 1.37 8.23 -0.189891 0 0.8522
27 65 car 0 0 -0.031821 487.900970 385.406799 854.333862 731.287231 1.96 1.91 4.73 -0.91 1.39 8.26 -0.145938 0 0.8501
28 65 car 0 0 -0.022986 525.146973 391.534973 886.220276 727.894104 1.96 1.91 4.73 -0.65 1.41 8.40 -0.110085 0 0.9439
29 65 car 0 0 -0.015874 541.276123 406.710052 892.357056 741.655457 1.96 1.91 4.73 -0.61 1.41 8.52 -0.094243 0 0.9259
30 65 car 0 0 -0.013439 550.241943 403.033386 897.066223 735.055176 1.96 1.91 4.73 -0.71 1.38 8.62 -0.086439 0 0.8997
31 65 car 0 0 0.007462 529.555115 402.971100 872.457581 728.189270 1.96 1.91 4.73 -1.09 1.30 8.63 -0.083301 0 0.9746
32 65 car 0 0 0.055889 436.858459 392.902100 842.506592 709.391296 1.96 1.91 4.73 -1.42 1.23 8.64 -0.082654 0 0.9485
33 65 car 0 0 0.119289 329.197174 385.417053 790.242615 711.812073 1.96 1.91 4.73 -2.05 1.21 8.54 -0.080583 0 0.9374
34 65 car 0 0 0.207850 187.566025 375.131989 716.820923 712.814270 1.96 1.91 4.73 -2.67 1.21 8.28 -0.072085 0 0.9467
35 65 car 0 0 0.316489 19.983047 349.941406 654.706787 717.028198 1.96 1.91 4.73 -3.21 1.10 7.83 -0.045058 0 0.9615
36 65 car 0 0 0.399783 3.488006 312.526489 569.246460 723.261353 1.96 1.91 4.73 -3.65 1.05 7.26 0.003495 0 0.9105
37 65 car 0 0 0.498477 0.000000 270.826721 490.740875 714.106934 1.96 1.91 4.73 -3.97 0.98 6.49 0.074961 0 0.6234
38 65 car 0 0 0.591655 0.000000 266.405975 405.463959 710.058594 1.96 1.91 4.73 -4.24 0.95 6.01 0.140512 0 0.8935
