1 5 car 0 0 -1.756378 1008.399048 483.441803 1069.851562 530.939392 1.48 2.00 4.73 7.02 1.98 40.70 -1.588330 0 0.9968
1 14 car 0 0 -1.697568 944.274414 469.783936 983.705994 503.464630 1.56 1.80 4.50 7.13 1.91 64.04 -1.588330 0 0.9365
1 27 car 0 0 -1.635586 868.980286 477.435547 902.689331 499.547333 1.63 1.83 4.70 3.46 1.85 76.45 -1.588330 0 0.7985
1 28 car 0 0 -1.605549 804.125183 482.410980 892.199097 539.871033 1.79 2.00 4.93 0.58 2.10 39.04 -1.588330 0 0.9943
2 5 car 0 0 -1.776449 996.181152 482.748260 1061.061279 534.457581 1.48 2.00 4.73 6.38 2.04 39.86 -1.616562 0 0.9884
2 24 car 0 0 -1.608097 776.017822 476.039093 855.947510 512.996765 1.67 1.95 5.03 -1.48 2.06 58.55 -1.616562 0 0.1289
2 14 car 0 0 -1.696262 904.227295 480.746124 949.069763 513.101807 1.56 1.80 4.50 4.58 1.98 55.97 -1.616562 0 0.9880
2 27 car 0 0 -1.635730 833.322571 477.704681 867.885864 506.864716 1.63 1.83 4.70 1.31 2.16 72.30 -1.616562 0 0.9200
2 28 car 0 0 -1.577670 723.113831 486.215271 832.564880 565.959656 1.79 2.00 4.93 -1.23 2.22 31.18 -1.616562 0 0.9960
3 5 car 0 0 -1.789536 975.931091 462.841553 1039.560913 512.364868 1.48 2.00 4.73 5.66 1.37 39.50 -1.645930 0 0.9912
3 24 car 0 0 -1.593571 711.669983 459.631226 810.194519 500.080933 1.67 1.95 5.03 -3.25 1.24 54.32 -1.645930 0 0.9522
3 14 car 0 0 -1.691665 857.532593 459.384491 910.317200 503.172333 1.56 1.80 4.50 2.28 1.24 47.86 -1.645930 0 0.9622
3 30 car 0 0 -1.558562 676.307068 470.357941 757.399231 545.087402 1.52 1.93 4.83 -3.39 1.70 38.60 -1.645930 0 0.2555
3 27 car 0 0 -1.637253 797.035950 459.923950 834.398682 486.282196 1.63 1.83 4.70 -0.87 1.01 68.14 -1.645930 0 0.8958
3 28 car 0 0 -1.524985 597.117859 475.925476 751.528870 581.109131 1.79 2.00 4.93 -2.72 1.81 22.40 -1.645930 0 0.9973
4 5 car 0 0 -1.799797 951.689453 440.343140 1020.681824 491.767731 1.48 2.00 4.73 5.08 0.58 40.16 -1.673088 0 0.9852
4 24 car 0 0 -1.587134 666.372253 438.706940 770.902283 483.078583 1.67 1.95 5.03 -4.69 0.43 50.03 -1.673088 0 0.9822
4 14 car 0 0 -1.681216 802.067749 442.069733 871.473389 496.191986 1.56 1.80 4.50 0.38 0.69 39.34 -1.673088 0 0.9940
4 30 car 0 0 -1.543470 614.545776 453.170929 712.024109 513.057251 1.52 1.93 4.83 -4.47 0.98 34.17 -1.673088 0 0.9967
4 27 car 0 0 -1.630695 753.661011 440.830688 793.230774 471.068695 1.63 1.83 4.70 -2.76 -0.12 63.88 -1.673088 0 0.9273
4 28 car 0 0 -1.400915 328.503845 460.324127 625.355103 640.697937 1.79 2.00 4.93 -3.63 1.56 13.54 -1.673088 0 0.9953
4 43 car 0 0 -1.860133 1037.108276 441.429871 1090.275879 480.862213 1.53 1.89 4.76 9.01 0.18 47.98 -1.673088 0 0.9919
5 5 car 0 0 -1.806369 928.344238 419.832275 998.033691 473.161011 1.48 2.00 4.73 4.27 0.10 39.42 -1.697763 0 0.9905
5 24 car 0 0 -1.579885 622.544312 420.224243 733.899963 467.435455 1.67 1.95 5.03 -5.86 -0.04 45.63 -1.697763 0 0.9479
5 14 car 0 0 -1.660908 734.448914 427.440430 826.341064 494.260773 1.56 1.80 4.50 -1.06 0.55 30.67 -1.697763 0 0.9958
5 30 car 0 0 -1.517873 538.962708 432.719574 658.553101 501.693542 1.52 1.93 4.83 -5.32 0.63 29.63 -1.697763 0 0.9984
5 27 car 0 0 -1.624717 716.628540 424.340485 753.197266 452.258453 1.63 1.83 4.70 -4.32 -0.62 59.49 -1.697763 0 0.8822
5 43 car 0 0 -1.874074 1019.082397 423.450684 1080.499268 467.387268 1.53 1.89 4.76 7.82 -0.10 43.84 -1.697763 0 0.9945
5 48 car 0 0 -1.718093 833.542053 412.402191 870.582581 443.486145 1.54 1.76 4.70 1.28 -1.33 66.10 -1.697763 0 0.9773
6 5 car 0 0 -1.810228 899.960266 439.381561 962.363708 488.555573 1.48 2.00 4.73 3.30 0.47 39.80 -1.726949 0 0.9954
6 24 car 0 0 -1.548333 548.950562 444.522339 651.858582 496.557770 1.67 1.95 5.03 -7.12 0.84 41.15 -1.726949 0 0.9783
6 39 car 0 0 -1.406927 355.718719 458.967041 467.057983 509.935822 1.70 1.80 4.33 -12.90 1.06 39.94 -1.726949 0 0.0965
6 14 car 0 0 -1.614459 617.356934 449.225525 752.764221 543.187439 1.56 1.80 4.50 -2.38 1.24 21.89 -1.726949 0 0.9982
6 30 car 0 0 -1.481065 438.259888 458.750183 586.098877 538.872803 1.52 1.93 4.83 -6.28 1.22 24.99 -1.726949 0 0.9987
6 43 car 0 0 -1.887595 993.733459 440.576172 1065.459473 489.289001 1.53 1.89 4.76 6.39 0.53 39.80 -1.726949 0 0.9963
6 48 car 0 0 -1.710791 784.680664 430.518646 828.004150 467.528503 1.54 1.76 4.70 -0.96 -0.19 59.57 -1.726949 0 0.9708
7 5 car 0 0 -1.811423 873.776550 450.239471 937.571655 496.884583 1.48 2.00 4.73 2.51 0.89 39.97 -1.748380 0 0.9970
7 24 car 0 0 -1.555504 523.841553 455.556274 639.975098 506.623901 1.67 1.95 5.03 -7.81 1.30 36.59 -1.748380 0 0.5833
7 39 car 0 0 -1.366617 277.163574 466.877716 370.107147 531.960510 1.70 1.80 4.33 -13.91 1.69 35.34 -1.748380 0 0.1542
7 14 car 0 0 -1.481184 336.616669 467.491852 630.664062 634.213928 1.56 1.80 4.50 -3.25 1.55 12.34 -1.748380 0 0.9991
7 54 car 0 0 -1.867724 960.272888 440.660553 993.363525 470.039581 1.58 1.60 3.48 8.02 0.18 67.06 -1.748380 0 0.9789
7 27 car 0 0 -1.605574 620.447754 455.610260 672.456726 495.241364 1.63 1.83 4.70 -7.40 1.11 50.41 -1.748380 0 0.9777
7 43 car 0 0 -1.902763 979.690552 452.178101 1063.413696 504.107300 1.53 1.89 4.76 5.50 0.97 35.54 -1.748380 0 0.9975
7 48 car 0 0 -1.702793 744.759155 443.859924 794.113159 483.964569 1.54 1.76 4.70 -2.33 0.70 52.88 -1.748380 0 0.9972
8 5 car 0 0 -1.812003 858.746094 474.034180 919.632751 522.327087 1.48 2.00 4.73 2.07 1.71 40.50 -1.762076 0 0.9914
8 24 car 0 0 -1.532075 435.324585 477.037842 631.174988 546.013000 1.67 1.95 5.03 -7.79 1.93 32.16 -1.762076 0 0.9975
8 14 car 0 0 -1.209663 1.218826 579.970337 107.414917 886.309448 1.56 1.80 4.50 -3.77 1.60 2.78 -1.762076 0 0.9966
8 30 car 0 0 -1.333972 110.509880 495.455994 399.280334 624.575989 1.52 1.93 4.83 -7.19 1.90 15.87 -1.762076 0 0.9994
8 54 car 0 0 -1.874334 948.732544 469.199585 986.907837 500.965546 1.58 1.60 3.48 7.12 1.68 62.79 -1.762076 0 0.9812
8 43 car 0 0 -1.921187 980.196045 477.867889 1075.053467 541.996582 1.53 1.89 4.76 4.99 1.79 31.14 -1.762076 0 0.9974
8 48 car 0 0 -1.691786 710.339539 475.133270 766.426025 517.483154 1.54 1.76 4.70 -3.13 1.79 46.17 -1.762076 0 0.9905
9 5 car 0 0 -1.812653 853.395508 478.927612 913.164917 526.120117 1.48 2.00 4.73 1.90 1.83 40.98 -1.767432 0 0.9962
9 24 car 0 0 -1.504078 379.923065 481.261658 597.694397 560.113770 1.67 1.95 5.03 -7.47 1.90 27.81 -1.767432 0 0.9964
9 39 car 0 0 -1.254628 11.227309 495.558258 231.165833 571.516479 1.70 1.80 4.33 -14.19 2.25 26.21 -1.767432 0 0.4408
9 30 car 0 0 -1.255642 1.129475 500.738129 244.609039 679.660645 1.52 1.93 4.83 -7.34 1.81 11.36 -1.767432 0 0.9951
9 54 car 0 0 -1.880794 947.954834 476.020935 990.486206 510.177338 1.58 1.60 3.48 6.74 1.89 58.42 -1.767432 0 0.9763
9 27 car 0 0 -1.573058 543.466309 486.738953 616.452698 524.320007 1.63 1.83 4.70 -8.40 2.27 41.39 -1.767432 0 0.1212
9 43 car 0 0 -1.943388 990.286072 489.132355 1108.375488 561.444397 1.53 1.89 4.76 4.77 1.88 26.67 -1.767432 0 0.9976
9 48 car 0 0 -1.676221 677.082397 474.319214 746.917236 530.607117 1.54 1.76 4.70 -3.48 1.87 39.44 -1.767432 0 0.9840
10 5 car 0 0 -1.812275 857.084839 466.661926 917.049133 513.372742 1.48 2.00 4.73 2.14 1.43 41.18 -1.764038 0 0.9894
10 24 car 0 0 -1.475555 325.097961 472.556610 584.504456 566.064514 1.67 1.95 5.03 -7.09 1.70 23.58 -1.764038 0 0.9963
10 57 car 0 0 -2.045530 1171.425049 453.383423 1206.301636 486.475952 1.69 1.48 3.83 17.09 0.91 58.99 -1.764038 0 0.8790
10 39 car 0 0 -1.227832 3.836772 493.238525 160.283615 588.179260 1.70 1.80 4.33 -14.38 2.17 21.88 -1.764038 0 0.9860
10 54 car 0 0 -1.889603 963.670837 464.337067 1005.786865 500.482178 1.58 1.60 3.48 6.91 1.30 53.99 -1.764038 0 0.9859
10 43 car 0 0 -1.973366 1019.818604 477.008026 1165.652954 564.918213 1.53 1.89 4.76 4.80 1.56 22.25 -1.764038 0 0.9975
10 48 car 0 0 -1.658542 652.857239 466.441498 734.999695 530.671265 1.54 1.76 4.70 -3.43 1.58 34.62 -1.764038 0 0.9925
11 5 car 0 0 -1.813342 860.860657 448.316650 917.868896 492.617523 1.48 2.00 4.73 2.28 0.69 43.33 -1.763275 0 0.9956
11 24 car 0 0 -1.434530 241.839493 457.104095 556.609558 572.191162 1.67 1.95 5.03 -6.79 1.45 19.80 -1.763275 0 0.9980
11 57 car 0 0 -2.065283 1192.224976 431.709503 1241.546387 470.115967 1.69 1.48 3.83 17.05 0.02 55.07 -1.763275 0 0.9597
11 54 car 0 0 -1.895932 967.402222 444.357727 1020.126099 485.227448 1.58 1.60 3.48 6.86 0.54 50.09 -1.763275 0 0.9859
11 27 car 0 0 -1.502590 426.451874 460.688232 558.335938 526.998291 1.63 1.83 4.70 -8.37 1.57 33.12 -1.763275 0 0.0540
11 43 car 0 0 -2.016748 1056.918579 456.365570 1245.324951 566.988159 1.53 1.89 4.76 4.73 1.26 18.40 -1.763275 0 0.9975
11 48 car 0 0 -1.639216 622.769836 455.779663 717.955139 524.415283 1.54 1.76 4.70 -3.52 1.20 30.29 -1.763275 0 0.9919
12 24 car 0 0 -1.386940 140.867142 462.454956 518.471497 597.546326 1.67 1.95 5.03 -6.59 1.53 16.69 -1.764548 0 0.9972
12 57 car 0 0 -2.082591 1212.283203 436.828827 1265.790283 467.292480 1.69 1.48 3.83 16.87 0.40 51.85 -1.764548 0 0.9445
12 54 car 0 0 -1.904310 976.311462 450.582001 1029.353394 493.211304 1.58 1.60 3.48 6.69 0.84 46.84 -1.764548 0 0.9867
12 43 car 0 0 -2.066614 1092.700684 458.949341 1341.232300 599.720581 1.53 1.89 4.76 4.63 1.40 15.19 -1.764548 0 0.9971
12 48 car 0 0 -1.620817 588.999451 462.102997 701.538757 538.389954 1.54 1.76 4.70 -3.68 1.41 26.58 -1.764548 0 0.9954
12 62 car 0 0 -1.860086 938.604431 449.120361 954.684814 475.006409 1.96 1.63 3.87 8.11 0.53 86.63 -1.764548 0 0.8301
12 63 car 0 0 -1.552287 521.883057 455.293213 591.310852 521.351624 1.96 1.92 4.79 -8.08 1.41 36.33 -1.764548 0 0.9604
13 24 car 0 0 -1.351842 51.933823 461.900513 501.867340 619.234070 1.67 1.95 5.03 -6.37 1.51 14.76 -1.765312 0 0.9928
13 57 car 0 0 -2.094273 1224.672729 435.475128 1283.836304 466.891602 1.69 1.48 3.83 16.73 0.45 49.79 -1.765312 0 0.9432
13 54 car 0 0 -1.910099 981.380371 452.001007 1037.135864 496.377777 1.58 1.60 3.48 6.56 0.92 44.76 -1.765312 0 0.9853
13 27 car 0 0 -1.454889 346.301575 485.235748 503.086151 540.290894 1.63 1.83 4.70 -8.60 1.78 27.69 -1.765312 0 0.1138
13 43 car 0 0 -2.107020 1119.294067 463.942566 1425.033813 622.144287 1.53 1.89 4.76 4.55 1.42 13.16 -1.765312 0 0.9977
13 48 car 0 0 -1.608856 563.154053 461.978638 694.772461 545.677063 1.54 1.76 4.70 -3.80 1.42 24.49 -1.765312 0 0.9970
13 63 car 0 0 -1.537113 494.021667 457.088379 577.238342 526.276001 1.96 1.92 4.79 -8.20 1.42 34.19 -1.765312 0 0.9851
14 24 car 0 0 -1.341866 7.809698 462.309845 515.377686 639.250488 1.67 1.95 5.03 -5.56 1.49 13.13 -1.765535 0 0.9937
14 57 car 0 0 -2.105667 1232.780029 431.166138 1307.099854 471.870392 1.69 1.48 3.83 16.70 0.35 47.76 -1.765535 0 0.8674
14 54 car 0 0 -1.914344 983.221008 450.495941 1045.591675 496.385651 1.58 1.60 3.48 6.53 0.90 42.73 -1.765535 0 0.9875
14 43 car 0 0 -2.166849 1161.140503 458.260712 1555.280884 655.312988 1.53 1.89 4.76 4.52 1.40 11.18 -1.765535 0 0.9972
14 66 car 0 0 -2.175755 1259.805176 431.538788 1483.049316 488.224426 1.67 1.72 4.18 12.96 0.75 29.13 -1.765535 0 0.0537
14 48 car 0 0 -1.592156 534.563049 462.094635 679.784973 556.012268 1.54 1.76 4.70 -3.86 1.43 22.48 -1.765535 0 0.9961
14 62 car 0 0 -1.856059 929.749329 446.975159 950.867737 473.102875 1.96 1.63 3.87 7.89 0.53 82.53 -1.765535 0 0.8995
14 63 car 0 0 -1.520186 466.631927 458.773254 559.151428 530.422974 1.96 1.92 4.79 -8.23 1.52 32.13 -1.765535 0 0.9887
15 24 car 0 0 -1.389449 62.148918 457.773956 598.708008 654.198730 1.67 1.95 5.03 -4.75 1.49 12.13 -1.766534 0 0.9805
15 57 car 0 0 -2.121542 1266.427612 439.417847 1315.619141 479.560547 1.69 1.48 3.83 16.70 0.57 46.34 -1.766534 0 0.9790
15 60 car 0 0 -2.092028 1224.898926 424.365326 1273.920410 484.274261 2.00 2.00 5.07 16.69 0.58 52.02 -1.766534 0 0.1070
15 54 car 0 0 -1.920462 990.282349 455.423248 1051.656250 502.073792 1.58 1.60 3.48 6.53 1.12 41.32 -1.766534 0 0.9954
15 43 car 0 0 -2.197029 1204.146362 462.959045 1599.663208 681.812256 1.53 1.89 4.76 4.50 1.43 9.76 -1.766534 0 0.9977
15 48 car 0 0 -1.579485 513.652588 467.935822 665.304260 560.957825 1.54 1.76 4.70 -3.90 1.51 21.08 -1.766534 0 0.9450
15 62 car 0 0 -1.869230 946.550598 454.204163 964.852539 484.644226 1.96 1.63 3.87 7.90 0.82 81.12 -1.766534 0 0.7980
16 24 car 0 0 -1.480915 195.668442 456.631104 721.813354 652.625000 1.67 1.95 5.03 -3.26 1.54 12.21 -1.766506 0 0.9888
16 57 car 0 0 -2.114423 1228.774292 448.805328 1333.115967 488.837341 1.69 1.48 3.83 16.71 0.79 45.42 -1.766506 0 0.3937
16 54 car 0 0 -1.924142 993.535461 461.409698 1057.922974 511.937927 1.58 1.60 3.48 6.53 1.36 40.40 -1.766506 0 0.9930
16 43 car 0 0 -2.206530 1240.381836 471.480682 1592.468018 719.860352 1.53 1.89 4.76 4.48 1.49 8.79 -1.766506 0 0.9968
16 62 car 0 0 -1.864790 941.161072 460.453156 959.075623 488.572968 1.96 1.63 3.87 7.93 1.37 80.20 -1.766506 0 0.7980
17 24 car 0 0 -1.581257 341.938141 456.476532 839.022339 652.324158 1.67 1.95 5.03 -1.98 1.55 12.70 -1.767535 0 0.9882
17 57 car 0 0 -2.122147 1232.173096 446.794891 1348.746094 494.739136 1.69 1.48 3.83 16.65 0.92 44.69 -1.767535 0 0.3481
17 74 car 0 0 -2.040408 1143.359741 456.714386 1211.025635 502.257538 1.96 2.00 4.97 13.88 1.41 50.46 -1.767535 0 0.1591
17 60 car 0 0 -2.078437 1170.674683 453.838074 1287.616943 495.342346 2.00 2.00 5.07 16.65 0.94 50.37 -1.767535 0 0.4744
17 54 car 0 0 -1.925899 993.035828 465.610168 1060.292847 516.223572 1.58 1.60 3.48 6.48 1.48 39.66 -1.767535 0 0.9910
17 75 car 0 0 -1.885412 959.283447 462.396820 990.623718 502.290833 1.88 1.92 4.80 7.12 1.58 56.44 -1.767535 0 0.9196
17 27 car 0 0 -1.372350 228.496277 495.549835 379.512054 589.699158 1.63 1.83 4.70 -8.70 2.17 22.10 -1.767535 0 0.9980
17 43 car 0 0 -2.219511 1273.768555 476.798340 1595.875000 753.160950 1.53 1.89 4.76 4.46 1.52 7.99 -1.767535 0 0.9968
17 66 car 0 0 -2.229348 1367.772583 436.681488 1532.475708 503.452759 1.67 1.72 4.18 12.93 1.10 25.91 -1.767535 0 0.6081
17 62 car 0 0 -1.865831 940.579956 465.169617 959.685425 492.638824 1.96 1.63 3.87 7.85 1.64 79.46 -1.767535 0 0.8694
17 77 car 0 0 -1.909908 965.900818 461.588409 1046.440552 510.280792 1.86 1.99 4.93 6.74 1.50 44.39 -1.767535 0 0.6064
18 64 car 0 0 -2.146664 1259.672119 448.160889 1387.565918 493.768799 2.00 1.87 4.84 19.52 0.93 50.41 -1.768978 0 0.1276
18 24 car 0 0 -1.675285 524.429077 458.617950 893.299744 637.729187 1.67 1.95 5.03 -0.95 1.55 13.31 -1.768978 0 0.9864
18 57 car 0 0 -2.123575 1254.248413 449.620850 1326.627686 496.261993 1.69 1.48 3.83 16.55 1.08 43.88 -1.768978 0 0.9728
18 74 car 0 0 -2.046146 1153.525269 456.439789 1212.478638 500.398895 1.96 2.00 4.97 13.77 1.47 49.65 -1.768978 0 0.2166
18 60 car 0 0 -2.092220 1189.693237 453.145538 1302.845459 495.220520 2.00 2.00 5.07 16.53 1.01 49.56 -1.768978 0 0.1009
18 54 car 0 0 -1.931798 1001.715149 470.017303 1063.072144 518.142151 1.58 1.60 3.48 6.40 1.52 38.63 -1.768978 0 0.9928
18 75 car 0 0 -1.900141 968.942688 464.260712 1014.777832 509.187897 1.88 1.92 4.80 6.99 1.67 55.61 -1.768978 0 0.7325
18 27 car 0 0 -1.372502 199.813919 497.480713 404.394745 597.965454 1.63 1.83 4.70 -8.74 2.19 21.15 -1.768978 0 0.9932
18 43 car 0 0 -2.232124 1306.015991 484.438080 1598.402832 793.711609 1.53 1.89 4.76 4.42 1.61 7.10 -1.768978 0 0.9935
18 78 car 0 0 -1.914875 972.204468 463.184021 1049.151123 513.047180 1.83 1.82 4.53 6.74 1.62 49.40 -1.768978 0 0.9340
18 66 car 0 0 -2.237545 1384.370483 445.429230 1537.063599 520.161194 1.67 1.72 4.18 12.88 1.12 24.89 -1.768978 0 0.7907
18 48 car 0 0 -1.493136 386.127594 482.899994 557.812683 611.017151 1.54 1.76 4.70 -4.34 1.82 17.36 -1.768978 0 0.9893
18 62 car 0 0 -1.866909 939.381104 466.669281 959.962646 494.196564 1.96 1.63 3.87 7.68 1.75 78.63 -1.768978 0 0.8269
19 24 car 0 0 -1.755386 671.697449 456.362427 944.367615 624.111633 1.67 1.95 5.03 0.27 1.55 15.28 -1.770196 0 0.9659
19 57 car 0 0 -2.133832 1256.955078 449.757416 1349.762085 499.702606 1.69 1.48 3.83 16.46 1.13 42.99 -1.770196 0 0.9892
19 74 car 0 0 -2.058318 1157.348511 461.550140 1238.418091 509.635864 1.96 2.00 4.97 13.64 1.58 48.76 -1.770196 0 0.7761
19 60 car 0 0 -2.083729 1194.103882 451.794556 1271.464600 495.008881 2.00 2.00 5.07 16.41 1.14 48.67 -1.770196 0 0.1182
19 54 car 0 0 -1.933077 998.083374 471.284454 1066.859253 523.872070 1.58 1.60 3.48 6.30 1.66 37.73 -1.770196 0 0.9943
19 75 car 0 0 -1.896608 968.191162 468.341278 1003.425232 511.972717 1.88 1.92 4.80 6.85 1.88 54.70 -1.770196 0 0.8516
19 27 car 0 0 -1.354659 169.041870 501.965027 378.577240 606.535889 1.63 1.83 4.70 -8.80 2.24 20.24 -1.770196 0 0.9882
19 43 car 0 0 -2.249293 1358.444946 494.439606 1596.311768 762.810059 1.53 1.89 4.76 4.38 1.59 6.19 -1.770196 0 0.9981
19 78 car 0 0 -1.915799 970.498596 467.838470 1050.104370 516.517639 1.83 1.82 4.53 6.61 1.73 48.49 -1.770196 0 0.8348
19 66 car 0 0 -2.262180 1396.970581 442.381714 1599.069580 533.876404 1.67 1.72 4.18 12.81 1.28 24.00 -1.770196 0 0.9504
19 48 car 0 0 -1.487539 321.967072 488.925568 603.492249 622.458191 1.54 1.76 4.70 -4.60 1.85 15.82 -1.770196 0 0.9973
19 62 car 0 0 -1.861436 928.071411 468.079437 954.355530 496.399506 1.96 1.63 3.87 7.50 1.91 77.72 -1.770196 0 0.8602
20 24 car 0 0 -1.803292 770.864502 459.279541 970.442871 604.613281 1.67 1.95 5.03 1.07 1.54 17.30 -1.768133 0 0.9894
20 57 car 0 0 -2.140244 1265.842285 450.581360 1365.264771 500.040283 1.69 1.48 3.83 16.53 1.11 41.91 -1.768133 0 0.9750
20 73 car 0 0 -1.675074 688.669678 465.805237 730.661560 508.465851 2.20 1.93 3.92 -7.01 2.46 74.28 -1.768133 0 0.0669
20 83 car 0 0 -1.876058 934.964844 466.820038 989.686646 506.050964 1.59 1.83 4.69 7.82 1.84 70.69 -1.768133 0 0.1548
20 74 car 0 0 -2.031490 1102.743896 457.388763 1225.999023 502.190979 1.96 2.00 4.97 13.73 1.58 47.68 -1.768133 0 0.2131
20 60 car 0 0 -2.100987 1202.548340 459.990021 1316.864746 498.807190 2.00 2.00 5.07 16.49 1.14 47.59 -1.768133 0 0.0847
20 84 car 0 0 -1.685236 703.329529 467.109985 741.661377 505.456238 2.44 2.06 4.39 -6.67 2.30 79.00 -1.768133 0 0.9213
20 54 car 0 0 -1.935399 999.834229 471.455536 1076.400391 525.170349 1.58 1.60 3.48 6.36 1.71 36.66 -1.768133 0 0.9929
20 75 car 0 0 -1.898923 971.128052 467.818298 1011.640259 512.633362 1.88 1.92 4.80 6.95 1.82 53.64 -1.768133 0 0.9414
20 27 car 0 0 -1.321742 126.497231 504.952789 327.458130 621.434814 1.63 1.83 4.70 -8.78 2.26 19.25 -1.768133 0 0.9815
20 71 car 0 0 -1.656344 665.561401 466.418030 706.341614 516.761230 2.00 1.97 5.18 -6.81 2.33 61.47 -1.768133 0 0.1139
20 78 car 0 0 -1.915279 976.317261 468.173859 1048.237671 517.520020 1.83 1.82 4.53 6.70 1.73 47.43 -1.768133 0 0.8246
20 66 car 0 0 -2.275800 1447.056885 437.940094 1600.000000 532.967468 1.67 1.72 4.18 12.84 1.20 22.92 -1.768133 0 0.9323
20 48 car 0 0 -1.427736 214.225494 497.378723 551.499573 643.299133 1.54 1.76 4.70 -4.85 1.84 14.21 -1.768133 0 0.9957
20 62 car 0 0 -1.866719 933.343628 468.447632 967.655334 501.895721 1.96 1.63 3.87 7.65 1.95 76.66 -1.768133 0 0.8544
21 64 car 0 0 -2.142651 1241.397827 450.276398 1398.581177 498.770264 2.00 1.87 4.84 19.51 1.06 47.10 -1.767471 0 0.1260
21 24 car 0 0 -1.831346 832.027161 462.045532 981.414001 585.312988 1.67 1.95 5.03 1.37 1.55 19.08 -1.767471 0 0.9947
21 57 car 0 0 -2.160752 1307.746826 449.560852 1385.003540 500.086151 1.69 1.48 3.83 16.56 1.09 40.52 -1.767471 0 0.9754
21 73 car 0 0 -1.672802 694.096436 473.833557 721.165039 509.541046 2.20 1.93 3.92 -6.95 2.49 72.93 -1.767471 0 0.3425
21 74 car 0 0 -2.043852 1119.687500 455.552734 1244.186035 505.242035 1.96 2.00 4.97 13.76 1.59 46.29 -1.767471 0 0.6058
21 60 car 0 0 -2.108554 1225.180664 460.915283 1317.383911 500.129730 2.00 2.00 5.07 16.52 1.16 46.20 -1.767471 0 0.0908
21 84 car 0 0 -1.681279 699.410645 470.074738 737.265381 507.118774 2.44 2.06 4.39 -6.60 2.38 77.63 -1.767471 0 0.9063
21 54 car 0 0 -1.943799 1013.513550 473.205170 1086.110962 526.516052 1.58 1.60 3.48 6.38 1.72 35.29 -1.767471 0 0.9947
21 75 car 0 0 -1.896116 968.924255 467.831451 1008.379089 513.894775 1.88 1.92 4.80 6.99 1.88 52.26 -1.767471 0 0.9096
21 27 car 0 0 -1.303168 55.108253 508.701019 343.201721 632.031189 1.63 1.83 4.70 -8.78 2.28 18.00 -1.767471 0 0.1133
21 71 car 0 0 -1.655465 668.401001 474.401215 702.950195 519.925598 2.00 1.97 5.18 -6.76 2.40 60.10 -1.767471 0 0.3107
21 78 car 0 0 -1.923192 986.359619 468.429413 1060.180420 521.453918 1.83 1.82 4.53 6.73 1.75 46.05 -1.767471 0 0.9571
21 66 car 0 0 -2.269404 1459.816650 424.612061 1568.485962 536.566284 1.67 1.72 4.18 12.84 1.29 21.54 -1.767471 0 0.3151
21 48 car 0 0 -1.355222 47.046997 499.779938 510.401306 678.487610 1.54 1.76 4.70 -5.03 1.87 12.55 -1.767471 0 0.9974
22 24 car 0 0 -1.849476 865.282593 464.601898 994.899170 573.803040 1.67 1.95 5.03 1.67 1.57 20.96 -1.767047 0 0.9922
22 57 car 0 0 -2.168015 1309.888184 450.470581 1405.510376 500.433350 1.69 1.48 3.83 16.53 1.09 39.11 -1.767047 0 0.9422
22 73 car 0 0 -1.666616 679.631470 471.024658 721.054443 515.289795 2.20 1.93 3.92 -6.98 2.57 71.52 -1.767047 0 0.1056
22 74 car 0 0 -2.073099 1190.567749 456.878571 1254.337158 509.238190 1.96 2.00 4.97 13.73 1.59 44.89 -1.767047 0 0.9349
22 60 car 0 0 -2.133210 1268.677246 454.260193 1345.295654 499.332520 2.00 2.00 5.07 16.49 1.16 44.79 -1.767047 0 0.5211
22 84 car 0 0 -1.682371 702.045654 469.373657 738.456421 509.927582 2.44 2.06 4.39 -6.63 2.51 76.23 -1.767047 0 0.9473
22 54 car 0 0 -1.948728 1016.488098 473.679596 1096.990234 532.162598 1.58 1.60 3.48 6.35 1.68 33.88 -1.767047 0 0.9882
22 75 car 0 0 -1.912021 988.590454 469.053101 1030.403564 520.362488 1.88 1.92 4.80 6.96 1.91 50.85 -1.767047 0 0.7952
22 71 car 0 0 -1.651224 657.631104 462.379486 704.031860 520.534851 2.00 1.97 5.18 -6.79 2.41 58.70 -1.767047 0 0.2992
22 66 car 0 0 -2.290411 1499.521973 440.599426 1599.496460 537.466858 1.67 1.72 4.18 12.81 1.26 20.13 -1.767047 0 0.9859
22 48 car 0 0 -1.322009 3.181685 507.687744 454.939301 714.623047 1.54 1.76 4.70 -5.25 1.90 10.86 -1.767047 0 0.9982
22 77 car 0 0 -1.928755 989.503906 468.945801 1072.423462 523.384155 1.86 1.99 4.93 6.59 1.74 38.81 -1.767047 0 0.9401
23 64 car 0 0 -2.165568 1294.238281 444.398132 1416.150146 501.094177 2.00 1.87 4.84 19.49 0.94 44.05 -1.766296 0 0.2562
23 24 car 0 0 -1.859982 887.751770 461.065918 1000.855530 559.261963 1.67 1.95 5.03 2.05 1.54 23.50 -1.766296 0 0.9932
23 57 car 0 0 -2.188255 1345.825806 442.288544 1432.185913 498.067688 1.69 1.48 3.83 16.53 0.96 37.44 -1.766296 0 0.9888
23 73 car 0 0 -1.669831 691.440247 473.396942 719.276611 512.000977 2.20 1.93 3.92 -6.94 2.56 69.87 -1.766296 0 0.2088
23 60 car 0 0 -2.122102 1233.161255 452.294281 1351.160767 500.379639 2.00 2.00 5.07 16.50 1.07 43.12 -1.766296 0 0.1442
23 84 car 0 0 -1.678474 696.090454 469.132721 736.468872 510.400696 2.44 2.06 4.39 -6.59 2.49 74.57 -1.766296 0 0.9423
23 80 car 0 0 -2.283018 1488.811523 432.334778 1588.104126 487.895966 1.92 1.80 4.44 21.57 0.83 36.97 -1.766296 0 0.9792
23 54 car 0 0 -1.957943 1027.960938 469.902252 1111.376587 531.889771 1.58 1.60 3.48 6.35 1.67 32.21 -1.766296 0 0.9946
23 75 car 0 0 -1.915266 996.955750 468.123718 1032.267944 517.971558 1.88 1.92 4.80 6.98 1.73 49.19 -1.766296 0 0.8119
23 27 car 0 0 -1.295062 1.825981 513.719421 374.684937 723.029785 1.63 1.83 4.70 -8.82 2.33 15.01 -1.766296 0 0.9986
23 66 car 0 0 -2.305855 1553.618164 452.412903 1600.000000 530.219971 1.67 1.72 4.18 12.80 1.17 18.46 -1.766296 0 0.5265
23 63 car 0 0 -1.405491 264.404785 487.219055 443.340698 592.764404 1.96 1.92 4.79 -8.44 2.15 21.62 -1.766296 0 0.9826
23 77 car 0 0 -1.936863 999.950439 466.216705 1084.793823 524.203735 1.86 1.99 4.93 6.60 1.67 37.15 -1.766296 0 0.9672
24 24 car 0 0 -1.860398 895.744690 464.662323 995.126343 551.004333 1.67 1.95 5.03 2.40 1.57 25.82 -1.765817 0 0.9821
24 57 car 0 0 -2.204055 1364.194092 440.686432 1463.193970 499.586487 1.69 1.48 3.83 16.48 0.99 35.56 -1.765817 0 0.9690
24 73 car 0 0 -1.662393 678.651306 475.662079 714.456055 515.504822 2.20 1.93 3.92 -6.99 2.69 67.99 -1.765817 0 0.1758
24 74 car 0 0 -2.088862 1192.934326 457.832611 1299.058472 508.624359 1.96 2.00 4.97 13.69 1.51 41.33 -1.765817 0 0.0588
24 60 car 0 0 -2.170691 1299.385986 444.750824 1427.578369 509.053711 2.00 2.00 5.07 16.45 1.09 41.23 -1.765817 0 0.3411
24 84 car 0 0 -1.674470 691.941895 470.762848 731.715027 512.356689 2.44 2.06 4.39 -6.64 2.60 72.69 -1.765817 0 0.9051
24 80 car 0 0 -2.293566 1516.107422 428.610077 1597.591187 487.982544 1.92 1.80 4.44 21.52 0.83 35.09 -1.765817 0 0.9717
24 54 car 0 0 -1.969449 1041.125854 470.143921 1129.447998 536.472778 1.58 1.60 3.48 6.30 1.68 30.33 -1.765817 0 0.9940
24 75 car 0 0 -1.912004 992.746704 467.510468 1029.353516 521.046814 1.88 1.92 4.80 6.93 1.82 47.30 -1.765817 0 0.9400
24 27 car 0 0 -1.255036 0.500717 529.817017 248.561371 761.355591 1.63 1.83 4.70 -8.86 2.34 13.07 -1.765817 0 0.9987
24 78 car 0 0 -1.939346 1006.233704 465.669922 1086.161011 526.530945 1.83 1.82 4.53 6.66 1.70 41.10 -1.765817 0 0.9768
24 63 car 0 0 -1.355533 159.228592 490.407196 404.078827 611.880981 1.96 1.92 4.79 -8.49 2.14 19.72 -1.765817 0 0.9806
25 24 car 0 0 -1.857779 893.606689 465.536682 987.956726 546.442566 1.67 1.95 5.03 2.50 1.62 28.15 -1.766881 0 0.9900
25 57 car 0 0 -2.222919 1390.285400 438.927216 1491.960693 500.726044 1.69 1.48 3.83 16.39 0.93 33.47 -1.766881 0 0.8965
25 73 car 0 0 -1.658330 668.391174 476.828766 711.723877 521.026062 2.20 1.93 3.92 -7.12 2.69 65.87 -1.766881 0 0.1048
25 74 car 0 0 -2.097935 1208.729004 450.362549 1305.639771 504.925354 1.96 2.00 4.97 13.59 1.49 39.24 -1.766881 0 0.5695
25 84 car 0 0 -1.670241 684.020996 474.590546 726.255127 515.065613 2.44 2.06 4.39 -6.77 2.63 70.57 -1.766881 0 0.8704
25 54 car 0 0 -1.984348 1056.702637 472.876404 1150.120850 539.739502 1.58 1.60 3.48 6.22 1.61 28.23 -1.766881 0 0.9960
25 75 car 0 0 -1.917705 991.045288 467.320099 1042.930908 522.384460 1.88 1.92 4.80 6.82 1.81 45.21 -1.766881 0 0.9166
25 94 car 0 0 -1.906766 986.021423 467.812622 1019.958740 516.776672 1.69 1.69 4.14 7.03 1.91 50.87 -1.766881 0 0.4340
25 63 car 0 0 -1.306862 61.896984 491.579010 349.810669 637.429871 1.96 1.92 4.79 -8.57 2.11 17.58 -1.766881 0 0.9173
25 77 car 0 0 -1.951753 1013.920898 465.715027 1107.826172 532.171875 1.86 1.99 4.93 6.46 1.72 33.16 -1.766881 0 0.9433
26 24 car 0 0 -1.854188 889.168579 470.452484 978.627136 544.664551 1.67 1.95 5.03 2.53 1.71 30.58 -1.768741 0 0.9911
26 57 car 0 0 -2.273737 1441.556885 445.347137 1596.746948 507.291412 1.69 1.48 3.83 16.25 1.06 31.17 -1.768741 0 0.9562
26 73 car 0 0 -1.654419 661.294495 482.422699 704.177979 527.737793 2.20 1.93 3.92 -7.34 2.83 63.51 -1.768741 0 0.0659
26 83 car 0 0 -1.890074 965.609192 476.950073 993.081726 513.552856 1.59 1.83 4.69 7.50 2.11 59.89 -1.768741 0 0.7532
26 74 car 0 0 -2.113684 1227.676636 446.792755 1325.790894 510.211517 1.96 2.00 4.97 13.44 1.60 36.93 -1.768741 0 0.8036
26 60 car 0 0 -2.168037 1272.250122 450.637299 1438.209717 506.638824 2.00 2.00 5.07 16.20 1.21 36.84 -1.768741 0 0.6733
26 84 car 0 0 -1.664801 676.722595 479.666321 715.077087 521.823608 2.44 2.06 4.39 -7.00 2.84 68.20 -1.768741 0 0.8000
26 54 car 0 0 -2.001869 1073.107666 477.541260 1175.017334 553.007446 1.58 1.60 3.48 6.09 1.68 25.88 -1.768741 0 0.9969
26 75 car 0 0 -1.926291 1000.824585 471.428162 1050.411377 530.339722 1.88 1.92 4.80 6.66 1.95 42.87 -1.768741 0 0.9071
26 71 car 0 0 -1.626189 614.244263 466.365265 679.311340 534.052612 2.00 1.97 5.18 -7.11 2.69 50.67 -1.768741 0 0.0928
26 94 car 0 0 -1.913010 988.536743 471.563080 1028.652222 521.713562 1.69 1.69 4.14 6.85 2.01 48.54 -1.768741 0 0.8335
26 63 car 0 0 -1.266708 0.317071 501.135620 277.407227 663.273193 1.96 1.92 4.79 -8.66 2.17 15.23 -1.768741 0 0.9608
26 77 car 0 0 -1.960268 1019.604675 469.071655 1119.421143 540.589539 1.86 1.99 4.93 6.33 1.81 30.83 -1.768741 0 0.9602
27 64 car 0 0 -2.250046 1388.610596 442.312073 1561.860352 514.073059 2.00 1.87 4.84 19.00 1.12 35.31 -1.772297 0 0.0586
27 57 car 0 0 -2.288854 1477.281006 439.499725 1599.087769 511.933716 1.69 1.48 3.83 16.09 1.14 28.61 -1.772297 0 0.9075
27 74 car 0 0 -2.143150 1251.132080 451.013214 1376.343384 518.495300 1.96 2.00 4.97 13.26 1.63 34.33 -1.772297 0 0.9403
27 60 car 0 0 -2.191250 1279.419556 446.466644 1489.555908 515.812073 2.00 2.00 5.07 16.02 1.25 34.29 -1.772297 0 0.2471
27 84 car 0 0 -1.661367 661.986023 483.107300 712.095459 523.150269 2.44 2.06 4.39 -7.30 2.97 65.56 -1.772297 0 0.1479
27 54 car 0 0 -2.023797 1089.953979 477.925873 1207.017090 562.201294 1.58 1.60 3.48 5.95 1.69 23.28 -1.772297 0 0.9955
27 75 car 0 0 -1.940049 1009.679504 473.484833 1067.808594 536.485474 1.88 1.92 4.80 6.46 2.03 40.28 -1.772297 0 0.9015
27 78 car 0 0 -1.954551 1028.183350 472.609863 1086.776733 542.760864 1.83 1.82 4.53 6.23 1.88 34.07 -1.772297 0 0.5019
27 62 car 0 0 -1.887838 957.692139 480.166290 986.282349 512.945068 1.96 1.63 3.87 7.03 2.30 63.33 -1.772297 0 0.9157
27 94 car 0 0 -1.918912 989.477661 472.881256 1033.715454 526.366333 1.69 1.69 4.14 6.62 2.06 45.94 -1.772297 0 0.9486
27 63 car 0 0 -1.236608 0.909474 504.544708 164.963852 679.115234 1.96 1.92 4.79 -8.76 2.22 12.59 -1.772297 0 0.9664
27 77 car 0 0 -1.975640 1031.987305 469.122955 1137.831177 546.493591 1.86 1.99 4.93 6.17 1.88 28.24 -1.772297 0 0.9361
28 64 car 0 0 -2.277286 1464.233521 456.307526 1563.415405 522.038452 2.00 1.87 4.84 18.85 1.28 32.85 -1.775553 0 0.0751
28 57 car 0 0 -2.303764 1521.632568 461.809326 1593.616211 524.494324 1.69 1.48 3.83 15.97 1.28 26.12 -1.775553 0 0.7439
28 73 car 0 0 -1.632383 624.250000 496.200928 667.723633 545.730530 2.20 1.93 3.92 -7.84 3.34 58.30 -1.775553 0 0.1089
28 74 car 0 0 -2.163434 1269.590210 450.315643 1407.332764 533.087280 1.96 2.00 4.97 13.12 1.77 31.83 -1.775553 0 0.8547
28 60 car 0 0 -2.261944 1409.994263 447.685150 1568.057251 531.508850 2.00 2.00 5.07 15.88 1.41 31.81 -1.775553 0 0.3136
28 84 car 0 0 -1.660992 662.597473 491.235779 702.267700 532.303528 2.44 2.06 4.39 -7.53 3.28 63.00 -1.775553 0 0.9156
28 54 car 0 0 -2.053701 1116.371216 486.948517 1252.285767 583.205200 1.58 1.60 3.48 5.84 1.91 20.76 -1.775553 0 0.9975
28 75 car 0 0 -1.953832 1021.606079 479.363800 1083.062988 550.759521 1.88 1.92 4.80 6.30 2.25 37.76 -1.775553 0 0.9773
28 94 car 0 0 -1.928387 997.579834 481.366821 1041.549438 539.190002 1.69 1.69 4.14 6.45 2.32 43.43 -1.775553 0 0.9495
28 77 car 0 0 -2.000011 1053.206909 475.531616 1172.015747 562.066040 1.86 1.99 4.93 6.04 1.97 25.71 -1.775553 0 0.9777
29 64 car 0 0 -2.299809 1490.543213 447.502655 1596.673950 512.265320 2.00 1.87 4.84 18.66 1.35 29.66 -1.779985 0 0.8947
29 74 car 0 0 -2.207082 1312.684448 451.169098 1480.830811 538.305176 1.96 2.00 4.97 12.93 1.79 28.60 -1.779985 0 0.9619
29 84 car 0 0 -1.648752 638.037354 491.534271 684.417297 537.602661 2.44 2.06 4.39 -7.86 3.28 59.68 -1.779985 0 0.9473
29 54 car 0 0 -2.096762 1150.112549 486.026794 1324.447021 607.167480 1.58 1.60 3.48 5.70 1.90 17.50 -1.779985 0 0.9957
29 75 car 0 0 -1.971789 1032.644531 485.541077 1107.101685 561.062927 1.88 1.92 4.80 6.08 2.22 34.47 -1.779985 0 0.9807
29 78 car 0 0 -1.984760 1007.713745 480.776825 1165.844849 560.624268 1.83 1.82 4.53 5.90 2.09 28.29 -1.779985 0 0.2358
29 94 car 0 0 -1.941754 1004.945251 484.822876 1057.136475 549.583008 1.69 1.69 4.14 6.20 2.32 40.16 -1.779985 0 0.9628
29 77 car 0 0 -2.027986 1069.754150 476.432434 1217.880493 580.040771 1.86 1.99 4.93 5.88 2.02 22.43 -1.779985 0 0.9865
30 73 car 0 0 -1.626240 606.578796 489.363892 651.401611 532.903564 2.20 1.93 3.92 -8.43 2.82 51.76 -1.782674 0 0.6596
30 74 car 0 0 -2.248492 1354.607910 439.243622 1558.186279 535.504700 1.96 2.00 4.97 12.74 1.51 25.45 -1.782674 0 0.9891
30 84 car 0 0 -1.640999 624.370911 478.990448 671.425842 529.159912 2.44 2.06 4.39 -8.17 2.76 56.45 -1.782674 0 0.8835
30 54 car 0 0 -2.159367 1209.699585 477.169830 1434.660767 622.772827 1.58 1.60 3.48 5.56 1.71 14.32 -1.782674 0 0.9975
30 75 car 0 0 -1.960983 1019.780823 472.255371 1084.965942 546.669495 1.88 1.92 4.80 5.87 1.95 31.26 -1.782674 0 0.9694
30 78 car 0 0 -1.996399 1052.480469 470.869141 1144.514893 558.206604 1.83 1.82 4.53 5.72 1.83 25.12 -1.782674 0 0.9853
30 77 car 0 0 -2.063893 1102.071533 462.353821 1274.916016 589.005127 1.86 1.99 4.93 5.72 1.85 19.24 -1.782674 0 0.9948
31 83 car 0 0 -1.913281 968.800598 484.492157 1010.295898 527.187073 1.59 1.83 4.69 6.29 2.13 44.96 -1.783931 0 0.9779
31 74 car 0 0 -2.287194 1433.812256 449.047516 1598.828003 524.213196 1.96 2.00 4.97 12.63 1.56 22.07 -1.783931 0 0.8935
31 54 car 0 0 -2.243616 1301.299072 479.327576 1592.302734 674.487183 1.58 1.60 3.48 5.47 1.74 10.92 -1.783931 0 0.9967
31 71 car 0 0 -1.569968 519.050964 489.334656 589.678101 559.699402 2.00 1.97 5.18 -8.16 2.65 35.49 -1.783931 0 0.9719
31 78 car 0 0 -2.027679 1076.229370 471.081818 1200.076172 575.342712 1.83 1.82 4.53 5.60 1.91 21.72 -1.783931 0 0.9949
31 62 car 0 0 -1.893769 946.126587 479.358887 983.374268 519.480713 1.96 1.63 3.87 6.01 2.22 50.99 -1.783931 0 0.9185
31 94 car 0 0 -1.959171 972.124634 475.571259 1124.686890 546.280945 1.69 1.69 4.14 5.83 2.07 33.59 -1.783931 0 0.0527
31 77 car 0 0 -2.117770 1143.617554 464.761536 1378.558105 612.697693 1.86 1.99 4.93 5.61 1.84 15.87 -1.783931 0 0.9930
32 73 car 0 0 -1.579361 523.109375 488.998383 603.790466 547.588928 2.20 1.93 3.92 -8.68 2.75 44.78 -1.786390 0 0.0671
32 83 car 0 0 -1.926340 978.456360 486.062195 1027.689941 531.321045 1.59 1.83 4.69 6.22 2.11 41.43 -1.786390 0 0.9733
32 84 car 0 0 -1.606032 563.533081 488.091003 632.768677 539.720520 2.44 2.06 4.39 -8.42 2.79 49.47 -1.786390 0 0.0967
32 54 car 0 0 -2.301105 1471.561157 486.766266 1598.710693 706.915710 1.58 1.60 3.48 5.41 1.63 7.41 -1.786390 0 0.9960
32 75 car 0 0 -2.007271 1055.111328 470.219482 1160.689941 565.752197 1.88 1.92 4.80 5.68 1.94 24.35 -1.786390 0 0.9920
32 71 car 0 0 -1.544093 475.457458 487.714264 558.446716 570.492676 2.00 1.97 5.18 -8.23 2.53 31.94 -1.786390 0 0.9699
32 78 car 0 0 -2.075104 1114.932617 467.432098 1282.447876 595.440979 1.83 1.82 4.53 5.54 1.83 18.16 -1.786390 0 0.9948
32 62 car 0 0 -1.903711 954.348755 476.551025 994.146667 521.644165 1.96 1.63 3.87 5.93 2.17 47.44 -1.786390 0 0.9323
32 77 car 0 0 -2.209422 1208.240112 458.662476 1573.005005 657.336426 1.86 1.99 4.93 5.55 1.73 12.34 -1.786390 0 0.9804
33 102 car 0 0 -1.886955 933.159607 472.044952 968.312073 511.522919 1.93 1.97 4.08 6.22 1.99 63.06 -1.788182 0 0.9338
33 83 car 0 0 -1.939876 984.197083 478.843567 1052.009521 529.673218 1.59 1.83 4.69 6.07 1.89 37.69 -1.788182 0 0.9895
33 84 car 0 0 -1.595443 543.096863 475.937256 621.076111 537.505798 2.44 2.06 4.39 -8.59 2.53 45.69 -1.788182 0 0.5213
33 75 car 0 0 -2.045751 1086.278076 459.507660 1226.930664 576.015503 1.88 1.92 4.80 5.56 1.83 20.61 -1.788182 0 0.9859
33 103 car 0 0 -1.861985 906.020691 474.641754 932.414246 502.442139 1.81 1.77 4.03 5.86 2.25 81.31 -1.788182 0 0.8731
33 71 car 0 0 -1.509876 415.036987 485.674469 522.229431 574.219849 2.00 1.97 5.18 -8.36 2.39 28.16 -1.788182 0 0.9621
33 78 car 0 0 -2.147819 1173.151611 458.434875 1422.112305 616.553894 1.83 1.82 4.53 5.44 1.74 14.40 -1.788182 0 0.9926
33 62 car 0 0 -1.912966 961.284729 470.712708 1006.186218 519.744019 1.96 1.63 3.87 5.77 1.97 43.69 -1.788182 0 0.9484
33 77 car 0 0 -2.259310 1333.731323 436.899231 1595.776001 724.180176 1.86 1.99 4.93 5.46 1.61 8.61 -1.788182 0 0.9941
34 73 car 0 0 -1.555603 494.419037 489.403015 567.123047 546.199097 2.20 1.93 3.92 -8.93 2.39 37.11 -1.787479 0 0.4798
34 102 car 0 0 -1.893483 940.952148 472.142059 978.831909 513.124451 1.93 1.97 4.08 6.17 1.92 59.17 -1.787479 0 0.9255
34 83 car 0 0 -1.956311 999.547058 477.780701 1080.725220 535.366272 1.59 1.83 4.69 5.98 1.84 33.83 -1.787479 0 0.9876
34 107 car 0 0 -1.702133 683.833740 477.996979 754.978088 541.474182 1.47 1.69 4.23 -3.10 1.94 34.16 -1.787479 0 0.9794
34 84 car 0 0 -1.571825 507.291870 478.569000 597.001221 541.104675 2.44 2.06 4.39 -8.68 2.42 41.80 -1.787479 0 0.1852
34 75 car 0 0 -2.103962 1134.326660 456.666016 1339.420288 597.148071 1.88 1.92 4.80 5.47 1.79 16.74 -1.787479 0 0.9930
34 103 car 0 0 -1.862050 904.194885 474.967651 936.176514 503.626282 1.81 1.77 4.03 5.81 2.07 77.56 -1.787479 0 0.9177
34 71 car 0 0 -1.464282 336.745575 485.641235 477.193878 586.775146 2.00 1.97 5.18 -8.46 2.29 24.27 -1.787479 0 0.9845
34 78 car 0 0 -2.236706 1261.505127 450.428070 1599.639893 680.927368 1.83 1.82 4.53 5.35 1.71 10.50 -1.787479 0 0.9868
34 62 car 0 0 -1.923808 972.090942 470.185425 1024.809326 524.968567 1.96 1.63 3.87 5.68 1.93 39.80 -1.787479 0 0.9774
34 94 car 0 0 -2.014944 1066.996460 474.025177 1166.159546 560.879822 1.69 1.69 4.14 5.55 1.74 22.40 -1.787479 0 0.9894
35 73 car 0 0 -1.523531 432.912323 479.513489 550.489380 561.366455 2.20 1.93 3.92 -8.90 2.35 32.39 -1.784732 0 0.5804
35 102 car 0 0 -1.904076 952.433228 467.364319 1001.200989 516.254150 1.93 1.97 4.08 6.32 1.74 54.40 -1.784732 0 0.9393
35 83 car 0 0 -1.983953 1025.896484 475.293732 1133.163208 541.233948 1.59 1.83 4.69 6.00 1.72 29.06 -1.784732 0 0.9929
35 107 car 0 0 -1.666412 624.061646 481.798645 731.256409 564.545044 1.47 1.69 4.23 -3.00 1.82 25.85 -1.784732 0 0.9888
35 84 car 0 0 -1.560753 503.022003 475.562714 579.368591 547.633362 2.44 2.06 4.39 -8.64 2.32 37.08 -1.784732 0 0.8247
35 108 car 0 0 -1.872560 901.966553 469.445709 971.839905 505.098267 1.65 1.86 4.17 6.28 1.86 67.05 -1.784732 0 0.1253
35 75 car 0 0 -2.221253 1237.052979 438.288177 1585.089966 655.116333 1.88 1.92 4.80 5.43 1.67 11.97 -1.784732 0 0.9454
35 103 car 0 0 -1.863680 908.278992 471.292603 943.123108 501.532928 1.81 1.77 4.03 5.96 1.86 72.73 -1.784732 0 0.9454
35 71 car 0 0 -1.377336 172.548401 485.629913 399.350983 621.123413 2.00 1.97 5.18 -8.47 2.23 19.55 -1.784732 0 0.9906
35 62 car 0 0 -1.944649 989.063965 464.480316 1068.253906 529.275085 1.96 1.63 3.87 5.72 1.75 35.03 -1.784732 0 0.9636
35 94 car 0 0 -2.074963 1127.366089 466.291351 1274.150146 588.428894 1.69 1.69 4.14 5.53 1.65 17.63 -1.784732 0 0.9931
36 73 car 0 0 -1.486279 384.605865 475.300873 500.522003 569.946350 2.20 1.93 3.92 -8.96 2.30 29.15 -1.783715 0 0.9192
36 102 car 0 0 -1.911944 960.863525 467.325226 1015.377808 516.890869 1.93 1.97 4.08 6.30 1.71 51.15 -1.783715 0 0.9576
36 83 car 0 0 -2.006030 1047.203491 473.719940 1172.373047 549.856812 1.59 1.83 4.69 5.93 1.67 25.81 -1.783715 0 0.9967
36 107 car 0 0 -1.624669 551.889832 484.232269 699.382446 591.135559 1.47 1.69 4.23 -2.99 1.76 19.05 -1.783715 0 0.9980
36 84 car 0 0 -1.540353 475.186859 473.082947 555.883179 551.743164 2.44 2.06 4.39 -8.70 2.30 33.84 -1.783715 0 0.8938
36 108 car 0 0 -1.884491 939.662109 473.078613 966.879211 507.929779 1.65 1.86 4.17 6.28 1.87 63.80 -1.783715 0 0.2102
36 75 car 0 0 -2.262072 1352.403320 432.259125 1600.000000 716.366272 1.88 1.92 4.80 5.36 1.62 8.72 -1.783715 0 0.9461
36 103 car 0 0 -1.866082 909.569580 470.304108 950.456116 501.909088 1.81 1.77 4.03 5.92 1.89 69.20 -1.783715 0 0.9675
36 71 car 0 0 -1.298698 12.546703 483.747437 320.153046 651.292297 2.00 1.97 5.18 -8.53 2.18 16.31 -1.783715 0 0.9875
36 62 car 0 0 -1.956473 998.338867 461.683716 1092.061768 533.167908 1.96 1.63 3.87 5.66 1.71 31.80 -1.783715 0 0.9701
36 94 car 0 0 -2.144892 1184.591309 464.154114 1415.077271 610.900757 1.69 1.69 4.14 5.46 1.66 14.38 -1.783715 0 0.9956
37 112 car 0 0 -1.959333 1023.020386 466.997192 1079.126343 542.696594 1.86 1.69 4.21 6.01 2.01 33.94 -1.782029 0 0.1213
37 73 car 0 0 -1.441210 303.176300 476.440674 461.356415 590.307922 2.20 1.93 3.92 -8.97 2.35 25.09 -1.782029 0 0.9053
37 102 car 0 0 -1.928673 982.725647 475.157593 1040.540527 530.989746 1.93 1.97 4.08 6.39 1.98 47.05 -1.782029 0 0.9237
37 83 car 0 0 -2.045077 1081.123169 480.980438 1246.785767 573.361511 1.59 1.83 4.69 5.92 1.82 21.72 -1.782029 0 0.9979
37 107 car 0 0 -1.511519 342.994324 488.033356 615.351685 672.416077 1.47 1.69 4.23 -3.06 1.76 11.71 -1.782029 0 0.9986
37 108 car 0 0 -1.882833 921.557922 474.883698 985.052551 513.203979 1.65 1.86 4.17 6.30 2.22 59.70 -1.782029 0 0.3167
37 103 car 0 0 -1.868458 916.461060 476.872864 953.813965 509.187897 1.81 1.77 4.03 6.15 2.22 65.28 -1.782029 0 0.9304
37 71 car 0 0 -1.251916 1.803820 482.006500 182.900604 663.633118 2.00 1.97 5.18 -8.55 2.14 12.24 -1.782029 0 0.9775
37 62 car 0 0 -1.980182 1025.659546 468.152435 1130.615479 547.189453 1.96 1.63 3.87 5.66 1.92 27.74 -1.782029 0 0.9729
37 94 car 0 0 -2.238470 1294.429321 465.422150 1589.068970 689.677734 1.69 1.69 4.14 5.43 1.73 10.29 -1.782029 0 0.9928
38 112 car 0 0 -1.983642 1016.689697 452.418457 1149.290527 533.857910 1.86 1.69 4.21 5.79 1.63 29.83 -1.781769 0 0.6642
38 73 car 0 0 -1.387599 222.015305 479.245911 388.977386 597.295410 2.20 1.93 3.92 -9.14 2.34 20.94 -1.781769 0 0.7410
38 102 car 0 0 -1.936969 994.320251 460.250275 1050.881958 523.087463 1.93 1.97 4.08 6.17 1.56 42.93 -1.781769 0 0.9677
38 83 car 0 0 -2.101178 1133.746704 465.576843 1348.126587 578.810730 1.59 1.83 4.69 5.75 1.57 17.60 -1.781769 0 0.9981
38 116 car 0 0 -1.960914 1023.391418 460.167358 1083.521606 530.995056 1.79 1.96 4.16 5.90 1.42 34.89 -1.781769 0 0.9909
38 107 car 0 0 -1.295502 0.000000 505.794769 328.698547 886.393433 1.47 1.69 4.23 -3.32 1.71 4.30 -1.781769 0 0.9967
38 84 car 0 0 -1.466744 359.290283 470.348083 477.361816 577.554321 2.44 2.06 4.39 -8.89 2.24 25.61 -1.781769 0 0.9156
38 108 car 0 0 -1.887255 942.317993 468.781403 976.151306 504.745575 1.65 1.86 4.17 6.26 1.62 55.76 -1.781769 0 0.9035
38 103 car 0 0 -1.874352 921.561401 465.718231 964.258606 501.258636 1.81 1.77 4.03 5.97 1.65 61.33 -1.781769 0 0.9526
38 62 car 0 0 -2.011738 1058.050415 451.462555 1181.721680 548.872192 1.96 1.63 3.87 5.48 1.63 23.63 -1.781769 0 0.9853
39 73 car 0 0 -1.330853 25.607605 479.461426 421.063660 642.792053 2.20 1.93 3.92 -9.13 2.44 16.83 -1.779606 0 0.6550
39 83 car 0 0 -2.190275 1211.583130 483.801971 1532.609741 632.579468 1.59 1.83 4.69 5.76 1.76 13.42 -1.779606 0 0.9989
39 116 car 0 0 -1.988196 1049.309082 471.626740 1134.230225 557.895203 1.79 1.96 4.16 5.90 1.78 30.77 -1.779606 0 0.9898
39 84 car 0 0 -1.382288 181.985962 481.958771 419.740051 616.118042 2.44 2.06 4.39 -8.85 2.33 21.50 -1.779606 0 0.4513
39 62 car 0 0 -2.060061 1101.920044 461.068970 1272.993286 585.879028 1.96 1.63 3.87 5.53 1.83 19.47 -1.779606 0 0.9916
