3 11 car 0 0 -1.507696 585.294739 453.607910 747.709900 520.199707 1.98 2.38 5.33 -5.01 1.42 38.02 -1.634788 0 0.9855
4 11 car 0 0 -1.552006 632.518860 450.818817 802.575867 516.901733 1.98 2.38 5.33 -3.24 1.37 35.34 -1.638824 0 0.9904
5 11 car 0 0 -1.611471 691.887146 455.896362 872.315186 532.356506 1.98 2.38 5.33 -1.40 1.53 32.44 -1.646966 0 0.9835
6 11 car 0 0 -1.704104 756.027954 448.174622 973.677307 531.162109 1.98 2.38 5.33 0.96 1.40 29.25 -1.673571 0 0.9858
7 11 car 0 0 -1.824127 857.402405 466.606842 1103.060791 558.061218 1.98 2.38 5.33 3.36 1.81 26.37 -1.702097 0 0.9797
8 11 car 0 0 -1.970177 1015.878235 452.620911 1289.996582 554.487244 1.98 2.38 5.33 6.30 1.59 23.78 -1.715347 0 0.9876
9 11 car 0 0 -2.125490 1243.091675 445.784943 1483.609741 562.196960 1.98 2.38 5.33 9.87 1.62 21.13 -1.720704 0 0.9846
10 15 car 0 0 -1.383761 251.929520 456.805176 507.691925 534.600952 1.60 2.12 4.98 -8.46 1.34 24.55 -1.726320 0 0.9976
10 11 car 0 0 -2.253469 1524.097412 453.284698 1587.588501 564.416748 1.98 2.38 5.33 13.48 1.68 18.72 -1.726320 0 0.8706
11 15 car 0 0 -1.462392 345.722412 456.575439 623.939209 539.830505 1.60 2.12 4.98 -5.79 1.29 22.31 -1.728705 0 0.9987
12 15 car 0 0 -1.571016 471.080139 459.309113 778.445190 555.023254 1.60 2.12 4.98 -3.08 1.33 20.23 -1.730742 0 0.9989
13 14 car 0 0 -2.254075 1488.045532 475.392914 1599.046265 550.824280 1.52 2.38 4.89 12.74 1.24 19.29 -1.734288 0 0.9960
13 15 car 0 0 -1.721597 635.106750 461.291321 986.266479 568.717957 1.60 2.12 4.98 -0.16 1.43 18.27 -1.734288 0 0.9989
14 14 car 0 0 -2.214733 1319.674805 445.572784 1599.701172 543.968994 1.52 2.38 4.89 10.06 1.07 19.18 -1.746821 0 0.9987
14 15 car 0 0 -1.917579 840.028870 455.988037 1245.212769 574.993835 1.60 2.12 4.98 2.62 1.38 16.59 -1.746821 0 0.9992
15 15 car 0 0 -2.147157 1110.678711 448.641388 1558.185547 572.649475 1.60 2.12 4.98 6.12 1.28 15.13 -1.762036 0 0.9996
16 14 car 0 0 -1.941893 881.318542 441.359741 1192.810181 539.370544 1.52 2.38 4.89 3.03 1.07 19.69 -1.775444 0 0.9991
16 15 car 0 0 -2.277998 1430.327881 433.562561 1600.000000 566.462402 1.60 2.12 4.98 9.74 1.11 14.00 -1.775444 0 0.9982
17 14 car 0 0 -1.768931 660.725952 443.832275 954.506287 539.942932 1.52 2.38 4.89 -0.37 1.13 20.17 -1.784073 0 0.9990
18 14 car 0 0 -1.600937 456.419159 448.074127 721.547485 543.735352 1.52 2.38 4.89 -4.00 1.24 20.94 -1.788368 0 0.9980
19 14 car 0 0 -1.453448 254.867157 454.103363 524.926758 547.869934 1.52 2.38 4.89 -7.55 1.36 21.81 -1.788847 0 0.9932
19 21 car 0 0 -1.258844 0.000000 424.543304 185.077499 581.328857 2.23 2.56 5.64 -12.15 1.64 18.17 -1.788847 0 0.9807
20 21 car 0 0 -1.331340 0.000000 417.759521 419.091339 580.892944 2.23 2.56 5.64 -8.42 1.54 17.40 -1.788991 0 0.8907
21 14 car 0 0 -1.252310 2.705721 469.166809 160.085709 548.424927 1.52 2.38 4.89 -14.84 1.56 23.65 -1.788909 0 0.9958
21 21 car 0 0 -1.503684 235.735977 409.886566 682.740967 577.576538 2.23 2.56 5.64 -4.66 1.44 16.65 -1.788909 0 0.8357
22 21 car 0 0 -1.721113 497.946625 398.516327 985.206970 581.939758 2.23 2.56 5.64 -0.89 1.35 15.90 -1.788865 0 0.8209
23 18 car 0 0 -2.302880 1470.913086 429.379456 1597.148926 542.400269 2.00 1.97 4.59 11.33 1.09 16.94 -1.788833 0 0.9986
23 21 car 0 0 -1.984574 826.801147 392.441406 1323.188721 583.280334 2.23 2.56 5.64 2.87 1.25 15.16 -1.788833 0 0.8098
24 22 car 0 0 -1.241194 0.000000 469.458710 124.794907 575.391296 1.55 1.98 4.33 -12.42 1.61 18.40 -1.788919 0 0.9984
24 18 car 0 0 -2.205747 1162.602051 384.622894 1600.000000 565.753723 2.00 1.97 4.59 7.64 1.17 17.82 -1.788919 0 0.8813
25 22 car 0 0 -1.321790 30.886061 466.116180 358.559113 577.715515 1.55 1.98 4.33 -8.79 1.56 17.51 -1.788917 0 0.9990
25 18 car 0 0 -2.014446 938.895020 423.547821 1289.152222 543.565430 2.00 1.97 4.59 3.94 1.24 18.70 -1.788917 0 0.9977
25 21 car 0 0 -2.309955 1492.121460 367.896149 1599.135986 560.402710 2.23 2.56 5.64 10.50 1.06 13.72 -1.788917 0 0.4451
26 22 car 0 0 -1.493489 274.322266 460.122406 616.349915 576.756042 1.55 1.98 4.33 -4.86 1.40 16.62 -1.788902 0 0.9993
26 18 car 0 0 -1.803491 689.479492 425.858307 1000.254822 546.032104 2.00 1.97 4.59 0.24 1.31 19.58 -1.788902 0 0.9979
27 22 car 0 0 -1.704597 545.093262 452.574005 896.192566 577.303833 1.55 1.98 4.33 -1.19 1.32 15.89 -1.788963 0 0.9993
27 18 car 0 0 -1.601810 469.355438 435.637207 709.333374 549.243042 2.00 1.97 4.59 -3.25 1.40 20.40 -1.788963 0 0.9931
27 23 car 0 0 -2.266611 1354.408203 431.995422 1595.745361 539.567322 1.49 2.04 4.63 9.60 1.01 17.47 -1.788963 0 0.9933
28 22 car 0 0 -1.953265 846.058289 447.359375 1222.554443 576.904663 1.55 1.98 4.33 2.48 1.24 15.17 -1.788958 0 0.9995
28 18 car 0 0 -1.463300 266.136536 440.494843 540.936829 547.709717 2.00 1.97 4.59 -6.75 1.44 21.23 -1.788958 0 0.9891
28 23 car 0 0 -2.131799 1127.350464 441.214417 1420.174072 544.811401 1.49 2.04 4.63 5.87 1.11 18.27 -1.788958 0 0.9960
29 22 car 0 0 -2.202414 1165.736816 441.918274 1586.827026 574.125977 1.55 1.98 4.33 6.15 1.17 14.45 -1.788940 0 0.9996
29 18 car 0 0 -1.350459 124.485092 454.265198 353.734680 565.312073 2.00 1.97 4.59 -10.38 1.54 21.96 -1.788940 0 0.8645
29 23 car 0 0 -1.905236 817.253174 446.391235 1128.637939 545.282898 1.49 2.04 4.63 2.14 1.13 19.07 -1.788940 0 0.9982
29 25 car 0 0 -1.304201 4.362480 465.141327 329.226105 587.893860 1.48 1.89 4.49 -8.46 1.48 16.29 -1.788940 0 0.9987
30 22 car 0 0 -2.312151 1501.211914 439.896423 1597.195435 560.269836 1.55 1.98 4.33 9.89 1.10 13.73 -1.788970 0 0.9982
30 18 car 0 0 -1.254065 0.000000 447.618286 168.532379 550.015991 2.00 1.97 4.59 -14.02 1.73 22.69 -1.788970 0 0.9814
30 23 car 0 0 -1.711864 591.296448 450.550507 868.296753 546.783630 1.49 2.04 4.63 -1.52 1.20 19.88 -1.788970 0 0.9982
30 25 car 0 0 -1.507565 280.066345 460.865448 648.793335 588.878845 1.48 1.89 4.49 -4.41 1.39 15.66 -1.788970 0 0.9991
31 24 car 0 0 -2.233931 1248.034546 432.790466 1600.000000 540.753967 1.61 2.15 4.71 8.69 1.09 17.69 -1.788958 0 0.9992
31 23 car 0 0 -1.527713 358.572876 457.176422 624.711670 548.734741 1.49 2.04 4.63 -5.17 1.26 20.70 -1.788958 0 0.9972
31 25 car 0 0 -1.754644 596.304138 457.777008 970.859192 584.255310 1.48 1.89 4.49 -0.35 1.29 15.02 -1.788958 0 0.9994
32 23 car 0 0 -1.390640 162.463882 463.411621 436.291687 552.052979 1.49 2.04 4.63 -8.83 1.38 21.51 -1.788966 0 0.9983
32 25 car 0 0 -2.030196 919.399719 446.427795 1350.211182 584.596252 1.48 1.89 4.49 3.52 1.20 14.42 -1.788966 0 0.9996
33 24 car 0 0 -1.797627 684.249268 443.209747 990.696350 544.641541 1.61 2.15 4.71 0.31 1.21 19.52 -1.788939 0 0.9990
33 23 car 0 0 -1.285232 0.000000 468.289185 272.262238 554.139282 1.49 2.04 4.63 -12.49 1.49 22.33 -1.788939 0 0.9962
33 25 car 0 0 -2.241574 1271.686401 438.383636 1600.000000 579.446594 1.48 1.89 4.49 7.39 1.11 13.82 -1.788939 0 0.9993
34 24 car 0 0 -1.597225 429.558777 448.864502 737.242065 547.452881 1.61 2.15 4.71 -3.82 1.32 20.39 -1.788953 0 0.9993
34 23 car 0 0 -1.224793 0.206311 470.791931 67.508125 547.503418 1.49 2.04 4.63 -16.15 1.50 23.15 -1.788953 0 0.9921
35 24 car 0 0 -1.428027 208.300858 458.952820 499.003448 551.626221 1.61 2.15 4.71 -7.80 1.44 21.20 -1.788987 0 0.9985
36 24 car 0 0 -1.294494 10.079327 466.156525 292.204895 554.039673 1.61 2.15 4.71 -11.61 1.59 22.03 -1.788964 0 0.9988
37 28 car 0 0 -1.255622 0.000000 452.860016 173.913910 578.171143 2.26 2.02 4.78 -11.72 1.62 18.01 -1.788936 0 0.9947
38 28 car 0 0 -1.352994 47.609108 441.906555 438.293823 577.320862 2.26 2.02 4.78 -7.90 1.50 17.20 -1.788959 0 0.9856
39 28 car 0 0 -1.553537 328.721558 430.107239 723.488953 575.232483 2.26 2.02 4.78 -3.79 1.40 16.36 -1.788937 0 0.9756
40 28 car 0 0 -1.794036 632.014343 419.019714 1033.798218 575.204529 2.26 2.02 4.78 0.32 1.31 15.52 -1.788993 0 0.9667
