0.000000 0.764877 0.782776 0.786034
0.025000 0.764877 0.782776 0.786034
0.050000 0.764877 0.782776 0.786034
0.075000 0.764877 0.782776 0.786034
0.100000 0.764877 0.782776 0.786034
0.125000 0.764877 0.782776 0.786034
0.150000 0.764877 0.782776 0.786034
0.175000 0.764877 0.782776 0.786034
0.200000 0.764877 0.782776 0.706339
0.225000 0.764877 0.782776 0.706339
0.250000 0.764877 0.699705 0.706339
0.275000 0.764877 0.699705 0.706339
0.300000 0.764877 0.699705 0.706339
0.325000 0.764877 0.699705 0.706339
0.350000 0.764877 0.699705 0.706339
0.375000 0.764877 0.699705 0.706339
0.400000 0.764877 0.699705 0.669781
0.425000 0.764877 0.699705 0.669781
0.450000 0.651275 0.699705 0.669781
0.475000 0.651275 0.699705 0.646236
0.500000 0.651275 0.660766 0.646236
0.525000 0.651275 0.660766 0.628442
0.550000 0.651275 0.660766 0.628442
0.575000 0.651275 0.660766 0.603567
0.600000 0.651275 0.660766 0.586619
0.625000 0.651275 0.635451 0.570241
0.650000 0.651275 0.635451 0.526740
0.675000 0.651275 0.616639 0.362893
0.700000 0.651275 0.616639 0.274178
0.725000 0.605724 0.601685 0.000000
0.750000 0.605724 0.580492 0.000000
0.775000 0.605724 0.566824 0.000000
0.800000 0.605724 0.547131 0.000000
0.825000 0.584023 0.494158 0.000000
0.850000 0.569232 0.255203 0.000000
0.875000 0.559111 0.000000 0.000000
0.900000 0.542487 0.000000 0.000000
0.925000 0.513398 0.000000 0.000000
0.950000 0.268578 0.000000 0.000000
0.975000 0.000000 0.000000 0.000000
1.000000 0.000000 0.000000 0.000000

AP: 64.369597 57.751991 47.370548
