0.000000 0.844969 0.884298 0.890331
0.025000 0.844969 0.884298 0.890331
0.050000 0.844969 0.884298 0.890331
0.075000 0.844969 0.884298 0.890331
0.100000 0.844969 0.884298 0.890331
0.125000 0.844969 0.884298 0.890331
0.150000 0.844969 0.884298 0.890331
0.175000 0.844969 0.884298 0.890331
0.200000 0.844969 0.884298 0.815013
0.225000 0.844969 0.884298 0.815013
0.250000 0.844969 0.804615 0.815013
0.275000 0.844969 0.804615 0.815013
0.300000 0.844969 0.804615 0.815013
0.325000 0.844969 0.804615 0.815013
0.350000 0.844969 0.804615 0.815013
0.375000 0.844969 0.804615 0.815013
0.400000 0.844969 0.804615 0.776505
0.425000 0.844969 0.804615 0.776505
0.450000 0.725609 0.804615 0.776505
0.475000 0.725609 0.804615 0.751180
0.500000 0.725609 0.763757 0.751180
0.525000 0.725609 0.763757 0.732239
0.550000 0.725609 0.763757 0.732239
0.575000 0.725609 0.763757 0.706377
0.600000 0.725609 0.763757 0.688514
0.625000 0.725609 0.736538 0.670116
0.650000 0.725609 0.736538 0.620440
0.675000 0.725609 0.716307 0.429299
0.700000 0.725609 0.716307 0.324805
0.725000 0.677487 0.701095 0.000000
0.750000 0.677487 0.678341 0.000000
0.775000 0.677487 0.663199 0.000000
0.800000 0.677487 0.640504 0.000000
0.825000 0.653886 0.579599 0.000000
0.850000 0.637620 0.299850 0.000000
0.875000 0.626667 0.000000 0.000000
0.900000 0.608951 0.000000 0.000000
0.925000 0.576634 0.000000 0.000000
0.950000 0.302027 0.000000 0.000000
0.975000 0.000000 0.000000 0.000000
1.000000 0.000000 0.000000 0.000000

AP: 71.480165 66.283393 54.582089
